#objectID mag0 amp ra dec
872042 13.75 0.17 191.666111 -13.098366
578356 13.75 0.38 189.212875 67.150166
742269 13.87 0.73 219.165853 12.175713
675095 13.94 0.29 136.500272 39.466239
591778 13.95 0.35 238.278801 2.690163
830749 13.95 0.24 133.885957 14.544754
738090 13.96 0.21 243.109756 32.540559
1303450 13.96 0.23 179.475655 50.870173
822875 13.98 0.35 183.468462 26.807477
1289831 13.99 0.31 205.750739 8.396305
718204 14.04 0.25 124.597291 26.606751
1177797 14.05 0.23 145.039331 57.459515
1235645 14.06 0.27 125.461413 46.713372
1290156 14.07 0.41 210.880674 8.512056
626633 14.09 0.37 166.355705 59.641243
665903 14.09 0.34 146.237118 47.508585
1286726 14.11 0.42 148.931977 35.110800
643928 14.12 0.39 242.627735 3.623401
803370 14.13 0.33 243.518619 53.373755
1275642 14.15 0.35 238.494703 7.401720
669507 14.17 0.20 229.815245 39.164731
798852 14.17 0.46 207.006451 29.194951
565783 14.17 0.16 160.221448 -2.056607
672332 14.19 0.33 175.265774 52.399083
867206 14.19 0.37 187.231990 16.750651
563221 14.19 0.29 172.082784 -2.801378
853251 14.19 0.35 205.157944 16.108472
1269056 14.20 0.30 168.384424 11.330193
793465 14.21 0.41 226.881213 25.051945
669330 14.22 0.25 187.533480 49.086060
795887 14.25 0.26 243.686258 14.948138
795907 14.25 0.31 245.256040 14.338574
733113 14.26 0.36 205.758193 8.098093
588515 14.26 0.44 217.875223 3.407875
627131 14.26 0.29 254.218069 42.272154
1239429 14.26 0.24 234.795103 54.652958
1288802 14.27 0.28 238.608630 37.666304
1288253 14.28 0.20 236.073807 38.698623
575752 14.29 0.44 260.501920 57.485592
572431 14.29 0.24 127.998758 50.241832
634204 14.30 0.33 201.028078 -2.991242
795934 14.30 0.23 246.948373 13.736475
750481 14.31 0.52 250.442986 17.351276
873730 14.31 0.43 173.633769 -5.642401
1255442 14.31 0.33 228.245608 55.222063
617048 14.31 0.41 128.206701 43.267226
1271651 14.32 0.25 178.757638 43.734063
1266766 14.33 0.33 158.619086 39.255444
1241486 14.33 0.33 183.088871 6.188250
1289906 14.34 0.37 218.267868 7.461179
627134 14.34 0.31 255.684232 40.350835
1256021 14.34 0.32 267.784047 50.504286
583703 14.34 0.32 261.479306 60.182963
825390 14.35 0.29 154.911441 26.384907
880489 14.35 0.17 215.457195 -19.849633
586661 14.37 0.22 161.238916 2.381388
590747 14.37 0.25 212.488431 1.441413
742169 14.38 0.20 205.042486 13.754306
588319 14.38 0.28 213.076959 3.079881
1298493 14.38 0.20 132.705622 16.310414
739922 14.40 0.36 233.506866 32.254856
788082 14.40 0.39 245.832384 18.640120
772745 14.41 0.35 185.366766 36.272543
1290528 14.41 0.34 240.404153 5.145867
1255421 14.43 0.36 224.528144 56.505076
592625 14.43 0.32 224.978880 4.740566
710181 14.44 0.36 140.839022 38.643487
832017 14.44 0.10 191.680896 28.469354
740094 14.44 0.27 243.886126 24.676951
742019 14.44 0.32 209.175899 12.911646
1314814 14.45 0.26 190.603784 -0.200878
786510 14.45 0.38 134.812155 23.872763
801654 14.46 0.22 221.053887 20.611423
858720 14.46 0.10 161.662780 15.054493
801099 14.47 0.35 236.145017 21.583899
580953 14.47 0.42 242.003484 51.186810
696066 14.47 0.37 238.113225 39.924211
742459 14.47 0.29 218.197422 12.785152
637117 14.47 0.36 227.834902 -2.073256
800882 14.48 0.35 244.487376 17.315588
588815 14.48 0.46 229.351028 2.073336
582989 14.48 0.20 131.837710 55.781827
624663 14.48 0.22 202.504548 3.927747
826681 14.49 0.30 194.213336 28.176409
1282766 14.49 0.28 195.877915 42.285597
1301294 14.50 0.41 132.574686 33.556016
799128 14.51 0.21 219.641125 23.337841
1292994 14.52 0.29 134.677779 17.660417
592402 14.53 0.31 231.345772 3.984100
760929 14.54 0.36 131.690926 61.729526
629286 14.54 0.40 256.755433 30.452732
851403 14.54 0.22 214.331120 15.607529
855968 14.55 0.56 231.658033 11.853466
778652 14.55 0.26 223.368978 30.486704
724202 14.55 0.33 147.317104 36.052599
584186 14.55 0.35 186.336272 1.548481
1280866 14.55 0.39 206.582911 51.406654
792210 14.56 0.46 193.697237 31.279211
855565 14.57 0.69 225.026706 12.813455
1272384 14.57 0.29 164.982687 43.250662
1288854 14.59 0.42 242.781290 34.624953
562936 14.60 0.21 195.806769 -1.372802
589632 14.60 0.34 163.311284 1.200379
583706 14.61 0.47 261.659559 59.820111
788829 14.61 0.33 184.571027 33.665547
698800 14.63 0.11 243.352976 41.163446
587414 14.63 0.33 145.818203 2.404366
625141 14.63 0.47 214.447075 3.780860
585631 14.64 0.42 182.279349 2.825977
1243760 14.64 0.50 193.321681 65.910066
630271 14.65 0.20 260.367726 28.009203
848890 14.67 0.33 248.644195 8.722361
860520 14.68 0.15 179.766038 17.006203
748579 14.68 0.16 244.473586 20.837204
796352 14.69 0.32 235.966163 20.320054
797593 14.69 0.40 239.863165 17.965309
841180 14.70 0.34 186.428143 22.090941
878487 14.70 0.11 189.759210 -17.447650
634226 14.71 0.43 202.754589 -2.432726
1282211 14.72 0.20 215.639338 37.715697
560927 14.73 0.34 237.648949 0.542937
946872 14.73 0.37 210.841252 -10.285397
707035 14.73 0.12 184.277667 8.952110
1306749 14.73 0.33 191.208882 -0.844359
633224 14.74 0.44 207.080778 -2.123719
633637 14.74 0.40 207.220239 -3.214271
876389 14.74 0.10 157.608794 15.139744
793446 14.75 0.20 224.507407 25.885982
559379 14.75 0.39 237.619970 0.070303
734393 14.75 0.38 232.209382 7.006944
628807 14.76 0.38 229.648569 2.248053
671848 14.76 0.46 193.669186 51.672709
853953 14.78 0.34 191.344781 19.185725
699903 14.78 0.41 240.940796 45.008503
1300364 14.78 0.33 173.831519 49.233287
834965 14.79 0.18 223.924503 16.890156
743829 14.79 0.34 240.820781 30.151477
879617 14.79 0.37 191.649801 -17.554158
559334 14.79 0.25 232.152833 0.191225
853203 14.80 0.35 194.314980 16.906448
736893 14.80 0.31 247.293498 29.677273
743059 14.80 0.30 235.697579 8.974470
1280888 14.80 0.16 217.554001 48.818484
1290840 14.81 0.33 213.584590 8.674819
1266502 14.81 0.32 143.487205 33.873639
947307 14.81 0.39 169.624835 -0.764479
860537 14.81 0.28 183.042848 16.946903
565559 14.82 0.29 195.229985 -2.974645
778772 14.82 0.31 203.088579 36.076690
586510 14.82 0.44 249.480339 47.540999
566791 14.82 0.33 182.883453 -1.876687
738821 14.83 0.36 241.987473 26.131264
588721 14.83 0.34 220.586676 2.343381
947487 14.84 0.37 166.814550 0.177515
1296545 14.84 0.35 237.166998 38.882928
743355 14.84 0.69 247.734442 6.615406
873655 14.84 0.36 144.115262 14.319394
1271509 14.85 0.31 192.930640 45.832633
818752 14.85 0.32 150.395346 25.499904
585933 14.86 0.25 214.042641 2.502083
1248735 14.86 0.16 176.456642 4.087734
881692 14.86 0.40 259.737444 32.941824
774570 14.88 0.41 153.485103 35.868689
849574 14.88 0.39 247.047703 9.452569
1304741 14.88 0.35 221.599718 -0.115818
580344 14.88 0.37 169.255937 67.637974
860963 14.88 0.39 188.909541 16.538907
699840 14.88 0.32 259.826724 24.606274
733634 14.88 0.17 233.623863 5.897764
700695 14.89 0.37 248.034110 32.280230
687602 14.89 0.32 163.061171 52.577460
857157 14.90 0.39 243.692966 9.764595
699559 14.90 0.31 247.604321 38.822349
854478 14.90 0.33 233.523019 13.255305
688306 14.91 0.48 167.596852 54.624788
652923 14.91 0.33 137.642528 43.586204
695419 14.92 0.42 255.567781 26.272956
1275138 14.92 0.34 182.857275 12.334766
766324 14.93 0.25 121.822439 53.538301
800105 14.93 0.38 249.572098 12.945837
843650 14.93 0.25 169.685741 22.744602
838601 14.93 0.35 200.159149 22.977125
1294578 14.93 0.32 128.588752 16.285813
614589 14.94 0.36 207.733654 62.320268
623859 14.95 0.21 259.160765 32.577152
680419 14.95 0.33 165.473435 6.405637
731688 14.95 0.40 226.531259 9.443606
788907 14.95 0.28 246.114587 18.413870
721898 14.95 0.48 141.051030 10.925226
796051 14.95 0.34 249.985094 13.613797
1281833 14.95 0.24 213.804904 37.737696
1277824 14.96 0.16 206.215959 7.441276
588899 14.96 0.35 229.889366 2.085362
558827 14.97 0.19 217.610863 -0.413086
634849 14.98 0.36 227.708298 -1.439235
557520 14.98 0.29 206.059402 -0.668544
692750 14.98 0.26 257.492434 22.634881
873677 14.99 0.24 150.759593 15.554251
589076 15.00 0.22 188.490926 3.330456
560750 15.00 0.40 195.370053 0.526385
706721 15.00 0.10 152.540462 8.842073
852504 15.00 0.40 231.135512 17.959946
655747 15.00 0.31 126.451806 39.096237
838232 15.01 0.43 200.140493 22.448384
882214 15.01 0.39 214.591363 -21.195523
789094 15.01 0.37 249.230147 17.598692
852221 15.01 0.33 231.105222 17.082742
636868 15.01 0.36 224.324129 -2.654210
1285416 15.02 0.34 135.540627 28.620573
823243 15.02 0.42 201.283330 26.164224
849486 15.03 0.33 241.652192 11.090444
792398 15.03 0.33 208.266656 29.898288
1275683 15.03 0.37 241.925927 6.732650
1245446 15.04 0.30 181.488147 62.880974
840873 15.04 0.45 138.903291 15.715165
1283070 15.04 0.38 186.798434 43.199938
745075 15.04 0.33 245.255137 26.939119
563350 15.04 0.41 173.523159 -2.346095
828907 15.04 0.30 165.657428 23.237588
621374 15.04 0.24 152.846161 -1.445503
848887 15.04 0.40 248.393478 8.813027
741846 15.05 0.43 196.221890 15.660710
1283354 15.05 0.38 206.020231 41.646143
732758 15.05 0.23 205.731063 6.810758
691088 15.05 0.34 169.462684 7.617844
878585 15.05 0.30 190.064644 -8.615669
603325 15.06 0.25 177.707662 65.300823
839909 15.06 0.35 230.559445 15.481255
848471 15.07 0.47 208.909762 17.881287
634794 15.07 0.36 223.007733 -1.703993
691095 15.07 0.36 170.678348 7.576974
689446 15.07 0.36 230.024098 44.982725
628895 15.07 0.37 235.403619 2.184322
1271776 15.07 0.29 158.419919 40.951593
729907 15.07 0.10 229.219486 36.903076
859919 15.07 0.31 245.353986 57.862012
825839 15.07 0.35 172.288801 27.743820
880471 15.08 0.19 216.140713 -22.089484
628307 15.08 0.24 229.294742 1.108939
571468 15.09 0.36 151.153162 -2.393320
807604 15.09 0.12 262.642597 33.101010
744510 15.10 0.33 246.240059 7.965638
591445 15.10 0.40 235.126232 2.509933
861061 15.10 0.24 190.930880 16.954165
589113 15.10 0.30 194.474340 3.283094
588445 15.11 0.42 211.645628 3.777355
789830 15.11 0.47 215.129508 28.523782
784920 15.11 0.33 240.724144 21.839978
631373 15.11 0.33 251.057886 37.178256
861195 15.11 0.46 201.386544 16.828899
635305 15.11 0.29 246.618123 43.635900
703789 15.12 0.32 265.723698 52.405129
587668 15.12 0.37 197.541325 2.897253
801200 15.12 0.42 241.129663 13.899068
724913 15.12 0.22 246.789766 35.938425
1282346 15.12 0.41 185.673600 42.412129
879220 15.12 0.40 243.298789 19.112780
732550 15.13 0.13 212.914477 5.593573
560757 15.13 0.37 199.372969 0.552578
1241813 15.15 0.29 171.706462 4.085573
567757 15.15 0.34 155.709397 -3.240404
880721 15.16 0.41 153.557375 15.350183
622830 15.16 0.33 239.502719 53.876015
1271588 15.16 0.44 221.851371 39.854838
617897 15.16 0.36 142.270726 52.297854
616141 15.17 0.28 171.391595 63.215459
848496 15.18 0.27 213.346700 17.228902
791182 15.18 0.43 232.323831 25.942389
846214 15.18 0.34 239.581106 13.503515
558955 15.18 0.35 240.436035 -0.334304
787670 15.19 0.23 232.621224 25.475822
559634 15.20 0.41 211.643003 0.484479
857353 15.20 0.38 211.111301 16.801779
576362 15.20 0.40 256.988981 63.288693
860744 15.21 0.44 162.893857 16.929361
726358 15.21 0.35 203.183121 49.612971
560597 15.22 0.40 239.025670 0.056938
610864 15.22 0.33 164.729224 1.505536
779730 15.22 0.80 140.162054 27.533266
943386 15.22 0.22 216.330198 -20.751896
662363 15.22 0.34 123.443312 38.050681
558926 15.22 0.33 236.631509 -0.266330
1294664 15.22 0.34 135.028190 18.607934
1265105 15.23 0.39 158.595039 42.123808
659752 15.23 0.28 127.967529 38.537233
576222 15.23 0.39 255.307087 63.819624
1275684 15.23 0.42 241.960928 6.777761
724956 15.23 0.39 248.320781 34.510432
587570 15.23 0.40 179.027599 3.025216
708289 15.24 0.36 139.194471 8.041069
791943 15.24 0.31 221.667257 27.443754
589290 15.24 0.41 216.691205 2.824121
871828 15.25 0.39 192.257555 -8.346891
682534 15.25 0.35 183.139027 9.734663
1242256 15.25 0.32 175.957917 4.552506
1291963 15.25 0.33 255.489160 20.100237
609169 15.25 0.41 137.549046 3.983188
1278971 15.26 0.25 195.075314 12.617184
834711 15.26 0.13 159.428738 19.544886
624698 15.26 0.25 206.300367 3.714126
559262 15.26 0.26 217.555026 0.151160
847700 15.26 0.32 147.371268 16.025053
1284040 15.26 0.17 191.655756 10.164185
630144 15.27 0.32 255.132796 35.289587
839294 15.27 0.33 169.381153 21.026113
776256 15.27 0.34 128.223275 22.574568
787685 15.28 0.26 236.927422 23.423045
817686 15.28 0.43 162.079002 26.823097
732532 15.28 0.41 209.853074 5.836339
835984 15.29 0.39 234.361676 14.949494
1307996 15.29 0.39 193.185837 -0.420235
572844 15.30 0.29 259.368004 61.153949
587061 15.30 0.36 214.914830 2.213038
746533 15.30 0.32 211.528473 14.325497
1278653 15.30 0.47 188.477224 8.277183
1248727 15.31 0.38 175.499121 3.991697
724161 15.31 0.44 137.931881 32.041262
693669 15.32 0.28 241.351836 39.084206
883343 15.32 0.27 216.140199 -18.858391
748787 15.32 0.45 121.947917 52.004817
618812 15.32 0.43 158.180537 1.042020
1299187 15.32 0.26 189.326340 20.360509
645982 15.32 0.36 266.154537 61.818345
795932 15.32 0.39 246.889779 13.747780
629822 15.33 0.34 252.065830 38.573077
842648 15.33 0.38 164.921741 21.711611
1270881 15.33 0.41 220.180619 39.613047
560814 15.33 0.40 214.100771 0.534018
1292837 15.33 0.39 249.026440 30.713318
1287334 15.34 0.41 244.854752 5.323230
850749 15.34 0.37 231.090430 11.734319
1268371 15.34 0.35 217.833456 42.240376
693478 15.34 0.45 211.633450 52.603096
1283359 15.35 0.35 208.239105 41.299028
1309578 15.36 0.12 211.299563 0.731326
731438 15.36 0.43 240.839792 6.806741
586316 15.37 0.34 248.806751 47.205006
879661 15.37 0.31 192.086487 -10.427504
1235609 15.37 0.39 124.601965 45.734328
799598 15.38 0.27 231.125785 20.241486
787501 15.38 0.44 179.475655 35.024812
1295441 15.38 0.41 244.089690 32.872679
880302 15.38 0.29 214.480619 -15.608433
603829 15.39 0.33 157.534706 3.602289
584029 15.39 0.39 263.911288 59.175499
790542 15.39 0.43 209.570508 31.039345
611305 15.39 0.43 153.907145 2.394771
627028 15.40 0.34 258.415649 35.547437
1273961 15.40 0.35 158.524584 10.762605
795751 15.40 0.20 222.312563 22.468178
585648 15.40 0.21 185.441193 2.828471
689088 15.41 0.19 245.991143 33.782928
635133 15.41 0.41 258.411876 29.334788
849689 15.42 0.33 238.092875 12.343246
1283936 15.42 0.41 239.871112 5.660223
784577 15.42 0.30 228.271255 26.832048
860472 15.42 0.34 168.479225 16.244686
1277229 15.42 0.39 188.077882 7.252175
879294 15.42 0.39 153.599178 79.327900
742668 15.42 0.38 218.044534 13.251602
1236682 15.42 0.33 211.433698 62.452275
821519 15.43 0.26 183.268194 30.277128
777878 15.43 0.41 141.892452 29.447527
558368 15.43 0.31 245.717330 -0.265070
847183 15.44 0.46 203.771197 19.838523
786668 15.44 0.32 199.312148 33.920968
1290097 15.44 0.32 203.936089 9.046587
874463 15.44 0.36 168.612449 -15.078803
1277323 15.45 0.28 206.223582 6.741248
1251613 15.46 0.31 230.892369 52.531098
750181 15.46 0.32 240.374998 29.922941
627062 15.47 0.39 260.139079 32.854810
1244021 15.47 0.43 133.436876 49.311146
947157 15.47 0.25 173.245841 -5.218438
852592 15.47 0.35 241.416408 14.676060
1262031 15.47 0.29 127.906687 36.105385
777788 15.47 0.22 126.865046 22.155028
1270410 15.48 0.34 196.553972 12.443865
856165 15.48 0.32 245.126565 8.664949
745748 15.48 0.47 219.691736 12.335286
1246288 15.48 0.37 190.304062 6.006278
571659 15.48 0.32 156.101137 -2.075147
1277746 15.48 0.34 196.690415 7.928582
735628 15.48 0.38 223.549761 6.223328
737657 15.48 0.35 238.789682 35.039498
807458 15.49 0.31 253.599237 48.394235
1300077 15.49 0.30 169.436084 47.753122
795222 15.49 0.16 221.983353 21.606322
1271054 15.49 0.32 163.578228 43.677174
621694 15.49 0.40 219.656332 4.489676
661048 15.49 0.28 137.043031 43.103739
628959 15.49 0.38 246.612384 41.208631
698447 15.50 0.36 227.470396 52.894168
1272872 15.50 0.33 223.354696 38.689120
735838 15.50 0.39 223.537159 6.714302
674356 15.50 0.44 141.987068 41.230471
1267404 15.51 0.43 196.512445 46.111960
569494 15.51 0.38 139.749173 56.590879
841687 15.51 0.40 242.105080 12.318981
589042 15.51 0.46 182.100871 3.307930
1291385 15.51 0.14 253.212158 21.650113
822643 15.51 0.33 180.513812 26.340577
1307792 15.52 0.20 158.292466 -0.472534
732775 15.52 0.24 208.532251 6.762656
696888 15.52 0.42 246.613642 35.278804
947079 15.52 0.37 214.436491 -16.504549
748284 15.52 0.14 228.094372 28.553846
638040 15.53 0.39 227.885459 6.400761
1298811 15.53 0.35 169.260138 18.717014
611930 15.53 0.50 124.235638 44.579465
1235256 15.53 0.37 225.965691 57.221856
849895 15.53 0.18 249.233872 9.038294
783033 15.53 0.31 130.481686 22.011298
1269686 15.53 0.38 170.358612 12.579956
802549 15.53 0.38 217.878546 22.839818
751069 15.53 0.25 250.604510 18.286719
794668 15.53 0.20 239.214975 20.447290
852558 15.54 0.32 237.578788 15.863280
854554 15.54 0.44 194.510659 19.900359
694450 15.54 0.41 254.089218 30.682295
766769 15.54 0.37 182.680948 15.249330
746729 15.55 0.39 237.824654 9.907983
1282607 15.55 0.23 167.847781 41.537584
1289370 15.55 0.33 233.100058 41.475245
947266 15.55 0.47 182.001608 -1.209480
692302 15.55 0.35 142.000781 6.633154
698532 15.55 0.44 247.844302 39.636501
692415 15.55 0.27 248.134634 32.286805
877852 15.55 0.38 134.428430 11.595566
880653 15.56 0.28 143.731809 13.633091
1282385 15.56 0.36 191.536160 42.181607
633883 15.56 0.42 207.844155 -2.774065
946642 15.56 0.39 211.788840 -14.197702
831593 15.56 0.29 194.781090 26.597290
624991 15.56 0.33 202.974355 4.291525
803627 15.56 0.34 249.958778 49.902545
1270923 15.57 0.44 227.840991 36.701002
630670 15.57 0.48 260.281231 28.953698
782048 15.57 0.43 185.571805 33.961945
1241005 15.57 0.29 225.052152 59.576996
857871 15.57 0.46 263.199656 32.417411
604723 15.58 0.37 165.264573 4.472667
589679 15.58 0.38 172.311533 1.259300
735916 15.58 0.23 233.787444 5.703313
582007 15.58 0.31 237.184461 56.272845
565425 15.59 0.40 199.176852 -3.341861
586746 15.59 0.33 172.693135 2.617494
847909 15.59 0.30 196.717381 25.117436
875241 15.60 0.30 164.822646 -18.869878
605139 15.60 0.40 128.274682 47.225937
850321 15.60 0.21 208.099671 16.114385
746494 15.60 0.28 247.011194 7.522903
1278060 15.61 0.36 211.231035 7.628194
1252072 15.61 0.39 245.214151 44.807159
759879 15.61 0.16 147.477239 68.660693
821997 15.61 0.39 173.604251 30.201559
724083 15.62 0.35 147.472704 35.633076
774817 15.62 0.36 128.514082 25.722044
1306745 15.63 0.38 190.865762 -0.926949
571499 15.63 0.40 155.269794 -2.531553
623477 15.64 0.43 251.310771 42.561340
1305713 15.64 0.24 189.667150 0.319802
1241046 15.64 0.49 237.776610 53.465274
1252050 15.64 0.36 242.854723 46.675450
1282330 15.64 0.43 180.390494 42.347133
568282 15.65 0.43 160.119044 -1.763162
644042 15.66 0.43 221.754875 6.173359
590193 15.66 0.46 150.228897 1.394728
728601 15.67 0.40 218.579653 53.321256
645539 15.67 0.33 261.452390 67.627048
707221 15.67 0.32 182.170248 9.529199
823250 15.68 0.30 157.153630 24.749088
792373 15.68 0.32 201.607990 30.885334
561312 15.68 0.23 202.621274 0.988383
590376 15.68 0.34 176.834089 1.823943
795342 15.68 0.24 214.436297 23.776744
856303 15.69 0.42 217.210168 14.988340
586645 15.69 0.34 158.298827 2.234034
1279044 15.69 0.35 202.884537 12.187438
803961 15.69 0.44 244.288786 55.751562
842508 15.69 0.35 142.562787 17.469323
635376 15.70 0.45 252.460221 37.727204
592450 15.70 0.28 234.447376 3.683670
690113 15.71 0.40 151.667858 6.084365
947128 15.71 0.33 173.812638 -5.544868
624702 15.72 0.46 206.550587 3.610891
1290197 15.72 0.43 215.833219 8.091121
740929 15.72 0.33 239.272451 33.816215
631489 15.72 0.41 254.721366 32.834096
671971 15.72 0.56 166.852847 51.013641
822684 15.72 0.38 189.422690 26.270916
797490 15.72 0.31 214.035536 26.497924
846121 15.73 0.40 233.073743 15.496860
1248056 15.73 0.22 139.857750 -1.631253
811274 15.73 0.37 129.278361 18.932307
1244298 15.73 0.31 139.374069 53.072795
702506 15.73 0.36 143.262183 8.137270
1287611 15.73 0.21 222.930798 8.600884
693024 15.74 0.49 246.942796 34.102986
737029 15.74 0.20 254.192455 23.832774
829006 15.74 0.39 153.163628 21.898234
652239 15.74 0.13 146.412314 47.214791
855072 15.74 0.18 177.942033 20.700864
848903 15.75 0.34 200.136378 19.156209
1308053 15.75 0.32 199.527622 -0.550070
877939 15.75 0.41 190.654192 -17.604062
735936 15.75 0.35 236.813811 5.358028
873737 15.76 0.35 173.434346 -5.102598
858756 15.76 0.33 172.060425 15.913183
773499 15.77 0.40 171.933324 36.328339
1290564 15.77 0.42 241.923339 5.054522
833828 15.77 0.41 140.997780 18.158326
692312 15.77 0.36 143.478521 6.840051
781903 15.77 0.29 168.449023 33.863516
792153 15.78 0.33 181.442815 31.475783
745239 15.78 0.38 222.977818 10.981920
1308223 15.78 0.37 215.986407 -0.574572
621849 15.78 0.41 236.379984 3.469078
747835 15.78 0.32 251.277037 22.641009
625556 15.79 0.32 219.321256 4.124844
787637 15.79 0.37 223.821340 28.793238
708253 15.79 0.35 136.485889 7.623466
1274378 15.80 0.35 202.514989 11.462158
1287696 15.80 0.37 233.533881 7.464437
853877 15.80 0.35 199.936162 18.307269
836617 15.81 0.18 133.254234 15.078514
626792 15.81 0.36 232.503091 54.399713
557462 15.81 0.42 194.377655 -0.645329
788278 15.81 0.37 249.078061 17.494153
737164 15.81 0.21 243.143873 33.309057
701906 15.81 0.36 242.164499 39.231699
1273753 15.81 0.29 223.510721 37.042240
1279305 15.82 0.35 232.050408 8.851190
856222 15.82 0.58 247.368566 7.981238
663443 15.82 0.42 142.484176 49.824233
562040 15.83 0.28 164.689113 -3.193326
860865 15.84 0.39 177.858654 18.544560
808057 15.84 0.28 244.446998 59.068618
947060 15.84 0.23 213.757019 -15.292338
583331 15.85 0.40 259.614174 60.410282
731042 15.85 0.29 227.456687 8.608851
1256804 15.85 0.34 263.303188 71.416357
728322 15.85 0.37 238.168336 43.772167
802452 15.85 0.34 214.890355 23.524463
1241627 15.86 0.38 185.813369 3.943628
580973 15.86 0.29 138.938995 58.593621
880490 15.86 0.44 215.683143 -19.890881
794383 15.86 0.21 230.311789 23.885650
789499 15.87 0.24 211.810617 28.794621
679291 15.87 0.32 208.547741 47.824998
792613 15.88 0.38 226.450032 22.815110
1264966 15.88 0.41 214.924399 40.835285
787619 15.88 0.38 220.941921 29.702059
800396 15.89 0.32 234.919309 19.254717
859003 15.89 0.37 188.931087 18.052113
740159 15.90 0.34 249.341715 20.972424
736245 15.90 0.39 236.579935 36.568108
679952 15.90 0.44 199.476907 50.238105
811817 15.90 0.42 138.343272 22.662537
797780 15.90 0.36 191.072539 30.020238
844983 15.90 0.42 213.470677 22.345552
1274140 15.90 0.39 177.867758 11.940935
1260677 15.90 0.42 140.478076 42.392906
1309502 15.91 0.41 202.798613 0.681397
1274997 15.91 0.28 159.923416 11.305057
1261433 15.91 0.41 142.899373 44.072370
1274534 15.91 0.37 220.480947 9.765448
864525 15.91 0.35 158.853336 17.021720
1252708 15.91 0.41 209.858861 60.601983
621709 15.92 0.33 222.131042 4.263376
822607 15.92 0.44 171.392630 25.652969
652113 15.92 0.46 132.917423 40.286299
1249541 15.92 0.31 237.971292 47.939457
724714 15.92 0.16 227.142023 48.810589
1289681 15.92 0.32 255.136788 24.465003
653628 15.92 0.33 132.693142 41.314928
802589 15.93 0.42 223.128012 21.400959
1279725 15.93 0.40 162.639592 12.422191
730354 15.93 0.16 255.304804 19.509687
696632 15.93 0.47 244.942938 35.889954
943538 15.93 0.32 212.970596 -13.289807
1270606 15.93 0.35 189.189877 13.339554
706656 15.95 0.33 160.169844 9.035832
584417 15.95 0.35 212.075506 1.305636
1278895 15.95 0.39 187.997059 12.729856
801343 15.96 0.43 245.466933 12.310998
630919 15.96 0.22 252.772714 40.127371
1267927 15.96 0.24 169.439741 47.355184
827283 15.96 0.16 157.614778 24.266648
687193 15.97 0.48 184.786237 53.854856
781163 15.97 0.37 242.317760 22.985912
857354 15.97 0.35 211.306227 16.728533
879952 15.97 0.36 191.237969 -7.685999
611050 15.97 0.30 165.241811 1.881495
720490 15.97 0.34 172.082280 13.855763
1303557 15.97 0.19 140.914235 36.972587
669064 15.98 0.36 132.109261 36.335414
792823 15.98 0.39 249.846600 13.144813
1270595 15.98 0.30 204.919165 12.293674
1262096 15.98 0.39 147.944156 46.605339
836747 15.98 0.34 173.056190 22.822312
742919 15.99 0.42 224.190590 12.718271
823669 15.99 0.43 177.734143 28.921622
835944 15.99 0.41 226.166938 17.135613
1262575 15.99 0.25 126.341194 26.250558
743848 15.99 0.33 243.793704 28.405917
721902 15.99 0.26 141.877808 11.127289
682479 16.00 0.41 175.629048 9.605528
611494 16.00 0.28 158.605627 2.873950
698257 16.00 0.17 257.358069 28.252855
588323 16.00 0.28 213.200345 3.127745
861486 16.00 0.36 204.294760 17.752040
740228 16.00 0.42 254.383606 17.207785
706660 16.01 0.34 160.812789 9.057546
747449 16.01 0.26 251.229627 21.640121
739996 16.01 0.48 230.300048 32.234768
675000 16.01 0.32 146.741342 43.652238
645760 16.01 0.38 261.494684 68.772567
848006 16.01 0.38 216.446750 22.169078
609465 16.02 0.09 148.376772 4.998687
624967 16.02 0.64 199.317125 4.375356
871263 16.02 0.37 134.330788 11.380156
663112 16.02 0.24 169.357464 57.331566
645505 16.03 0.35 254.279785 74.834833
800341 16.03 0.49 230.197434 21.017593
832447 16.03 0.44 205.429179 23.583484
1302930 16.04 0.36 182.432322 48.210704
768203 16.04 0.39 168.486551 36.416583
682389 16.05 0.23 164.688241 8.976701
611488 16.05 0.34 157.827766 2.967030
784247 16.05 0.35 214.312546 30.915357
1291299 16.05 0.30 248.396362 25.560062
750647 16.05 0.39 237.579636 25.080440
679676 16.06 0.31 195.425248 50.187520
751094 16.06 0.41 252.867229 16.636260
744096 16.06 0.32 221.517168 33.992997
1272571 16.06 0.34 220.074812 39.446566
561099 16.06 0.11 183.682794 0.933190
624744 16.06 0.31 212.313861 3.467016
738869 16.06 0.26 246.825809 23.096244
736232 16.06 0.32 257.300418 19.522232
610832 16.07 0.34 161.095440 1.289466
854988 16.07 0.40 223.554140 16.325889
1253008 16.07 0.43 200.325078 60.373672
1292170 16.07 0.30 245.449682 28.929012
1283979 16.07 0.34 242.431712 5.280236
789675 16.07 0.42 180.834014 32.027010
657817 16.07 0.27 134.688137 44.608568
838216 16.08 0.33 195.523550 22.910626
773991 16.08 0.45 177.854926 38.417147
1241749 16.08 0.33 206.829562 3.514757
1235969 16.09 0.33 239.299255 50.500214
838283 16.09 0.50 213.047148 20.902577
756197 16.09 0.39 120.575195 48.373753
1239425 16.09 0.35 233.999126 54.971630
826485 16.10 0.48 203.996987 26.704564
766981 16.10 0.30 207.673974 14.306737
1235964 16.10 0.34 238.653208 50.931469
687991 16.10 0.29 203.561160 53.570197
1299416 16.11 0.32 179.523832 21.014726
839422 16.11 0.37 183.097314 21.835217
637878 16.12 0.14 244.000306 4.499143
699245 16.12 0.35 252.894844 32.550249
784980 16.13 0.37 213.547576 32.303890
1248630 16.13 0.31 139.563650 -1.210892
629604 16.13 0.33 256.808356 31.234325
872092 16.14 0.40 191.791933 -10.345825
751870 16.15 0.35 260.431709 34.020937
1256891 16.15 0.38 268.670644 57.621746
1283579 16.15 0.45 137.185751 28.454966
800581 16.16 0.43 225.342843 18.542313
566429 16.16 0.39 187.884533 -3.272768
1241967 16.16 0.36 186.843386 4.215014
734757 16.17 0.24 220.251728 8.816632
732837 16.17 0.20 218.458020 6.265740
779887 16.17 0.43 145.466845 29.984463
733534 16.17 0.43 222.600216 7.166742
636424 16.17 0.32 257.515305 33.585684
802971 16.17 0.42 215.071239 23.967640
590316 16.18 0.41 167.879761 1.699874
696336 16.18 0.36 243.182391 36.943267
852298 16.18 0.37 240.547245 14.046224
772941 16.18 0.38 188.603840 37.220941
835358 16.18 0.34 207.738742 20.437407
844550 16.18 0.35 216.742276 20.842894
835672 16.18 0.35 153.571406 19.357177
853454 16.19 0.40 168.707019 18.069920
683607 16.19 0.40 149.275872 8.660697
1305799 16.19 0.22 199.417887 0.221791
1278009 16.20 0.31 202.026932 8.194740
566569 16.20 0.30 185.985737 -2.891266
624676 16.21 0.45 203.976898 3.745759
662464 16.21 0.23 134.651667 46.161392
838067 16.21 0.33 144.584918 20.566625
618797 16.21 0.36 155.670876 0.996630
1289796 16.21 0.34 199.949515 8.776963
1251926 16.21 0.52 240.323630 48.106138
621496 16.21 0.35 198.463748 5.156238
773468 16.21 0.31 163.692857 35.053596
751145 16.22 0.37 228.374708 30.175039
644568 16.22 0.42 231.714887 5.697328
625157 16.22 0.42 215.641229 3.706653
861543 16.23 0.47 185.764751 4.393829
1293664 16.23 0.30 129.206509 15.933349
830734 16.23 0.37 130.704681 13.376943
1287161 16.24 0.33 235.700250 6.753246
1286988 16.24 0.39 191.257822 8.951342
827965 16.24 0.39 160.652100 25.249656
819443 16.24 0.38 180.708011 30.517042
848293 16.24 0.28 209.421222 17.441140
822282 16.24 0.38 180.308152 31.012668
733628 16.24 0.48 233.178850 5.937178
799666 16.24 0.35 235.764035 18.605817
859983 16.25 0.46 252.094949 51.653676
822993 16.25 0.40 200.494844 25.909033
1276015 16.25 0.33 173.287811 12.635737
1305736 16.25 0.33 191.937883 0.230739
861231 16.25 0.40 190.037368 17.739783
786704 16.25 0.45 218.473988 30.008483
1241237 16.26 0.34 148.941981 4.711549
634838 16.26 0.44 226.941870 -1.603991
859230 16.26 0.36 189.475268 18.295456
824616 16.26 0.33 183.913634 29.511895
835653 16.26 0.30 149.587171 18.589674
734781 16.26 0.35 223.324057 8.359094
859336 16.26 0.32 203.541887 17.554590
724036 16.27 0.42 161.704746 39.334399
603220 16.27 0.39 173.630667 64.565764
1281572 16.27 0.43 203.418063 41.532813
848076 16.27 0.41 178.934445 25.895012
686973 16.27 0.15 183.161063 10.998111
847405 16.27 0.41 236.898693 13.409257
864467 16.27 0.35 135.558824 14.167784
947475 16.27 0.38 164.578996 0.004852
882675 16.27 0.30 211.174279 -12.358116
1235683 16.28 0.31 129.249605 49.703047
565823 16.28 0.31 181.087193 -2.178392
797674 16.29 0.43 247.497928 14.596182
572623 16.29 0.41 126.645520 49.777872
586762 16.29 0.29 177.188048 2.593331
730411 16.29 0.40 232.852690 36.176372
1274478 16.29 0.30 213.279724 10.422421
857207 16.29 0.32 245.472508 9.307063
739723 16.29 0.43 250.732735 21.193248
883148 16.30 0.38 208.999557 -5.254070
611060 16.30 0.32 166.564695 1.855233
739862 16.30 0.41 210.758349 40.491784
859263 16.30 0.34 194.902756 18.183930
586517 16.31 0.21 250.081056 46.656937
874367 16.31 0.41 172.079462 -5.473282
1252539 16.31 0.41 198.010555 61.849328
746583 16.31 0.37 220.091844 13.088539
811733 16.31 0.39 149.425079 27.974171
804092 16.32 0.33 258.123142 40.418000
603834 16.32 0.37 157.801387 3.791369
688332 16.32 0.32 178.045831 55.802351
1309794 16.32 0.15 233.165922 0.666725
643696 16.32 0.18 222.873860 5.620656
1296228 16.32 0.49 251.635608 26.868403
780223 16.33 0.32 141.736487 30.084579
1309551 16.33 0.44 208.521872 0.740297
733511 16.33 0.42 220.073520 7.518971
841454 16.33 0.44 215.101491 19.299648
683572 16.33 0.29 144.458225 8.178184
833917 16.33 0.45 161.464427 22.817157
623884 16.34 0.36 260.164460 30.983509
1273114 16.34 0.46 218.457979 40.880442
618722 16.34 0.38 157.159470 0.517473
790214 16.34 0.39 179.111557 32.902866
854845 16.34 0.30 192.803415 20.286786
687537 16.35 0.24 206.629646 52.152154
1241313 16.35 0.17 166.146938 5.417565
670311 16.35 0.21 138.055884 38.992250
1306726 16.35 0.30 187.946599 -0.884446
557678 16.35 0.25 199.340316 -1.152368
764410 16.35 0.37 145.482163 10.784743
947691 16.36 0.35 165.191584 1.026470
1276121 16.36 0.29 184.226836 12.743761
684200 16.36 0.40 170.779341 10.737162
800166 16.36 0.34 209.188581 26.111386
714781 16.37 0.48 164.457336 11.310726
1309849 16.37 0.24 165.782277 1.141457
854019 16.37 0.16 204.322033 18.241275
798724 16.38 0.17 248.311823 15.182799
691188 16.38 0.39 181.631162 7.772620
750509 16.38 0.26 251.984640 16.359776
733702 16.39 0.32 199.575994 9.334709
1272866 16.39 0.38 222.401165 39.073879
1242397 16.39 0.36 191.474607 4.691277
1272726 16.40 0.49 173.466367 44.961044
800184 16.40 0.46 213.014831 25.351767
833937 16.41 0.24 165.935318 23.363012
775011 16.41 0.38 185.017162 40.690057
672705 16.41 0.32 152.055499 48.806291
1277305 16.41 0.36 204.345001 6.824446
720318 16.41 0.44 139.454477 9.931623
1299635 16.41 0.40 225.323316 19.290097
879927 16.42 0.30 191.212524 -11.175300
731247 16.42 0.32 217.390147 10.192411
1264814 16.42 0.27 181.842227 44.872649
847609 16.42 0.45 146.568081 15.276769
861902 16.42 0.34 136.018743 15.445002
1286596 16.42 0.31 248.712086 21.144858
742356 16.42 0.27 204.375070 14.269411
744630 16.42 0.34 238.766090 29.660755
1241363 16.43 0.33 177.707383 5.597169
702110 16.43 0.43 247.855444 35.081472
706806 16.43 0.31 148.054870 8.691112
689568 16.43 0.40 242.090912 37.458829
633374 16.43 0.39 211.163479 -1.787231
772887 16.43 0.32 198.610378 35.924023
795334 16.43 0.22 213.098361 24.149765
770467 16.44 0.37 134.094467 27.686550
1262629 16.44 0.19 131.125826 28.904722
629679 16.44 0.44 245.459715 45.382838
861369 16.45 0.34 199.082260 17.744002
641542 16.46 0.34 265.127968 52.491937
734824 16.46 0.37 229.854437 7.741224
1302853 16.47 0.33 160.053130 45.456354
585348 16.47 0.39 207.627010 2.199956
1285304 16.47 0.29 249.909310 19.116742
811325 16.47 0.34 135.683198 21.745487
636124 16.47 0.46 256.667686 33.710644
627025 16.48 0.41 258.271120 35.814618
822131 16.48 0.53 189.048662 30.695985
747269 16.49 0.44 226.545665 32.901799
683720 16.50 0.35 164.612742 9.944680
1299196 16.50 0.33 191.677606 20.201530
835781 16.50 0.32 183.172191 22.371284
619748 16.51 0.25 143.752757 -2.330632
733083 16.51 0.34 218.358858 6.990764
682524 16.51 0.45 182.258775 9.765772
835748 16.51 0.37 173.698393 22.038555
785686 16.51 0.17 164.411725 32.556732
780117 16.52 0.40 145.483893 30.993242
1248572 16.52 0.38 152.951565 3.367364
693871 16.52 0.38 245.236760 38.771431
1299404 16.53 0.41 176.845113 21.044693
834649 16.53 0.38 144.656273 16.547714
792864 16.53 0.43 195.021825 29.492382
767001 16.53 0.35 175.590938 15.467942
856772 16.53 0.46 209.674206 16.421736
787369 16.54 0.34 134.877254 24.275966
618948 16.54 0.49 151.457765 -2.958507
773458 16.54 0.28 201.229821 35.391300
607642 16.54 0.41 139.945943 2.178143
633120 16.55 0.30 208.919613 -2.689821
724181 16.55 0.34 141.139015 33.595213
610593 16.55 0.35 136.040176 2.415760
794427 16.56 0.33 235.588073 21.585831
630617 16.56 0.42 258.240085 31.804979
781876 16.56 0.43 170.475378 33.594271
609413 16.56 0.34 166.745562 5.370809
797644 16.56 0.35 245.368726 15.643415
1254557 16.57 0.37 167.328398 5.005871
853213 16.57 0.35 196.556937 16.782764
1281874 16.57 0.32 222.807469 34.980499
730460 16.57 0.34 239.782742 31.925423
831878 16.58 0.38 185.414959 28.251897
587499 16.58 0.34 165.636027 2.985569
1244113 16.58 0.33 140.448558 53.060849
1298948 16.58 0.41 193.033431 19.239954
1298777 16.58 0.46 192.951555 18.868391
563226 16.58 0.31 174.221093 -2.774764
692376 16.60 0.38 247.185859 33.076231
828968 16.60 0.37 158.981652 22.651026
859286 16.60 0.35 198.148956 18.088914
657787 16.61 0.29 131.125245 42.213630
689043 16.61 0.43 244.182712 35.171847
879659 16.61 0.38 191.912926 -10.469175
1296695 16.61 0.35 242.823142 34.888964
803302 16.61 0.44 243.709648 14.899648
611374 16.62 0.36 167.572706 2.661788
707105 16.62 0.24 165.803892 8.875032
706970 16.62 0.39 175.439487 8.951947
1276790 16.63 0.31 192.416084 6.349706
1269135 16.63 0.14 177.446781 11.614218
723106 16.64 0.21 151.534789 10.299514
825971 16.64 0.46 185.254687 26.535413
733324 16.64 0.35 253.688535 21.475729
691524 16.64 0.37 150.527784 7.025482
829048 16.66 0.31 165.150068 23.959431
716687 16.66 0.38 131.227892 29.562217
1304336 16.66 0.50 150.828828 41.559061
618528 16.66 0.36 159.481346 -0.827253
726457 16.66 0.33 221.831742 42.886459
774141 16.66 0.37 131.386985 23.698066
559638 16.66 0.37 212.176514 0.544419
881057 16.67 0.32 258.878671 32.837297
586483 16.67 0.45 256.501614 38.046152
557456 16.67 0.40 192.310618 -0.823721
778768 16.67 0.37 240.803354 22.625648
737055 16.67 0.30 255.384874 22.693022
733004 16.67 0.39 206.101614 7.666218
1278552 16.67 0.36 195.900712 7.776937
706856 16.68 0.30 158.306732 9.769001
1250074 16.68 0.32 173.839215 4.388725
842504 16.68 0.16 142.068544 17.407381
838521 16.68 0.32 178.640935 23.509912
686916 16.68 0.35 172.645268 10.786892
842645 16.69 0.19 164.787246 21.804789
779898 16.69 0.40 147.919501 30.930006
2 16.69 0.41 236.521389 -0.446601
839699 16.69 0.32 210.973573 19.725695
679831 16.69 0.33 233.048941 39.403451
866280 16.70 0.43 142.161612 15.149093
712805 16.70 0.31 126.595759 28.401268
562239 16.70 0.50 187.660001 -2.971767
880301 16.70 0.40 214.351374 -15.441876
561214 16.71 0.29 192.417214 1.045937
701295 16.71 0.39 258.412162 22.092947
826601 16.71 0.21 179.791452 28.383748
608361 16.71 0.40 139.706780 3.668342
850459 16.71 0.29 213.018897 14.627289
1286604 16.72 0.33 249.588543 20.386615
801344 16.73 0.41 245.475463 12.315705
605171 16.73 0.47 120.124544 40.656625
750153 16.73 0.41 237.867426 31.466982
718939 16.73 0.40 131.032052 30.746485
1285078 16.74 0.40 191.872588 39.467860
701829 16.74 0.47 227.464615 48.387016
692839 16.75 0.45 223.055458 48.480108
706499 16.75 0.35 152.020562 7.793584
1243867 16.75 0.43 132.287671 48.002256
843745 16.76 0.35 180.833110 23.422943
669231 16.76 0.33 154.702321 44.730993
684229 16.76 0.35 144.261029 6.267271
731730 16.76 0.31 231.195529 8.849112
797229 16.76 0.35 219.387906 24.708621
879765 16.77 0.33 191.361904 -13.008915
623152 16.77 0.45 227.357765 61.304679
732473 16.77 0.40 205.289373 12.709607
832409 16.77 0.29 188.937461 24.814942
735506 16.77 0.38 233.954561 4.899916
683924 16.77 0.35 185.232406 10.548447
742735 16.78 0.40 225.227240 12.024247
585065 16.79 0.33 230.916883 1.143304
1277406 16.79 0.47 182.464062 7.622182
787706 16.79 0.30 241.384421 21.308644
764463 16.79 0.39 154.822782 12.165174
1241937 16.79 0.43 183.739752 4.223231
745377 16.79 0.44 225.897030 10.996997
799869 16.80 0.49 238.948298 17.703675
571374 16.80 0.35 160.464452 -3.084390
631372 16.80 0.38 250.817978 37.139487
634620 16.81 0.39 203.572829 -1.974504
707937 16.81 0.51 165.283452 10.555826
682844 16.81 0.33 139.157249 7.190307
683619 16.81 0.37 150.432961 8.698365
682527 16.81 0.32 182.317191 9.717653
744094 16.82 0.37 221.338099 34.037399
814668 16.83 0.38 175.271035 28.989261
860732 16.83 0.46 186.078407 17.881382
566553 16.84 0.31 182.587477 -2.742812
603238 16.85 0.52 184.528790 65.021700
1291745 16.86 0.37 247.640602 26.867902
1235716 16.86 0.45 134.984790 53.163613
1309827 16.87 0.35 236.025039 0.763517
668308 16.87 0.36 127.159308 34.101014
559160 16.87 0.44 208.800734 0.111887
695086 16.87 0.32 148.949841 7.330483
585407 16.88 0.41 214.976632 2.090816
785237 16.89 0.42 200.304233 34.356684
1260744 16.89 0.39 167.467744 50.845844
832625 16.89 0.36 174.887923 25.441233
559260 16.90 0.43 217.482267 0.184488
627298 16.90 0.44 196.852378 58.299441
1306886 16.91 0.35 212.626997 -0.844884
747797 16.91 0.46 256.625511 17.685048
947312 16.91 0.31 170.802147 -0.811797
835646 16.92 0.38 148.936987 18.385469
1291392 16.92 0.37 253.505172 21.235214
557735 16.92 0.35 184.679367 -0.710717
1276124 16.93 0.44 184.694212 12.775353
779971 16.93 0.41 138.277981 27.553928
851136 16.93 0.43 223.809097 13.762097
872094 16.93 0.38 191.836891 -9.836296
832424 16.94 0.32 194.159605 24.588480
1254525 16.95 0.44 162.685249 4.854372
722198 16.95 0.50 191.513329 14.994304
784494 16.95 0.41 212.670558 31.781028
794037 16.95 0.34 154.606908 29.040944
881901 16.95 0.44 259.124477 34.974059
1310050 16.95 0.41 201.965559 1.142559
827227 16.96 0.45 140.592923 19.790917
826707 16.97 0.39 200.164504 27.569744
800784 16.97 0.42 218.264710 20.674078
562814 16.97 0.36 162.174984 -1.231725
947459 16.98 0.33 181.212490 -0.351844
822580 16.98 0.34 162.010728 24.519993
736626 16.99 0.47 255.115003 22.111319
860457 16.99 0.42 165.439337 16.039175
859216 16.99 0.49 187.105596 18.536341
764701 16.99 0.25 165.107265 13.593114
1278457 17.00 0.30 182.845996 7.892036
566272 17.00 0.40 183.850814 -3.645279
828662 17.00 0.40 179.046349 27.700043
852896 17.01 0.40 246.557802 13.181700
1270503 17.01 0.40 194.142173 12.910308
772248 17.02 0.37 132.159355 9.854199
854828 17.02 0.38 189.438012 20.378336
1269040 17.03 0.45 166.929367 11.253227
855466 17.03 0.38 213.137465 14.793223
1299011 17.04 0.41 175.418168 19.685946
710123 17.04 0.35 131.033605 33.235816
779237 17.05 0.33 156.275846 30.602506
821217 17.05 0.41 129.569947 18.456843
837976 17.05 0.37 145.894779 20.519631
1286823 17.05 0.52 183.356671 40.969425
847783 17.05 0.33 145.795883 16.164901
743367 17.05 0.45 226.321266 11.458870
721260 17.05 0.42 167.782597 13.936542
1275830 17.06 0.26 155.354909 11.313365
758131 17.06 0.43 121.015975 52.371619
1277614 17.06 0.38 210.903358 6.940533
842649 17.06 0.39 165.027005 21.705452
837960 17.07 0.36 143.344638 19.793322
1306197 17.08 0.46 194.857750 47.474032
878069 17.08 0.38 190.931262 -11.896369
1291516 17.09 0.33 229.446210 37.941771
563440 17.10 0.33 175.597897 -1.939341
1288827 17.10 0.48 240.653699 36.201877
834855 17.11 0.42 197.141705 21.131626
694791 17.13 0.46 241.106960 43.763961
632983 17.13 0.43 210.546384 -3.020767
772273 17.14 0.42 180.413607 13.957071
793943 17.14 0.48 157.828762 29.520393
1306579 17.16 0.40 157.917142 -0.861079
657786 17.16 0.36 131.020252 42.230127
841162 17.18 0.41 184.623042 22.198584
1307875 17.18 0.35 173.955622 -0.520630
692517 17.19 0.50 252.568240 28.167413
611486 17.20 0.42 157.699597 2.962093
1280086 17.20 0.34 215.058107 11.576457
1309854 17.21 0.26 167.544940 1.125784
1276412 17.22 0.28 188.269503 11.607996
1307833 17.22 0.36 165.725050 -0.570794
1309331 17.23 0.35 180.199752 0.769723
611377 17.24 0.33 168.059696 2.707004
1254601 17.24 0.42 176.840366 5.215875
1269978 17.25 0.53 189.256195 11.234436
584212 17.25 0.41 188.969836 1.584824
1309908 17.25 0.38 179.119200 1.206641
1275209 17.26 0.36 191.490960 12.338160
631081 17.26 0.59 235.100227 55.240870
865537 17.27 0.39 143.548977 14.853878
853522 17.29 0.53 169.184369 18.596245
565978 17.30 0.56 183.876245 -1.782875
557602 17.30 0.35 183.730157 -1.120147
793130 17.31 0.45 225.932368 23.490824
683632 17.32 0.43 151.514175 8.896770
566628 17.38 0.42 172.189535 -2.266827
782185 17.40 0.38 188.250915 34.492155
859265 17.41 0.50 195.038378 18.092879
716284 17.41 0.36 155.558039 11.355404
873618 17.46 0.42 150.963156 15.107681
676596 17.49 0.40 123.920981 29.825357