575883
440879
5267038
5925875
6282624
6348779
6801367
17132435
17266250
17614652
21486794
23720916
23837192
1014960
1197898
1743519
2653935
2913030
3151678
4224216
4104973
4401049
7742091
8280759
9558311
9660440
9928795
10309167
10250985
10722333
10968194
11366353
11496577
11866538
11782815
11754294
11864369
11810596
12112283
12632568
12605297
13217513
13642503
13748458
14153889
14514794
14545485
15003233
16026470
16586484
16734502
18226590
18335572
19196638
19052173
19119847
19049888
19502772
19898260
20021075
20363182
20457217
20533504
21011352
20998870
17249
60758
56340
41937
51934
146540
124162
124419
142124
161865
114416
177235
124320
147242
344450
257977
251676
266435
224940
301278
361795
284560
330723
269954
346722
284356
292893
350603
353953
353010
271720
200595
548881
505485
477364
389895
420220
433281
374379
458198
370495
575145
370327
491901
375186
379033
468106
519732
4637684
4837778
4685468
4797994
4797842
4712625
4787449
4700766
4573801
4807090
4635162
4775413
4635950
4733799
4689389
4601692
4595090
4791589
4803693
4591998
4600514
4775916
4602472
4632819
4750024
4587625
4760335
5127059
5099623
4958189
5042578
4993440
4916255
5071049
5084794
4952200
5161049
4908484
4977423
5051584
4912349
4893913
5013159
5099625
5144133
4946334
5128984
5354706
5473273
5370012
5292538
5217658
5202971
5415049
5524072
5283387
5291858
5524751
5220419
5302684
5192334
5398724
5507324
5518726
5461950
5202649
5463647
5458442
5224341
5350318
5491372
5686075
5663644
5773563
5673844
5806281
5723603
5627751
5751507
5822541
5556154
5759655
5856462
5791973
5756850
5840211
5649548
5680190
5596566
5830262
5979243
6086140
6226117
6034357
6178367
5965880
6095048
6271970
6244025
6038238
6185424
6243686
6158163
6005191
6271556
5958957
6187529
5920197
6018480
5994418
6160611
6066224
6010686
5922266
5990278
6009761
6185920
6344529
6523661
6537532
6389320
6642292
6370739
6644198
6540259
6617807
6398114
6571949
6358688
6527568
6461827
6532857
6342127
6405008
6621482
6389240
6282701
6341389
6312334
6543801
6967477
7020234
6957907
6717083
6739098
6991031
6879877
6791882
6752616
7046937
6676697
6963982
6973516
7037282
6838331
6838786
6988827
6737498
6880106
6716231
6710932
6765858
6946184
7386353
7303928
7356971
7402949
7171221
7384383
7346463
7063702
7087963
7357550
7155534
7322343
7228591
7055103
7330156
7394173
7275492
7119760
7386855
7087932
7093882
7373205
16985469
17074093
17095125
7450622
16926819
16981920
16922876
17105292
16968490
16863363
7444130
17065012
16917654
17083815
17056731
16940346
16873474
17060293
17102008
17074729
7440550
7449961
16938008
17101513
17008442
17212083
17275256
17433084
17359449
17338538
17324094
17340334
17125494
17120218
17419718
17235674
17217812
17313039
17213533
17463281
17290858
17163731
17178029
17302597
17386926
17321800
17632184
17715248
17693555
17518765
17659704
17496627
21107449
21072171
17719862
17558169
21095278
17661187
17695712
21110017
17698307
17710182
17627286
17523065
17592913
21124732
21073252
17694914
17648985
17523854
17613281
17566699
17670149
17628740
21161088
21147974
21332145
21348611
21303888
21291582
21327599
21285999
21177419
21293569
21396226
21393081
21151278
21741619
21500886
21738091
21749428
21781999
21531228
21703536
21805462
21505266
21496631
21662536
21709825
21549961
21817824
21821875
21816545
21774610
21515129
21656045
21676430
21687256
22106421
22113391
22167459
21979323
22129814
22074693
21922323
22060124
22042430
22163481
22214707
22459620
22224229
22398360
22466113
22378268
22442519
22342092
22401029
22626646
22656802
22587580
22757743
22820342
22756115
22671860
22600602
22588921
22628469
22967575
22941137
22969930
22894803
22856184
22955409
22982845
22862090
23091164
22935887
22844472
23150330
23085978
22886412
22839233
22949764
23074578
23056331
23109894
23121563
23412027
23205293
23169444
23228605
23341662
23403983
23277068
23331432
23253217
23157611
23430163
23241087
23202141
23580474
23630974
23582798
23780863
23835292
23623155
23799135
23686677
23734166
23614288
23639331
23782681
23729154
24089371
24068138
24056740
23922488
24085173
24113271
23950894
23985254
24163451
23997591
23973528
24036222
23864723
23846775
932204
1052008
872160
868267
1013374
1048500
956738
1009459
1071236
1018967
1050401
985609
1072236
1364129
1172677
1111785
1276492
1357156
1164182
1275351
1126681
1215469
1262924
1399852
1258617
1422965
1428275
1088918
1779170
1593753
1754582
1580949
1490274
1464881
1735658
1500329
1708695
1438520
1703266
1551674
1944537
1984236
1949890
2024072
2075085
1811983
2076617
2038116
1943000
1870290
1848945
2103445
1970100
2063120
2372562
2395704
2242766
2167648
2264447
2330973
2292862
2237746
2269066
2198127
2323566
2609351
2537648
2542844
2523263
2534282
2569778
2499018
2581524
2522484
2429249
2616340
2823738
2789285
2915710
2941388
3011464
2837569
2747213
2881791
2974808
3001254
2747063
2871803
3113704
3169928
3065024
3310237
3351006
3545983
3550230
3497759
3508270
3551306
3593893
3570588
3367265
3610810
3449168
3540363
3415245
3674294
3920198
3879617
3729427
3945426
3722102
3693914
3773911
3891987
3887254
3745506
3955613
3719046
3687991
4219639
3994498
4173123
4071513
4141758
4274712
4138379
4115285
4106551
3982249
4175137
4065540
4478943
4408405
4320508
4539263
4516764
4451210
7532224
4310040
7633058
7663665
7539257
4509495
4306725
4449849
4424279
7602264
7576482
7826974
7870525
7739143
7806051
7708125
7779525
7912225
8008705
7988204
7992141
7837779
7946726
7918398
7776100
7772022
8021895
8124486
8268341
8251303
8223829
8095807
8168422
8032669
8209250
8298345
8025716
8029443
8245347
8553513
8412417
8342822
8341633
8452517
8452539
8440571
8448916
8446645
8440719
8468878
8533369
8346395
8557052
8321320
8774016
8773985
8750069
8753791
8854560
8620650
8624807
8855456
8670360
8867064
8892213
8640880
8670921
8636148
8970783
8936594
9064251
9343463
9306729
9407191
9327430
9375181
9225305
9376120
9462122
9518664
9406163
9342307
9339352
9245099
9340554
9418506
9503242
9416156
9609092
9611469
9653449
9668793
9801733
9818678
9686014
9727347
9631937
9804047
9527360
9695153
9786643
9576316
9572253
9798466
9766669
9527336
9535366
10013411
10028253
10127760
10025796
10102166
9869829
10101561
9960793
9919375
10099492
10003298
9917580
10157893
9837069
9902637
10519762
10426009
10294963
10513982
10509093
10372468
10471777
10264978
10304077
10418431
10370011
10456555
10357287
10404134
10164624
10424071
10865234
10754643
10734049
10648348
10698978
10527628
10528075
10826023
10820778
10897439
10814550
10768130
10727031
10606433
10561150
10655343
10718368
10772300
10680443
10524523
10958841
11150338
10958834
10904449
10968761
10976924
10901803
11248827
10998598
10931205
11139551
11212840
11077023
11094793
11147762
11149695
11152402
10965798
11126244
10946569
11080315
11021068
11576958
11320938
11395106
11617953
11337303
11363653
11493311
11570575
11288427
11376378
11565203
11925135
11834821
11975715
11863356
11936793
11672471
11870305
11960127
11964431
11973551
11808279
11882477
11838018
11917874
11734279
11970309
11982872
11819015
12111449
12050272
12254654
12347176
12185998
12021791
12216345
12200391
12445926
12385133
12600146
12504572
12671517
12626143
12646605
12561269
12432194
12389018
12565297
12571908
12518025
12385218
13004238
12715997
12755087
12963023
12790803
12976843
12960704
12799085
12835333
12886960
12778181
12891928
12957445
12813888
12787860
12857706
12770273
12892308
12701483
12808418
12771186
12938570
13112627
13150279
13314310
13077277
13287580
13256309
13033282
13338327
13157383
13139150
13340259
13093137
13163604
13142102
13053482
13667123
13532661
13531485
13668495
13514372
13682755
13643051
13397464
13456555
13404301
13473080
13687615
13361822
13628820
13613269
13447861
13412255
13642932
13422261
13364526
13693315
13711003
13719041
13908938
13990436
13830332
13935727
13970087
14020352
13801112
13824707
14402591
14288315
14122241
14324051
14118729
14298385
14153847
14319075
14339202
14332473
14204680
14428792
14134410
14291147
14355066
14385053
14350834
14252130
14392530
14241913
14647892
14472057
14506257
14479563
14463599
14758469
14538995
14593764
14501038
14496217
14568715
14802644
14523001
14777453
14792673
14739863
14639359
14622972
14553146
14792653
14520413
15059463
14996354
14934582
15067370
15015123
15036797
15209848
15099522
15050624
15185942
14983939
14958012
15193009
14847849
15144812
14825655
15005756
14931207
15180151
15143619
14839976
15072375
15052210
14961775
15036436
14866961
14947486
15173491
15541886
15522736
15590270
15469151
15341977
15435803
15297171
15517795
15574933
15532902
15213991
15528668
15476260
15544622
15598180
15478003
15409954
15415747
15531542
15329154
15211321
15220439
15254290
15568766
15258728
15527272
15885653
15748251
15914540
15903339
15800304
15895964
15965864
15756106
15744353
15990758
15739880
15723103
15669988
15627567
15748224
15813751
15891670
15779995
15629815
15615518
15785272
15635107
15843279
15695409
16277405
16411554
16125124
16202803
16080949
16201311
16392893
16091016
16192070
16148093
16126821
16184621
16285874
16037442
16027213
16275275
16114773
16213799
16186489
16251897
16322742
16283036
16730714
16694484
16732110
16585940
16429765
16565566
16791800
16786560
16837728
16680023
16771007
16772405
16451582
16534206
16761690
16653662
16744006
16659101
16748057
18140612
18003140
18143902
17952641
18067356
18082632
18040815
18034354
18049983
17958363
17906090
17868852
17923879
17909981
17875674
17797806
17768519
17888320
18070211
18040499
18020442
18008609
18011727
18369295
18348664
18286349
18356591
18440016
18355256
18524508
18233707
18564689
18262890
18237209
18200615
18262305
18303022
18366877
18425878
18463550
18165725
18358062
18365343
18457593
18593018
18876041
18886854
18903377
18676834
18881768
18687528
18914977
18918453
18825401
18905440
18777589
18587428
18582042
18839706
18720940
18912516
18649437
18920822
19144173
19065176
19175542
19123768
19240781
19030478
19219665
19248141
19177141
19003918
18954289
19029359
19121312
19022038
19008047
19031733
18962190
19097115
19116910
19177148
19548895
19484227
19516236
19432871
19443517
19563445
19321158
19338009
19434679
19580796
19561948
19339109
19492872
19554565
19785439
19648541
19880853
19829206
19927422
19926449
19708313
19686866
19820688
19928581
19764252
19828063
19752221
19914799
19903618
19819181
19897730
19903776
19858403
19824711
19621282
19925386
19884349
19906963
19692246
19702093
19769167
19735280
19901121
19798973
19990261
20079092
19974129
20075676
20083833
20129375
20074218
20070887
20235961
20236169
20212390
20192723
20438561
20351339
20468321
20259428
20352515
20427289
20280597
20254567
20371308
20288319
20398210
20372537
20334947
20698217
20623696
20557286
20590238
20710390
20571318
20621226
20680160
20687355
20689235
20657355
20587530
20706021
20715071
20777402
20833846
20723078
20746436
20725611
20797457
20787947
20804594
20763243
20785317
20866511
20920965
20937258
20870476
20916350
20861579
20865682
21018374
20999955
21028253
20982821
20976339
21016556
20990672
20965851
20961058
20977329
21051581
21062290
74545
190201
182540
230554
255857
334185
418879
560275
569135
463861
531331
566615
379731
403779
518233
4837436
4838790
4678343
4600029
4686368
4731249
4824998
4636407
4564726
4831762
4841915
5050342
4934114
5131462
4942802
4959086
4993776
5505936
5313348
5327549
5197992
5325419
5305589
5849322
5598232
5755799
5725211
5592156
5543919
5825200
5642558
5893635
5783198
6046177
5927155
5922082
5908537
6184078
6456166
6357779
6468124
6525578
6332356
6288130
6355447
6667926
7051144
6677784
6685059
6778827
6905120
6920693
7101581
17084379
7435552
16894075
17286117
17274433
17342857
17157938
17597186
17524400
17480642
21384802
21461642
21401145
21203594
21420907
21486032
21549836
21751319
21666361
21665608
21825990
22164469
21895776
21995454
21978719
22280880
22587948
22578715
22721182
22849777
23245985
23281199
23247678
23267056
23581289
23580243
23809413
23594608
23614798
23616106
23582036
23593788
23795703
23840147
23541336
23954222
23884266
23849616
1045095
921843
24265735
856137
1066477
1308565
1289914
1506638
1793190
1851295
1876472
1943525
2370027
2178286
2634978
2602707
2948537
3016980
3015249
3194508
3140124
3056354
3116998
3128933
3463496
3533792
3916678
3923365
3964412
3802689
3973244
4229429
4027652
4012679
4108970
4183906
4112202
4406662
4459872
4354765
7930184
7763356
7933961
7950636
8244316
8133488
8174779
8269323
8189653
8483641
8458526
8611053
8604367
8605645
8404938
8495939
8860301
8753182
9072857
9111980
9431728
9411366
9274750
9522694
9287260
9542116
9786395
9764991
9697469
9843537
10178648
10420155
10352672
10348090
10337573
10166691
10388951
10336985
10375048
10481330
10660789
10664456
10609185
10662289
10581384
11236739
11231236
11238522
10927229
10917192
11057731
10919784
11365460
11355976
11626935
11417615
11651280
11379304
11437675
11401230
11699462
11785270
11932308
11780577
11957623
12313852
12586505
12675297
12643891
12625670
12517171
12459165
12882652
12686384
12692735
12703783
13201200
13186691
13095415
13245042
13063224
13245386
13637483
13573253
13813457
13755234
13935490
14069478
13740532
13923029
14026600
14049818
14226885
14144427
14420621
14149757
14315997
14413957
14328001
14255146
14189477
14391509
14401783
14094032
14239170
14443369
14814233
14476701
14668373
14761028
14604180
14756313
14832957
15005886
15047851
15155402
14828977
15010645
15208838
14910000
15036339
15254183
15480369
15345149
15543341
15607217
15414779
15604693
15242093
15548914
15284007
15230073
15574610
15987611
15637776
15819805
15919926
15888421
15951803
16288747
16390749
16214472
16085719
16063761
16178895
16479020
16805607
16637980
16562635
16803044
17858327
18055009
17919470
18024182
18101214
18172882
18489761
18541863
18527462
18416275
18402065
18306708
18648492
18752642
18623739
18656001
18905477
18654943
18762473
19237903
18997169
19574789
19581696
19343622
19327028
19374553
19470278
19285511
19375775
19929139
19835781
19929460
19927005
19928095
19715445
19926704
23483000
19927647
23483192
23483233
19914694
23483244
23483098
23483037
19928731
23483279
23483261
23483141
23483325
19928791
19737210
23483065
23483012
19928765
23483303
19718604
23483085
23483008
23483079
23483198
23483258
19936527
20032847
20121650
19995986
20163800
20059986
20194811
19972061
20058128
20097614
20052828
20454504
20443973
20392003
20433635
20293646
20531095
20704416
20555958
20715920
20732818
20804126
20801328
20763122
20875091
20855130
20883721
20993517
178224
400425
4885717
5764052
6011733
5901279
6523187
7221754
21516768
23896086
917534
24216004
1305630
1128811
1492054
1541626
2595739
3219035
3329934
4355908
7933373
8224922
8799313
11166089
12330695
12641788
13088404
13290819
14903357
15213323
16486177
17992460
19811879
16987719
23119208
23363752
8774537
14759790
14596917
15546465
19318150
19869921
20642091
5454943
5702258
6312625
6679895
7242732
7243441
22582512
22598680
22761613
23260397
918281
1087936
9014651
9238018
9299908
10132759
10040491
10606728
11047126
11856290
12142471
12470142
13016479
13149431
13666184
14562188
14456468
15128238
15008720
14907569
16046825
16362900
17809180
18170252
18512447
19102362
19713684
71063
6868167
7439187
17130728
17546360
21281847
21793262
22601475
23140598
23184879
23355528
23352177
23697007
1045890
1019294
1398038
2028765
2149181
3787533
4027162
4531882
4428517
13579321
14083195
15543826
15986215
16021203
18082719
18748471
19523436
19509527
20070149
20882943
92986
283417
292741
329479
346021
343860
577325
573438
533976
491604
377162
571184
4716383
4639532
4628138
5124778
4862473
5037095
4956156
5180002
4879810
5056817
5241993
5316376
5405675
5439121
5392375
5512298
5547191
5698396
5744703
5755908
5833222
5786770
5597135
5819081
5842276
5971241
6184914
6216702
6240176
6240115
5910599
6203592
5966299
6139014
6103850
6070196
5979964
5958664
6095137
5927389
5910099
6067288
6608109
6598558
6604937
6573810
6607874
6566365
6452148
6367473
7008076
7325401
7380463
7246122
17610493
17507804
21379220
21339858
21805414
21646118
21856428
22021458
22318468
22323193
22672563
22962989
23051985
22911398
23011736
23079661
23233881
23350838
23247863
23218013
23743120
23631134
23732479
24136761
24030775
23958504
24069138
24072963
23896347
865510
977101
924405
24215207
24205854
913320
1391871
1297279
1275589
1683589
1667598
1612845
1565093
1682540
2014943
2086810
1974549
2630745
2565858
2969097
2863244
2795340
2805114
3740859
3849347
4056588
4351390
4422971
7917896
8027142
8215687
8733583
9003162
9563412
9614153
9702790
10361086
11265995
11378426
11790064
12191331
12283875
12249311
12301742
12089229
12390274
12508478
12880937
13152119
13247068
13059982
13940653
13954094
14205372
14817220
14448789
14564425
14700461
14935587
14911095
15064057
14841562
14865416
14900115
15293674
15327415
15263714
15291490
15456728
15376648
15568488
15337724
15371164
15898895
15780904
15670595
15781893
15829874
15847031
15796684
15862277
16024902
16044310
16218560
16355834
16338656
16404461
16214536
16318648
16183982
16410649
16344733
16630828
16423598
16733833
16464929
16831425
16648210
16598874
16657659
16498989
17964029
18126624
17874927
17753022
17773803
17761801
17835223
17856789
18168390
18895805
18763372
18657066
18953192
19140374
19489228
19501109
19304486
19620582
20020556
20015900
20531765
20729536
20900570
20900568
21055211
110206
154606
89711
291777
358301
221694
252284
547201
514207
407281
4808718
4704692
5051151
5184349
5415201
5238090
5357820
5307666
5479023
5452145
5259059
5193640
5821232
5898616
5719608
5722700
6202771
6101322
6577281
6647540
6838919
7004605
6715240
7402989
7066283
7389657
16989466
17011710
7481696
17269001
17389083
17195842
17306967
17720776
17506685
21192780
21199837
21304732
21518140
22159524
21865224
21961808
22046433
21967256
22269139
22499844
22191994
22287451
22323448
22244704
22758606
23031526
23023144
23374655
23784991
23711274
23751075
23796115
24166005
24028630
24079864
1162592
1103774
2853142
3611303
3879717
3917944
3904626
3942817
4343791
7568154
7679659
7797681
7778095
7914586
7824100
7908101
8175323
8912411
8759044
8776933
8761079
8675526
9227092
9298504
9619992
9686488
9837314
10380706
10446485
10247574
10764932
10617428
10825745
11142378
11100516
11164967
11090071
11496529
11606824
11458251
11819426
11963916
12284060
12284009
12854699
12991087
13141670
13342676
13293930
13216730
13370317
13908471
13849837
14183370
14316945
14752041
14610988
14590263
14818158
14688430
14446035
14721235
14455402
15094852
15032503
15130344
14982809
15543959
15281799
15350676
15243580
15384498
15343268
15549350
15604572
15302470
15777228
15611295
16598126
16428977
16634355
16533089
16799641
16645458
16554979
17985238
17981381
18001324
17855762
17747157
18032651
18514233
18322950
18183454
18303699
18473466
18288372
18576325
18648053
18702507
19335726
20555400
20997988
20952881