#ndata= 256
#dataset= 1 ; 1 F0000-64_036
#desig= 000116-6037.0
#cra=    0.021052  00:01:15.8
#cdec= -60.616536 -60:36:59.5
#class= 0
#cmag_0=  9.923
#cmer_0=  0.103
#nskip_0= 5
#cmag_1=  9.933
#cmer_1=  0.106
#nskip_1= 1
#cmag_2=  9.958
#cmer_2=  0.101
#nskip_2= 4
#cmag_3=  9.983
#cmer_3=  0.100
#nskip_3= 5
#cmag_4= 10.012
#cmer_4=  0.101
#nskip_4= 5
#ra=    0.021052  00:01:15.8
#dec= -60.616536 -60:36:59.5
#     HJD      MAG_2  MAG_0  MAG_1  MAG_3  MAG_4    MER_2 MER_0 MER_1 MER_3 MER_4 GRADE FRAME
   1868.52578 10.130 10.027 10.098 10.165 10.193    0.029 0.066 0.034 0.031 0.032  A 33
   1869.54858  9.769  9.807  9.751  9.797  9.823    0.028 0.061 0.033 0.031 0.031  A 205
   1871.60353  9.894  9.817  9.851  9.921  9.959    0.033 0.078 0.039 0.034 0.034  B 506
   1873.57613  9.908  9.830  9.875  9.938  9.972    0.027 0.063 0.032 0.029 0.028  A 817
   1875.57057  9.953  9.828  9.925  9.968 10.002    0.028 0.066 0.033 0.031 0.030  A 1137
   1879.55907  9.957  9.838  9.948  9.981 10.012    0.027 0.055 0.031 0.030 0.030  A 1767
   1881.54612  9.896  9.879  9.869  9.916  9.954    0.025 0.044 0.029 0.027 0.027  A 2074
   1885.53870  9.951  9.926  9.948  9.970  9.995    0.026 0.051 0.031 0.027 0.027  A 2382
   1887.56380 10.038 10.035 10.037 10.066 10.097    0.029 0.066 0.034 0.032 0.032  A 2712
   1900.59714  9.962  9.875  9.901  9.974 10.007    0.028 0.049 0.032 0.030 0.030  A 3336
   1906.54666  9.957  9.878  9.956  9.982 10.005    0.026 0.043 0.030 0.026 0.027  A 4114
   1914.58590  9.951  9.910  9.940  9.985 10.018    0.028 0.051 0.033 0.028 0.029  A 4748
   1920.53898 10.009 10.001 10.003 10.035 10.062    0.025 0.043 0.031 0.027 0.028  A 5421
   1923.55159  9.974  9.958  9.989 10.004 10.031    0.027 0.045 0.032 0.029 0.030  A 5902
   1927.54735  9.937  9.869  9.950  9.971 10.002    0.028 0.047 0.034 0.030 0.031  A 6571
   1931.53553  9.923  9.875  9.916  9.948  9.977    0.031 0.045 0.037 0.031 0.031  A 7220
   1949.51589  9.781  9.782  9.751  9.797  9.839    0.044 0.054 0.052 0.049 0.051  B 9141
   2033.89015  9.938  9.907  9.907  9.977 10.008    0.029 0.043 0.034 0.030 0.030  A 18558
   2039.91969 10.095 10.002 10.074 10.118 10.149    0.034 0.068 0.037 0.038 0.041  B 19358
   2052.90142  9.755  9.706  9.726  9.782  9.810    0.027 0.050 0.030 0.029 0.029  A 19932
   2054.85790  9.821  9.815  9.798  9.849  9.885    0.035 0.079 0.041 0.039 0.040  B 20344
   2056.84490  9.952  9.984  9.933  9.983 10.015    0.033 0.070 0.037 0.035 0.035  B 20788
   2057.92198  9.926  9.838  9.881  9.955  9.995    0.029 0.058 0.032 0.032 0.033  A 21048
   2064.91785 10.001 10.027  9.983 10.024 10.058    0.030 0.063 0.034 0.032 0.033  A 21668
   2067.81875  9.960  9.921  9.932  9.986 10.018    0.032 0.064 0.036 0.034 0.035  A 21928
   2068.81539 10.011  9.927  9.979 10.030 10.072    0.043 0.071 0.042 0.051 0.057  B 22152
   2069.81088 10.056 10.079 10.035 10.078 10.110    0.033 0.072 0.038 0.037 0.038  B 22373
   2080.80883 10.142 10.157 10.118 10.176 10.213    0.029 0.064 0.034 0.031 0.032  A 22972
   2082.87625 10.127 10.086 10.113 10.153 10.182    0.034 0.073 0.038 0.036 0.036  B 23467
   2085.87054  9.898  9.888  9.878  9.936  9.966    0.029 0.052 0.035 0.031 0.032  A 23919
   2087.78551  9.960  9.891  9.943  9.981  9.999    0.060 0.068 0.054 0.076 0.087  D 24327
   2088.83297  9.981  9.867  9.947 10.005 10.038    0.033 0.068 0.037 0.030 0.031  B 24576
   2093.77810  9.874  9.811  9.837  9.899  9.927    0.033 0.074 0.037 0.036 0.036  B 24773
   2094.78134  9.795  9.777  9.783  9.822  9.848    0.033 0.072 0.037 0.038 0.040  B 25061
   2095.76623  9.957  9.932  9.930  9.972 10.006    0.040 0.063 0.041 0.047 0.052  A 25281
   2096.76042  9.967  9.925  9.927 10.003 10.034    0.051 0.084 0.055 0.055 0.061  B 25504
   2103.89063 10.021  9.967 10.024 10.063 10.081    0.033 0.058 0.039 0.035 0.035  A 25917
   2104.82889 10.016  9.964 10.033 10.042 10.060    0.028 0.050 0.033 0.029 0.031  A 26092
   2105.79943  9.935  9.869  9.899  9.959  9.990    0.032 0.063 0.037 0.033 0.034  A 26300
   2106.80196 10.055 10.012 10.019 10.085 10.117    0.031 0.064 0.036 0.032 0.033  A 26504
   2114.82891  9.911  9.890  9.887  9.934  9.969    0.043 0.059 0.047 0.046 0.046  A 26743
   2115.90455  9.739  9.693  9.727  9.761  9.786    0.028 0.047 0.035 0.030 0.029  A 26978
   2116.77844  9.978  9.953  9.969 10.001 10.030    0.031 0.062 0.037 0.033 0.032  A 27148
   2117.76363  9.995  9.971  9.958 10.024 10.057    0.032 0.067 0.039 0.033 0.033  A 27360
   2124.68527  9.932  9.870  9.898  9.943  9.988    0.058 0.082 0.059 0.065 0.074  D 27672
   2128.69725  9.657  9.639  9.640  9.683  9.711    0.029 0.059 0.035 0.032 0.034  A 27965
   2129.72110  9.998  9.898  9.986 10.013 10.038    0.031 0.072 0.039 0.032 0.032  B 28190
   2130.73848 10.001 10.008  9.965 10.022 10.054    0.031 0.067 0.038 0.032 0.032  A 28414
   2131.73318  9.961  9.895  9.947  9.988 10.016    0.032 0.071 0.039 0.033 0.034  B 28611
   2132.73795  9.931  9.892  9.891  9.955  9.966    0.028 0.049 0.033 0.030 0.030  A 28825
   2133.73774  9.837  9.800  9.796  9.854  9.889    0.028 0.048 0.033 0.030 0.031  A 29041
   2134.73104  9.939  9.926  9.916  9.966  9.993    0.034 0.061 0.040 0.035 0.034  A 29252
   2135.72730 10.101 10.065 10.083 10.115 10.154    0.044 0.066 0.045 0.052 0.057  B 29465
   2136.72760  9.998  9.947  9.991 10.020 10.056    0.029 0.056 0.033 0.031 0.032  A 29679
   2141.72632 10.116 10.073 10.087 10.148 10.180    0.031 0.059 0.035 0.032 0.032  A 30433
   2143.70938  9.756  9.730  9.729  9.795  9.824    0.031 0.055 0.036 0.032 0.032  A 30831
   2144.71099  9.955  9.936  9.934  9.984 10.010    0.032 0.066 0.036 0.034 0.034  A 31036
   2145.70215  9.904  9.859  9.876  9.930  9.960    0.029 0.053 0.033 0.032 0.032  A 31236
   2439.89922  9.989  9.930  9.985 10.027 10.070    0.025 0.032 0.033 0.027 0.024  A 7956
   2445.79343 10.005  9.987  9.979 10.038 10.068    0.026 0.037 0.035 0.027 0.027  A 9163
   2446.89580  9.999  9.928  9.976 10.018 10.048    0.034 0.042 0.044 0.034 0.030  A 9367
   2454.76009 10.318 10.140 10.255 10.395 10.447    0.098 0.087 0.095 0.109 0.111  D 9905
   2465.81248 10.053 10.048 10.041 10.080 10.118    0.034 0.036 0.039 0.039 0.028  A 11135
   2466.82233  9.916  9.901  9.879  9.941  9.971    0.027 0.032 0.034 0.030 0.026  A 11358
   2467.80317  9.980  9.927  9.970 10.005 10.028    0.026 0.032 0.033 0.027 0.024  A 11568
   2471.83976  9.663  9.644  9.660  9.695  9.718    0.030 0.038 0.036 0.034 0.031  A 12563
   2482.70168  9.808  9.757  9.797  9.820  9.831    0.036 0.043 0.042 0.043 0.036  A 13183
   2489.72472  9.958  9.944  9.951  9.999 10.042    0.036 0.040 0.043 0.039 0.039  A 13885
   2492.80969 10.006 10.003  9.994 10.041 10.063    0.037 0.043 0.041 0.044 0.039  A 14357
   2493.76317 10.042 10.007 10.008 10.077 10.099    0.035 0.052 0.042 0.036 0.033  A 14528
   2494.74797  9.974  9.956  9.944  9.977 10.028    0.057 0.065 0.064 0.064 0.057  D 14710
   2498.73317  9.935  9.934  9.902  9.966  9.999    0.037 0.041 0.044 0.042 0.032  A 15478
   2499.74024 10.073 10.017 10.072 10.112 10.133    0.031 0.035 0.038 0.036 0.029  A 15691
   2500.69221  9.952  9.929  9.934  9.964  9.992    0.034 0.040 0.041 0.037 0.032  A 15884
   2501.72831 10.025  9.995  9.998 10.051 10.082    0.032 0.039 0.038 0.035 0.031  A 16048
   2502.73741  9.813  9.787  9.785  9.837  9.864    0.033 0.039 0.039 0.040 0.035  A 16264
   2508.67660 10.074 10.034 10.057 10.096 10.120    0.032 0.039 0.039 0.035 0.036  A 16808
   2519.76722 10.131 10.047 10.121 10.159 10.174    0.025 0.030 0.032 0.027 0.026  A 18053
   2521.78060  9.927  9.896  9.889  9.949  9.985    0.029 0.038 0.038 0.028 0.027  A 18457
   2521.83190 10.045  9.998 10.032 10.066 10.104    0.035 0.042 0.044 0.035 0.032  A 18479
   2529.66550 10.063 10.015 10.031 10.094 10.122    0.039 0.058 0.049 0.039 0.037  A 19089
   2540.60018  9.924  9.874  9.885  9.953  9.995    0.041 0.061 0.051 0.040 0.039  A 19696
   2544.67420 10.074 10.051 10.049 10.102 10.132    0.034 0.034 0.037 0.032 0.030  A 19998
   2545.70842  9.742  9.630  9.725  9.758  9.781    0.038 0.041 0.043 0.034 0.031  A 20202
   2549.85383  9.876  9.855  9.837  9.879  9.919    0.037 0.045 0.043 0.041 0.036  A 20870
   2556.67979  9.945  9.916  9.916  9.966 10.003    0.036 0.044 0.039 0.044 0.038  A 21709
   2558.64018  9.646  9.573  9.633  9.669  9.696    0.023 0.031 0.032 0.023 0.023  A 22048
   2560.63732  9.980  9.959  9.955 10.008 10.043    0.035 0.036 0.035 0.034 0.033  A 22406
   2562.63196 10.029  9.975 10.019 10.056 10.085    0.024 0.031 0.029 0.027 0.027  A 22732
   2563.65055  9.904  9.869  9.862  9.930  9.959    0.029 0.049 0.038 0.028 0.028  A 22919
   2564.65201  9.874  9.794  9.855  9.893  9.924    0.030 0.042 0.037 0.031 0.032  A 23099
   2620.54511  9.835  9.825  9.802  9.851  9.884    0.026 0.036 0.036 0.027 0.026  A 29432
   2622.57245  9.940  9.899  9.912  9.960  9.992    0.029 0.035 0.036 0.029 0.029  A 29940
   2624.62156  9.984  9.987  9.960 10.013 10.048    0.029 0.044 0.037 0.030 0.030  A 30245
   2627.62561  9.751  9.701  9.706  9.773  9.801    0.029 0.033 0.032 0.032 0.033  A 30567
   2629.62508 10.079 10.069 10.057 10.110 10.133    0.031 0.052 0.034 0.034 0.036  A 30868
   2634.56414  9.624  9.555  9.595  9.648  9.677    0.030 0.050 0.035 0.030 0.029  A 32047
   2636.59087 10.069 10.042 10.041 10.089 10.127    0.026 0.040 0.030 0.027 0.027  A 32362
   2638.60050  9.967  9.947  9.945  9.988 10.015    0.029 0.045 0.034 0.030 0.030  A 32657
   2640.60095  9.972  9.882  9.922 10.000 10.038    0.027 0.045 0.032 0.028 0.027  A 32967
   2642.59879 99.999 99.999 99.999 99.999 99.999    0.029 0.038 0.032 0.032 0.030  C 33251
   2644.59464  9.976  9.905  9.941 10.002 10.036    0.032 0.052 0.036 0.035 0.035  A 33554
   2646.57632  9.939  9.864  9.903  9.967  9.998    0.034 0.038 0.037 0.039 0.037  A 33848
   2649.57275  9.716  9.670  9.679  9.746  9.777    0.027 0.034 0.031 0.029 0.028  A 34100
   2651.57787  9.992  9.968  9.976 10.025 10.048    0.031 0.040 0.036 0.031 0.031  A 34412
   2657.54753  9.974  9.883  9.933  9.989 10.013    0.032 0.049 0.035 0.036 0.037  A 35389
   2659.56564 10.044 10.038 10.035 10.062 10.089    0.028 0.045 0.033 0.030 0.031  A 35739
   2661.56257  9.775  9.713  9.739  9.800  9.830    0.027 0.033 0.030 0.030 0.030  A 36080
   2663.56143 10.091 10.018 10.060 10.111 10.144    0.029 0.039 0.032 0.031 0.032  A 36418
   2665.56133  9.933  9.899  9.901  9.961  9.994    0.029 0.042 0.035 0.030 0.030  A 36769
   2668.53653  9.900  9.863  9.869  9.936  9.974    0.033 0.040 0.036 0.036 0.039  A 37232
   2670.53923 10.014  9.983  9.992 10.046 10.082    0.028 0.034 0.032 0.031 0.030  A 37549
   2672.54228  9.956  9.943  9.925  9.983 10.017    0.028 0.041 0.034 0.029 0.029  A 37885
   2674.53695  9.967  9.970  9.943  9.993 10.026    0.028 0.037 0.033 0.029 0.029  A 38226
   2681.51893 10.098 10.041 10.066 10.132 10.157    0.045 0.049 0.046 0.048 0.048  B 39409
   2744.91971  9.770  9.724  9.743  9.790  9.816    0.029 0.036 0.032 0.031 0.033  A 50842
   2758.92319  9.975  9.976  9.954  9.998 10.031    0.029 0.031 0.032 0.032 0.032  A 53139
   2818.92383  9.836  9.810  9.814  9.875  9.903    0.036 0.036 0.040 0.041 0.040  A 61191
   2833.88612  9.943  9.911  9.928  9.959  9.991    0.044 0.044 0.046 0.051 0.051  B 63216
   2851.83502 10.011 10.011  9.977 10.026 10.059    0.040 0.039 0.043 0.045 0.043  A 65524
   2862.81310  9.921  9.893  9.863  9.944  9.979    0.036 0.038 0.041 0.040 0.042  A 67240
   2871.81996  9.967  9.932  9.967 10.031 10.058    0.028 0.030 0.034 0.031 0.030  A 68027
   2874.72594  9.961  9.983  9.943  9.993 10.028    0.037 0.035 0.040 0.035 0.030  A 68400
   2883.69412 10.013  9.952  9.982 10.028 10.050    0.034 0.032 0.037 0.035 0.033  A 69643
   2886.74833  9.967  9.926  9.931  9.986 10.014    0.026 0.033 0.031 0.026 0.025  A 70284
   2890.78061  9.905  9.845  9.878  9.920  9.939    0.036 0.046 0.038 0.039 0.041  A 70565
   2894.72384  9.935  9.850  9.904  9.952  9.970    0.035 0.038 0.040 0.038 0.040  A 71114
   2903.76695  9.924  9.914  9.895  9.956  9.994    0.033 0.037 0.036 0.034 0.034  A 72720
   2907.87943  9.944  9.866  9.911  9.972 10.009    0.072 0.069 0.069 0.080 0.087  D 73336
   2916.72157 10.027  9.966 10.022 10.058 10.080    0.034 0.037 0.038 0.035 0.034  A 74613
   2921.71043  9.916  9.876  9.891  9.949  9.981    0.034 0.034 0.035 0.040 0.044  A 75112
   2926.70287  9.814  9.760  9.792  9.845  9.869    0.030 0.035 0.034 0.032 0.030  A 75844
   2930.68876  9.918  9.830  9.908  9.938  9.957    0.031 0.035 0.036 0.030 0.028  A 76561
   2932.67415  9.907  9.897  9.883  9.939  9.964    0.028 0.032 0.032 0.030 0.030  A 76910
   2934.66872  9.982  9.958  9.953 10.004 10.033    0.027 0.040 0.038 0.034 0.035  A 77262
   2936.67113  9.825  9.799  9.796  9.853  9.885    0.036 0.038 0.038 0.040 0.044  A 77614
   2939.70741 10.026  9.992 10.005 10.057 10.084    0.023 0.035 0.028 0.025 0.025  A 77845
   2942.75165 10.102 10.063 10.072 10.129 10.155    0.031 0.037 0.042 0.030 0.030  A 78250
   2944.59176  9.991  9.984  9.964 10.014 10.044    0.026 0.033 0.031 0.026 0.026  A 78507
   2945.63370  9.914  9.864  9.905  9.950  9.977    0.047 0.048 0.048 0.052 0.055  B 78703
   2949.66367  9.949  9.884  9.914  9.972  9.999    0.027 0.035 0.031 0.030 0.033  A 79293
   2951.67564  9.926  9.864  9.890  9.944  9.963    0.061 0.065 0.061 0.065 0.067  D 79578
   2953.69228  9.908  9.854  9.885  9.941  9.967    0.040 0.037 0.040 0.046 0.050  A 79853
   2955.69630 10.097 10.079 10.060 10.136 10.167    0.029 0.033 0.033 0.030 0.031  A 80110
   2957.69004  9.758  9.700  9.726  9.777  9.807    0.072 0.083 0.077 0.074 0.075  D 80398
   2961.74825 10.229 10.276 10.244 10.242 10.263    0.030 0.034 0.032 0.034 0.034  A 80963
   2963.71581  9.961  9.910  9.946 10.000 10.030    0.029 0.032 0.032 0.032 0.033  A 81231
   2965.74567  9.827  9.791  9.809  9.854  9.888    0.028 0.032 0.032 0.030 0.031  A 81529
   2967.73165  9.926  9.875  9.887  9.951  9.985    0.041 0.051 0.046 0.044 0.045  A 81807
   2969.65554  9.657  9.601  9.625  9.675  9.702    0.031 0.032 0.033 0.035 0.037  A 82059
   2972.54439 10.013  9.965  9.974 10.033 10.064    0.026 0.030 0.031 0.028 0.029  A 82349
   2974.56276  9.908  9.818  9.865  9.930  9.971    0.065 0.065 0.066 0.067 0.067  D 82554
   2975.71792 10.075 10.009 10.047 10.090 10.118    0.029 0.035 0.033 0.032 0.034  A 82749
   2977.65174 10.172 10.113 10.135 10.183 10.208    0.057 0.053 0.055 0.057 0.058  D 82993
   2979.66896  9.935  9.918  9.909  9.965  9.993    0.031 0.034 0.033 0.034 0.036  A 83268
   2981.68774 10.046  9.990 10.012 10.074 10.103    0.036 0.038 0.037 0.040 0.046  A 83531
   2984.54988  9.919  9.862  9.889  9.957  9.991    0.026 0.033 0.031 0.028 0.029  A 83874
   2986.55845  9.956  9.939  9.918  9.984 10.015    0.032 0.036 0.036 0.034 0.035  A 84142
   2988.66985 10.027  9.980 10.004 10.060 10.088    0.026 0.030 0.029 0.028 0.030  A 84402
   2991.54860  9.992  9.961  9.980 10.026 10.065    0.027 0.034 0.033 0.029 0.029  A 84745
   2993.58436  9.970  9.934  9.934  9.992 10.019    0.026 0.032 0.030 0.029 0.030  A 85036
   2995.63454 10.009  9.987  9.981 10.029 10.061    0.028 0.034 0.032 0.030 0.031  A 85309
   2998.55126  9.918  9.869  9.913  9.963  9.994    0.027 0.031 0.030 0.030 0.031  A 85687
   3001.54774  9.868  9.821  9.834  9.914  9.950    0.049 0.052 0.048 0.056 0.062  B 85955
   3005.58597 10.052  9.974 10.022 10.093 10.119    0.067 0.058 0.066 0.071 0.072  D 86442
   3007.59813  9.952  9.901  9.942  9.989 10.027    0.030 0.032 0.033 0.034 0.036  A 86707
   3010.59781 10.016  9.981  9.988 10.033 10.055    0.036 0.036 0.038 0.040 0.046  A 87096
   3012.59438  9.885  9.876  9.860  9.911  9.940    0.038 0.039 0.038 0.045 0.049  A 87359
   3023.56056 10.114 10.024 10.076 10.139 10.170    0.032 0.037 0.035 0.034 0.036  A 88270
   3028.55768 10.060 10.056 10.039 10.073 10.100    0.051 0.050 0.051 0.055 0.057  B 88544
   3031.54793  9.766  9.692  9.745  9.779  9.810    0.029 0.034 0.032 0.032 0.034  A 88820
   3034.55606  9.985  9.947  9.968 10.011 10.034    0.039 0.038 0.040 0.045 0.052  A 89107
   3039.53272 10.070 10.043 10.046 10.101 10.133    0.034 0.037 0.036 0.040 0.044  A 89515
   3044.52384  9.998  9.935  9.962 10.043 10.088    0.063 0.052 0.057 0.077 0.090  D 90018
   3107.91924  9.982  9.923  9.966 10.013 10.052    0.077 0.074 0.077 0.081 0.085  D 98480
   3115.92189  9.971  9.925  9.932 10.001 10.024    0.073 0.076 0.078 0.077 0.078  D 99756
   3146.91575  9.783  9.722  9.765  9.804  9.837    0.033 0.032 0.034 0.037 0.042  A 103617
   3166.89814 10.014  9.909  9.968 10.044 10.070    0.072 0.063 0.068 0.080 0.087  D 105499
   3175.90369 10.100 10.059 10.085 10.119 10.148    0.028 0.032 0.031 0.031 0.032  A 106678
   3179.83327 10.043 10.016 10.018 10.072 10.105    0.025 0.032 0.028 0.028 0.029  A 107268
   3183.84466  9.978  9.936  9.946 10.001 10.037    0.030 0.036 0.032 0.034 0.037  A 107724
   3186.85845  9.924  9.903  9.873  9.950  9.980    0.034 0.036 0.036 0.039 0.043  A 108168
   3190.81444  9.966  9.911  9.929  9.999 10.033    0.034 0.048 0.040 0.037 0.041  A 108666
   3194.89398  9.807  9.767  9.779  9.836  9.867    0.034 0.046 0.040 0.035 0.037  A 109146
   3211.91637 10.056 10.009 10.028 10.081 10.105    0.026 0.032 0.033 0.027 0.026  A 109538
   3276.72805 10.072 10.060 10.042 10.095 10.115    0.034 0.036 0.037 0.040 0.044  A 116597
   3356.57837 10.054 10.042 10.040 10.075 10.100    0.047 0.052 0.044 0.051 0.055  B 124456
   3382.56257  9.976  9.921  9.948 10.001 10.037    0.074 0.077 0.069 0.077 0.081  D 125602
   3394.52754 10.087 10.044 10.052 10.114 10.133    0.032 0.039 0.031 0.038 0.042  A 127103
   3397.53697  9.878  9.855  9.862  9.907  9.936    0.028 0.038 0.029 0.032 0.034  A 127467
   3400.53113  9.986  9.967  9.958 10.007 10.026    0.039 0.071 0.040 0.043 0.045  B 127874
   3404.52513 10.004  9.921  9.976 10.023 10.044    0.052 0.042 0.046 0.056 0.060  B 128367
   3407.52379  9.839  9.827  9.813  9.867  9.876    0.064 0.064 0.060 0.073 0.076  D 128838
   3410.52012  9.991  9.948  9.964 10.021 10.056    0.033 0.053 0.035 0.037 0.040  A 129308
   3415.51515 10.075 10.051 10.057 10.094 10.124    0.030 0.038 0.031 0.036 0.039  A 130064
   3530.90217  9.998  9.964  9.986 10.024 10.059    0.053 0.046 0.050 0.057 0.061  B 146455
   3584.86065 10.033  9.939 10.013 10.057 10.072    0.037 0.046 0.040 0.040 0.040  A 153079
   3615.82422 10.014 10.016 10.002 10.023 10.045    0.036 0.037 0.035 0.043 0.049  A 156966
   3650.58673  9.855  9.841  9.822  9.877  9.907    0.024 0.032 0.030 0.027 0.027  A 161294
   3652.63996  9.768  9.755  9.746  9.797  9.825    0.033 0.047 0.037 0.038 0.042  A 161605
   3654.63498  9.989  9.938  9.962 10.003 10.024    0.038 0.056 0.037 0.047 0.053  A 161879
   3656.63481 10.066 10.004 10.048 10.084 10.121    0.028 0.040 0.032 0.031 0.033  A 162177
   3658.65244  9.910  9.864  9.899  9.926  9.943    0.030 0.040 0.033 0.033 0.034  A 162479
   3660.68054  9.712  9.640  9.694  9.728  9.745    0.033 0.045 0.035 0.039 0.044  A 162797
   3662.70617 10.038  9.981 10.004 10.070 10.080    0.040 0.043 0.038 0.049 0.057  B 163089
   3675.59915  9.966  9.967  9.964  9.993 10.030    0.028 0.040 0.032 0.031 0.031  A 164820
   3700.59080  9.794  9.740  9.767  9.811  9.830    0.031 0.048 0.033 0.035 0.039  A 168026
   3705.61107  9.911  9.982  9.904  9.920  9.950    0.032 0.041 0.033 0.038 0.039  A 168699
   3713.63761 10.109 10.071 10.084 10.120 10.152    0.034 0.059 0.040 0.037 0.039  A 169540
   3715.67409 10.049 10.053 10.017 10.085 10.118    0.041 0.061 0.041 0.048 0.056  B 169839
   3718.57377  9.824  9.766  9.793  9.856  9.887    0.036 0.048 0.038 0.041 0.045  A 170179
   3720.65529  9.812  9.826  9.798  9.835  9.854    0.036 0.048 0.036 0.042 0.047  A 170444
   3726.56827 10.095 10.025 10.057 10.126 10.166    0.047 0.095 0.053 0.049 0.051  B 171114
   3728.62485 10.081 10.015 10.046 10.099 10.109    0.037 0.049 0.037 0.043 0.045  A 171408
   3735.57843 10.086 10.077 10.053 10.113 10.136    0.030 0.038 0.033 0.032 0.034  A 172192
   3738.54759 10.023 10.019 10.012 10.049 10.079    0.030 0.065 0.036 0.033 0.034  A 172599
   3740.59539 10.051 10.049 10.041 10.066 10.094    0.028 0.050 0.030 0.032 0.034  A 172893
   3743.59539  9.950  9.942  9.929  9.973 10.008    0.030 0.042 0.033 0.034 0.037  A 173265
   3749.58698  9.965  9.939  9.946  9.982 10.009    0.042 0.041 0.039 0.050 0.057  B 174079
   3753.56672 10.040 10.026 10.027 10.059 10.086    0.036 0.039 0.036 0.040 0.043  A 174632
   3756.55928  9.983  9.975  9.971 10.004 10.040    0.038 0.039 0.036 0.046 0.053  A 175037
   3759.55019  9.976  9.961  9.955  9.990 10.009    0.034 0.040 0.033 0.041 0.044  A 175454
   3762.55229 10.023  9.962  9.986 10.051 99.999    0.042 0.053 0.041 0.048 0.051  C 175848
   3765.54565  9.928  9.931  9.907  9.939  9.964    0.038 0.054 0.036 0.042 0.044  A 176264
   3768.53948 10.045 10.034 10.030 10.075 10.104    0.043 0.054 0.043 0.048 0.051  A 176680
   3772.53234  9.951  9.906  9.932  9.961  9.994    0.032 0.039 0.031 0.036 0.038  A 177186
   3776.52155  9.779  9.768  9.762  9.808  9.838    0.046 0.068 0.050 0.054 0.062  B 177757
   4084.58656 10.075 10.114 10.056 10.100 10.137    0.039 0.054 0.045 0.042 0.046  A 208467
   4090.59028 10.071 10.056 10.041 10.092 10.135    0.031 0.051 0.034 0.035 0.038  A 209243
   4107.55848 10.035  9.962 10.040 10.048 10.088    0.034 0.080 0.048 0.036 0.038  B 211073
   4111.56005 10.071 10.060 10.062 10.096 10.125    0.038 0.057 0.054 0.041 0.043  B 211358
   4125.55386  9.907  9.894  9.887  9.933  9.961    0.032 0.043 0.033 0.036 0.039  A 211507
   4127.56596  9.979  9.945  9.944  9.997 10.013    0.032 0.042 0.038 0.035 0.036  A 211773
   4131.53920  9.869  9.873  9.851  9.899  9.928    0.031 0.044 0.032 0.037 0.039  A 212283
   4134.54190 10.003  9.977  9.980 10.026 10.054    0.037 0.055 0.036 0.043 0.048  A 212695
   4137.53225  9.911  9.891  9.889  9.933  9.957    0.029 0.040 0.029 0.032 0.033  A 213096
   4366.82671 10.039  9.978 10.016 10.057 10.079    0.030 0.042 0.037 0.034 0.036  A 240751
   4372.69613  9.980  9.927  9.940  9.989 10.025    0.038 0.041 0.039 0.045 0.051  A 241652
   4392.60994  9.924  9.909  9.903  9.949  9.978    0.032 0.037 0.033 0.037 0.041  A 244508
   4398.72939  9.663  9.652  9.625  9.687  9.707    0.037 0.044 0.039 0.044 0.048  A 244747
   4410.61002  9.960  9.931  9.953  9.979 10.001    0.028 0.036 0.031 0.030 0.032  A 245960
   4427.62821  9.973  9.923  9.972  9.992  9.991    0.035 0.041 0.035 0.043 0.049  A 247054
   4439.58533 10.009  9.962  9.990 10.021 10.047    0.046 0.065 0.051 0.048 0.047  B 248510
   4452.62330 10.039  9.981 10.032 10.044 10.076    0.051 0.052 0.050 0.054 0.057  B 250014
   4455.60626  9.951  9.920  9.947  9.975 10.019    0.036 0.046 0.035 0.043 0.049  A 250330
   4458.58725  9.958  9.944  9.913  9.980  9.988    0.036 0.045 0.037 0.043 0.047  A 250681
   4461.58505  9.852  9.828  9.864  9.857  9.904    0.037 0.052 0.040 0.048 0.050  A 251016
   4466.59288  9.659  9.625  9.630  9.692  9.712    0.033 0.044 0.036 0.037 0.039  A 251629
   4469.58368  9.969  9.947  9.958 10.004 10.030    0.036 0.045 0.039 0.039 0.043  A 251963
   4473.58488  9.928  9.937  9.930  9.952  9.968    0.031 0.044 0.035 0.036 0.038  A 252346
   4476.58002 10.019  9.990 10.018 10.048 10.080    0.034 0.041 0.035 0.039 0.042  A 252624
   4479.55779  9.816  9.775  9.806  9.828  9.840    0.029 0.044 0.034 0.033 0.036  A 252989
   4482.56306  9.996  9.959  9.935 10.021 10.044    0.046 0.054 0.042 0.051 0.056  B 253302
   4494.54413  9.720  9.698  9.682  9.746  9.777    0.035 0.043 0.038 0.037 0.038  A 254616
   4498.54477 10.083 10.065 10.083 10.104 10.126    0.035 0.047 0.039 0.039 0.041  A 254874
#dataset= 1 ; 2 F0000-64_036
#desig= 000114-6036.8
#cra=    0.020613  00:01:14.2
#cdec= -60.613614 -60:36:49.0
#class= 0
#cmag_0= 10.494
#cmer_0=  0.000
#nskip_0= 0
#cmag_1= 10.208
#cmer_1=  0.000
#nskip_1= 0
#cmag_2= 10.094
#cmer_2=  0.000
#nskip_2= 0
#cmag_3= 10.019
#cmer_3=  0.000
#nskip_3= 0
#cmag_4= 10.013
#cmer_4=  0.000
#nskip_4= 0
#ra=    0.020613  00:01:14.2
#dec= -60.613614 -60:36:49.0
#     HJD      MAG_2  MAG_0  MAG_1  MAG_3  MAG_4    MER_2 MER_0 MER_1 MER_3 MER_4 GRADE FRAME
   2967.73165 10.094 10.495 10.208 10.019 10.014    0.041 0.051 0.046 0.044 0.045  A 81807
#ndata= 1
#dataset= 2 ; 1 F0100-64_037
#desig= 000116-6037.0
#cra=    0.021136  00:01:16.1
#cdec= -60.616686 -60:37:00.1
#class= 0
#cmag_0= 10.099
#cmer_0=  0.000
#nskip_0= 0
#cmag_1= 10.156
#cmer_1=  0.000
#nskip_1= 0
#cmag_2= 10.144
#cmer_2=  0.000
#nskip_2= 0
#cmag_3= 10.142
#cmer_3=  0.000
#nskip_3= 0
#cmag_4= 10.145
#cmer_4=  0.000
#nskip_4= 0
#ra=    0.021136  00:01:16.1
#dec= -60.616686 -60:37:00.1
#     HJD      MAG_2  MAG_0  MAG_1  MAG_3  MAG_4    MER_2 MER_0 MER_1 MER_3 MER_4 GRADE FRAME
   2521.83190 10.144 10.099 10.157 10.143 10.146    0.027 0.030 0.033 0.027 0.027  A 18479
#ndata= 2
#dataset= 3 ; 1 F2300-64_059
#desig= 000116-6037.0
#cra=    0.021248  00:01:16.5
#cdec= -60.616561 -60:36:59.6
#class= 0
#cmag_0=  9.905
#cmer_0=  0.018
#nskip_0= 0
#cmag_1=  9.889
#cmer_1=  0.025
#nskip_1= 0
#cmag_2=  9.898
#cmer_2=  0.015
#nskip_2= 0
#cmag_3=  9.901
#cmer_3=  0.012
#nskip_3= 0
#cmag_4=  9.927
#cmer_4=  0.008
#nskip_4= 0
#ra=    0.021248  00:01:16.5
#dec= -60.616561 -60:36:59.6
#     HJD      MAG_3  MAG_0  MAG_1  MAG_2  MAG_4    MER_3 MER_0 MER_1 MER_2 MER_4 GRADE FRAME
   2500.69221  9.909  9.917  9.906  9.908  9.933    0.038 0.042 0.043 0.035 0.035  A 15884
   2521.78060  9.892  9.892  9.872  9.888  9.922    0.034 0.041 0.040 0.032 0.032  A 18457
#ndata= 213
#dataset= 4 ; 1 F0000-56_060
#desig= 000116-6036.9
#cra=    0.021101  00:01:16.0
#cdec= -60.615788 -60:36:56.8
#class= 0
#cmag_0= 10.019
#cmer_0=  0.105
#nskip_0= 5
#cmag_1= 10.013
#cmer_1=  0.102
#nskip_1= 3
#cmag_2= 10.009
#cmer_2=  0.100
#nskip_2= 3
#cmag_3= 10.015
#cmer_3=  0.100
#nskip_3= 3
#cmag_4= 10.016
#cmer_4=  0.099
#nskip_4= 3
#ra=    0.021101  00:01:16.0
#dec= -60.615788 -60:36:56.8
#     HJD      MAG_2  MAG_0  MAG_1  MAG_3  MAG_4    MER_2 MER_0 MER_1 MER_3 MER_4 GRADE FRAME
   1877.58089  9.936  9.911  9.933  9.946  9.955    0.023 0.055 0.027 0.026 0.028  A 1463
   1889.58266 10.107  9.956 10.108 10.105 10.091    0.026 0.056 0.031 0.031 0.036  A 3040
   1900.59951  9.992  9.953  9.991 10.008 10.019    0.022 0.044 0.027 0.025 0.027  A 3337
   2040.92675  9.749  9.765  9.755  9.762  9.756    0.039 0.089 0.045 0.043 0.047  B 19586
   2164.67608 10.041 10.060 10.040 10.054 10.051    0.027 0.047 0.035 0.028 0.031  A 31924
   2167.65328  9.761  9.716  9.760  9.770  9.779    0.026 0.050 0.032 0.029 0.031  A 32104
   2168.67414 10.026 10.039 10.024 10.035 10.036    0.024 0.048 0.031 0.026 0.030  A 32281
   2169.67212 10.164 10.147 10.164 10.168 10.168    0.025 0.043 0.032 0.027 0.029  A 32433
   2171.64969  9.992 10.024  9.996  9.998  9.996    0.028 0.050 0.037 0.029 0.032  A 32607
   2172.66271 10.032 10.101 10.049 10.038 10.033    0.029 0.050 0.037 0.030 0.033  A 32802
   2173.64648  9.898  9.870  9.906  9.901  9.901    0.028 0.049 0.034 0.029 0.032  A 32983
   2174.64710  9.982 10.019  9.986  9.984  9.994    0.040 0.053 0.042 0.046 0.051  B 33157
   2175.64302 10.106 10.100 10.099 10.119 10.116    0.031 0.052 0.039 0.032 0.035  A 33300
   2177.61461 10.064 10.050 10.068 10.064 10.073    0.035 0.053 0.041 0.038 0.041  A 33416
   2178.62614  9.954  9.967  9.946  9.969  9.971    0.027 0.044 0.036 0.028 0.030  A 33596
   2180.63044  9.980  9.989  9.978  9.987  9.991    0.028 0.045 0.035 0.031 0.034  A 33787
   2183.61525  9.947  9.958  9.979  9.946  9.945    0.030 0.050 0.038 0.032 0.035  A 33878
   2184.61924  9.949  9.896  9.965  9.948  9.946    0.029 0.044 0.037 0.031 0.034  A 34072
   2185.63003 10.049 10.025 10.056 10.052 10.050    0.030 0.045 0.037 0.033 0.035  A 34263
   2186.66501 10.021 10.066 10.011 10.037 10.035    0.030 0.042 0.037 0.031 0.033  A 34393
   2188.64980  9.768  9.788  9.761  9.779  9.783    0.031 0.045 0.039 0.033 0.031  A 34697
   2190.58017  9.844  9.811  9.870  9.845  9.845    0.027 0.046 0.036 0.027 0.029  A 34914
   2191.62072 10.107 10.182 10.114 10.118 10.114    0.026 0.042 0.033 0.028 0.030  A 35107
   2192.61317 10.077 10.118 10.075 10.084 10.085    0.023 0.039 0.031 0.026 0.028  A 35278
   2193.61877 10.098 10.142 10.113 10.112 10.110    0.030 0.048 0.038 0.030 0.031  A 35463
   2194.61656  9.989 10.010 10.001 10.000  9.998    0.027 0.044 0.035 0.029 0.030  A 35641
   2195.60514  9.724  9.784  9.714  9.742  9.740    0.027 0.045 0.036 0.029 0.031  A 35813
   2196.61093 10.002  9.948 10.017 10.000 10.006    0.027 0.044 0.035 0.030 0.032  A 35948
   2198.61179 10.038 10.065 10.032 10.047 10.046    0.025 0.039 0.034 0.026 0.029  A 36304
   2199.60111 10.048 10.065 10.051 10.047 10.050    0.029 0.044 0.038 0.030 0.030  A 36479
   2201.59435  9.818  9.825  9.856  9.814  9.816    0.029 0.045 0.038 0.030 0.031  A 36725
   2202.59504  9.984 10.008  9.979  9.985  9.985    0.027 0.039 0.034 0.029 0.030  A 36893
   2203.58472 10.098 10.115 10.117 10.103 10.112    0.028 0.042 0.037 0.030 0.031  A 37062
   2204.58264 10.155 10.130 10.171 10.152 10.155    0.033 0.046 0.041 0.035 0.037  A 37188
   2206.57677 10.023 10.020 10.040 10.024 10.020    0.029 0.044 0.038 0.029 0.032  A 37461
   2207.57780  9.890  9.929  9.891  9.892  9.882    0.065 0.071 0.063 0.078 0.090  D 37634
   2211.55798  9.968 10.028  9.970  9.983  9.981    0.034 0.048 0.044 0.038 0.035  A 37818
   2213.55290  9.979  9.989  9.958  9.993  9.990    0.030 0.039 0.038 0.031 0.034  A 38052
   2214.57929 10.051 10.059 10.053 10.052 10.052    0.030 0.040 0.037 0.035 0.034  A 38211
   2215.58363 10.167 10.139 10.189 10.163 10.157    0.031 0.038 0.039 0.039 0.034  A 38380
   2216.58166  9.865  9.896  9.893  9.863  9.869    0.031 0.049 0.037 0.036 0.034  A 38549
   2217.58133  9.868  9.873  9.872  9.883  9.882    0.031 0.043 0.039 0.035 0.033  A 38716
   2221.54154 10.092 10.104 10.095 10.095 10.094    0.028 0.041 0.036 0.032 0.032  A 38989
   2222.57809  9.779  9.807  9.758  9.792  9.792    0.030 0.043 0.037 0.035 0.032  A 39160
   2224.56636 10.040 10.098 10.028 10.043 10.044    0.033 0.047 0.041 0.038 0.036  A 39316
   2226.54869 10.067 10.092 10.056 10.077 10.082    0.031 0.043 0.038 0.038 0.034  A 39626
   2228.54101 10.058 10.033 10.080 10.055 10.055    0.031 0.041 0.036 0.035 0.033  A 39938
   2230.53947  9.998  9.993  9.988 10.001 10.006    0.029 0.043 0.036 0.036 0.034  A 40265
   2233.53688 10.040 10.056 10.055 10.040 10.042    0.032 0.042 0.039 0.038 0.036  A 40592
   2235.52837  9.806  9.821  9.803  9.818  9.817    0.030 0.044 0.038 0.033 0.031  A 40898
   2237.53151 10.176 10.189 10.207 10.181 10.179    0.035 0.049 0.042 0.042 0.038  A 41219
   2240.53405 10.009  9.984 10.029 10.009 10.009    0.035 0.047 0.043 0.039 0.035  A 41537
   2242.55960 10.126 10.170 10.122 10.133 10.137    0.037 0.048 0.044 0.043 0.041  A 41867
   2244.59630 10.005 10.048 10.010 10.026 10.037    0.042 0.055 0.049 0.047 0.045  B 42162
   2248.54665 10.081 10.121 10.094 10.083 10.091    0.037 0.052 0.045 0.043 0.042  A 42459
   2250.59412 10.081 10.079 10.070 10.079 10.088    0.036 0.052 0.044 0.041 0.037  A 42837
   2252.58324  9.956  9.968  9.954  9.952  9.963    0.036 0.050 0.042 0.041 0.038  A 43156
   2254.58385 10.074 10.069 10.117 10.085 10.061    0.038 0.056 0.048 0.045 0.042  B 43448
   2256.58502 10.092 10.107 10.107 10.101 10.100    0.039 0.053 0.047 0.045 0.044  A 43765
   2263.57844 10.084 10.091 10.067 10.095 10.073    0.050 0.076 0.062 0.057 0.059  D 44682
   2265.56951  9.918  9.921  9.898  9.922  9.925    0.048 0.079 0.060 0.057 0.058  B 44949
   2271.54783  9.918  9.901  9.925  9.934  9.895    0.053 0.075 0.062 0.063 0.065  D 45527
   3386.55712 10.176 10.210 10.164 10.180 10.184    0.035 0.075 0.039 0.039 0.042  A 126143
   3388.58650  9.902  9.980  9.924  9.894  9.899    0.030 0.062 0.033 0.033 0.037  A 126431
   3396.54661 10.033 10.036 10.033 10.046 10.047    0.032 0.037 0.029 0.040 0.045  A 127347
   3510.90752  9.823  9.869  9.816  9.828  9.832    0.023 0.032 0.030 0.025 0.028  A 143574
   3530.90434 10.009 10.028  9.997 10.015 10.016    0.032 0.037 0.032 0.035 0.039  A 146456
   3547.88860 10.021 10.061 10.025 10.030 10.019    0.054 0.055 0.050 0.063 0.073  B 148121
   3552.82789 10.074 10.107 10.068 10.079 10.081    0.028 0.049 0.031 0.031 0.034  A 148531
   3555.85209  9.874  9.894  9.869  9.876  9.878    0.057 0.063 0.054 0.061 0.064  D 148996
   3562.83263  9.993  9.992  9.990 10.003 10.006    0.027 0.045 0.029 0.030 0.033  A 149971
   3579.89315  9.900  9.892  9.897  9.919  9.918    0.026 0.045 0.031 0.027 0.029  A 152241
   3599.83949 10.155 10.166 10.188 10.161 10.157    0.027 0.030 0.031 0.031 0.035  A 155305
   3617.72316  9.703  9.699  9.682  9.715  9.711    0.035 0.050 0.041 0.038 0.043  A 157162
   3619.85074 10.027  9.974 10.031 10.025 10.026    0.045 0.059 0.044 0.050 0.056  B 157499
   3632.75905  9.892  9.897  9.874  9.883  9.877    0.030 0.036 0.030 0.035 0.041  A 159139
   3635.63955 10.116 10.136 10.117 10.122 10.134    0.066 0.064 0.068 0.077 0.089  D 159539
   3640.76339 10.044 10.050 10.048 10.047 10.050    0.026 0.039 0.030 0.029 0.032  A 160057
   3643.62060  9.837  9.839  9.860  9.835  9.834    0.022 0.028 0.027 0.025 0.028  A 160449
   3646.66951  9.969  9.955  9.986  9.976  9.978    0.025 0.031 0.031 0.026 0.028  A 160775
   3648.82059 10.007 10.055  9.998 10.015 10.012    0.074 0.076 0.073 0.081 0.089  D 161087
   3651.59947 10.157 10.153 10.184 10.163 10.166    0.025 0.044 0.031 0.027 0.030  A 161432
   3653.63820 10.011  9.968  9.998 10.023 10.036    0.030 0.043 0.031 0.037 0.044  A 161757
   3655.63684 10.083 10.087 10.074 10.087 10.095    0.025 0.045 0.030 0.029 0.032  A 162018
   3657.66580  9.896  9.942  9.909  9.888  9.898    0.027 0.054 0.033 0.031 0.035  A 162328
   3659.70205  9.877  9.880  9.845  9.881  9.874    0.027 0.031 0.029 0.031 0.036  A 162653
   3661.73097 10.147 10.153 10.116 10.152 10.158    0.031 0.042 0.033 0.035 0.040  A 162967
   3663.80953 10.130 10.136 10.137 10.126 10.129    0.033 0.032 0.033 0.040 0.048  A 163270
   3666.62606 10.174 10.152 10.155 10.179 10.182    0.024 0.050 0.030 0.026 0.028  A 163649
   3669.71960  9.949  9.976  9.953  9.949  9.948    0.022 0.035 0.028 0.024 0.026  A 164002
   3672.57497 10.037 10.099 10.037 10.043 10.049    0.024 0.037 0.030 0.026 0.030  A 164378
   3674.68391 10.162 10.162 10.166 10.164 10.170    0.023 0.033 0.025 0.026 0.028  A 164702
   3680.55818 10.004 10.016 10.035 10.010 10.009    0.023 0.032 0.027 0.025 0.028  A 165325
   3701.60749  9.937  9.888  9.935  9.945  9.945    0.042 0.064 0.044 0.047 0.052  B 168166
   3704.59708 10.081 10.088 10.098 10.080 10.085    0.034 0.036 0.034 0.042 0.048  A 168556
   3707.57815  9.878  9.889  9.905  9.888  9.895    0.024 0.047 0.029 0.027 0.029  A 168961
   3711.59305  9.986  9.972  9.970 10.002 10.008    0.027 0.054 0.031 0.030 0.032  A 169248
   3713.59261 10.012 10.006 10.019 10.022 10.031    0.025 0.040 0.028 0.028 0.031  A 169524
   3715.62602 99.999  9.841  9.845 99.999 99.999    0.043 0.082 0.046 0.050 0.056  C 169824
   3720.64693  9.836  9.849  9.858  9.840  9.842    0.034 0.046 0.035 0.040 0.046  A 170441
   3726.55921 10.148 10.166 10.150 10.157 10.159    0.034 0.051 0.034 0.039 0.044  A 171111
   3728.61667 10.078 10.114 10.087 10.090 10.086    0.046 0.086 0.052 0.050 0.055  B 171405
   3731.63618  9.992  9.989  9.989 10.007 10.015    0.041 0.051 0.041 0.046 0.050  B 171686
   3735.57336 10.152 10.158 10.180 10.159 10.161    0.027 0.066 0.033 0.030 0.033  A 172190
   3738.54252 10.120 10.086 10.129 10.126 10.129    0.024 0.044 0.028 0.027 0.029  A 172597
   3740.59011 10.111 10.124 10.126 10.113 10.106    0.025 0.036 0.028 0.028 0.030  A 172891
   3743.59018  9.969  9.993  9.970  9.967  9.977    0.026 0.033 0.027 0.031 0.034  A 173263
   3746.59414 10.105 10.131 10.106 10.124 10.128    0.038 0.043 0.035 0.047 0.055  B 173668
   3749.58168  9.980  9.996  9.991  9.984  9.985    0.042 0.047 0.040 0.054 0.064  B 174077
   3753.56144 10.114 10.116 10.116 10.125 10.135    0.035 0.041 0.034 0.039 0.045  A 174630
   3756.55388 10.045 10.080 10.050 10.052 10.062    0.038 0.039 0.035 0.045 0.053  B 175035
   3759.54399 10.088 10.135 10.106 10.087 10.097    0.036 0.043 0.034 0.045 0.052  B 175452
   3762.54684 10.055 10.076 10.049 10.066 10.084    0.036 0.042 0.034 0.041 0.048  A 175846
   3765.54021  9.975  9.945  9.976  9.982  9.992    0.032 0.046 0.031 0.036 0.041  A 176262
   3768.53264 10.079 10.057 10.079 10.098 10.116    0.033 0.049 0.031 0.037 0.042  A 176678
   3771.53398  9.975  9.993  9.973  9.990  9.995    0.034 0.038 0.030 0.040 0.047  A 177085
   3853.91192  9.989 10.005  9.972  9.995  9.993    0.029 0.052 0.032 0.031 0.035  A 187883
   3862.91648 10.103 10.054 10.117 10.106 10.108    0.027 0.047 0.030 0.030 0.033  A 189293
   3866.89175 10.012  9.980 10.012 10.010 10.013    0.029 0.058 0.036 0.032 0.035  A 189966
   3869.89468 10.120 10.113 10.136 10.112 10.106    0.042 0.056 0.041 0.051 0.060  B 190454
   3872.88849 10.022 10.023 10.013 10.034 10.031    0.035 0.061 0.039 0.039 0.042  A 191017
   3880.91630  9.981  9.982  9.993  9.976  9.973    0.031 0.038 0.030 0.038 0.043  A 191900
   3891.89693  9.730  9.741  9.747  9.739  9.742    0.026 0.043 0.031 0.029 0.032  A 193441
   3894.89907 10.066 10.065 10.035 10.067 10.068    0.023 0.031 0.030 0.025 0.028  A 193943
   3898.87667  9.899  9.832  9.881  9.918  9.922    0.039 0.079 0.043 0.043 0.047  B 194432
   3901.90154  9.951 10.002  9.965  9.962  9.968    0.030 0.042 0.033 0.036 0.041  A 194936
   3905.84873 10.037 10.088 10.056 10.043 10.040    0.033 0.063 0.036 0.036 0.039  A 195671
   3913.89234  9.932  9.885  9.937  9.935  9.937    0.039 0.071 0.042 0.041 0.044  A 197022
   3981.65084 10.041 10.006 10.069 10.043 10.041    0.024 0.037 0.028 0.027 0.031  A 203348
   4089.59605 10.180 10.198 10.202 10.184 10.178    0.025 0.042 0.028 0.028 0.031  A 209117
   4092.57706  9.967  9.961  9.960  9.974  9.984    0.029 0.043 0.031 0.034 0.038  A 209494
   4107.54374 10.076 10.101 10.084 10.090 10.092    0.021 0.040 0.025 0.024 0.027  A 211068
   4125.53884  9.883  9.916  9.899  9.879  9.882    0.039 0.062 0.059 0.038 0.041  B 211502
   4127.55509 10.070 10.032 10.091 10.078 10.088    0.028 0.042 0.031 0.032 0.035  A 211769
   4131.53307  9.916  9.922  9.924  9.917  9.921    0.030 0.038 0.030 0.035 0.039  A 212281
   4134.53496 10.042 10.049 10.059 10.041 10.049    0.033 0.075 0.038 0.040 0.045  A 212693
   4229.90830 10.044 10.095 10.053 10.051 10.049    0.030 0.049 0.037 0.033 0.037  A 223609
   4232.91114 10.168 10.165 10.145 10.171 10.158    0.040 0.044 0.041 0.044 0.049  A 224126
   4247.89820 10.051 10.068 10.041 10.061 10.060    0.028 0.035 0.033 0.031 0.036  A 226495
   4255.87665  9.981  9.947  9.999  9.989  9.979    0.034 0.036 0.034 0.041 0.047  A 227157
   4268.90155 10.072 10.105 10.077 10.067 10.069    0.044 0.045 0.047 0.048 0.052  B 228073
   4273.83964  9.946  9.953  9.948  9.949  9.949    0.029 0.036 0.036 0.032 0.035  A 228565
   4278.79447 10.038 10.062 10.032 10.032 10.033    0.032 0.040 0.034 0.036 0.042  A 229205
   4284.83136 10.004 10.002 10.019 10.002  9.998    0.028 0.047 0.035 0.031 0.035  A 229871
   4286.85226 10.101 10.077 10.119 10.095 10.111    0.073 0.060 0.064 0.086 0.099  D 230243
   4290.85893 10.038 10.106 10.042 10.040 10.034    0.041 0.054 0.048 0.044 0.042  B 230573
   4293.82588 10.225 10.216 10.209 10.239 10.231    0.043 0.045 0.042 0.049 0.051  B 231120
   4296.81596  9.974  9.963  9.974  9.973  9.968    0.040 0.047 0.042 0.047 0.055  B 231631
   4298.88408 10.019 10.001 10.035 10.022 10.021    0.045 0.045 0.045 0.053 0.062  B 232013
   4300.89040 10.014 10.025  9.990 10.027 10.033    0.042 0.043 0.042 0.047 0.052  B 232369
   4303.77625 10.033 10.003 10.029 10.039 10.037    0.038 0.044 0.043 0.042 0.044  A 232815
   4305.81236 10.023 10.010  9.996 10.034 10.038    0.030 0.039 0.037 0.031 0.033  A 233192
   4307.78587  9.780  9.764  9.783  9.783  9.788    0.031 0.042 0.035 0.033 0.035  A 233528
   4309.79339 10.102 10.125 10.117 10.103 10.107    0.027 0.036 0.032 0.031 0.035  A 233844
   4311.78468 10.067 10.090 10.072 10.071 10.061    0.054 0.048 0.047 0.069 0.076  B 234109
   4314.81393 10.111 10.122 10.110 10.112 10.110    0.029 0.035 0.035 0.030 0.033  A 234438
   4330.70133 10.076 10.044 10.076 10.068 10.081    0.038 0.044 0.042 0.040 0.042  A 235336
   4332.71926  9.943  9.947  9.954  9.948  9.949    0.026 0.032 0.030 0.030 0.032  A 235705
   4334.71015 10.158 10.189 10.156 10.167 10.170    0.040 0.036 0.037 0.044 0.046  A 236059
   4338.68302 10.041 10.055 10.045 10.036 10.032    0.029 0.036 0.036 0.031 0.033  A 236446
   4340.76517  9.902  9.941  9.924  9.908  9.908    0.030 0.036 0.035 0.034 0.039  A 236812
   4342.77275 10.147 10.179 10.134 10.154 10.147    0.076 0.078 0.072 0.083 0.089  D 237147
   4344.77744  9.865  9.848  9.888  9.856  9.857    0.088 0.077 0.083 0.103 0.111  D 237489
   4346.79320 10.008 10.025 10.000 10.029 10.012    0.085 0.080 0.085 0.087 0.089  D 237833
   4348.78011 10.102 10.140 10.125 10.105 10.097    0.050 0.069 0.053 0.054 0.056  B 238183
   4351.66639 10.093 10.090 10.104 10.089 10.084    0.038 0.046 0.039 0.044 0.052  B 238607
   4353.78463 10.032 10.017 10.049 10.035 10.032    0.024 0.032 0.030 0.026 0.029  A 238907
   4355.84603 10.112 10.115 10.113 10.119 10.121    0.024 0.029 0.029 0.028 0.031  A 239244
   4358.65582 10.051 10.066 10.049 10.071 10.071    0.033 0.041 0.039 0.034 0.036  A 239636
   4361.64102  9.868  9.848  9.881  9.874  9.865    0.028 0.038 0.035 0.028 0.029  A 240026
   4363.68231  9.811  9.814  9.842  9.816  9.821    0.026 0.031 0.031 0.030 0.032  A 240354
   4365.67961 10.023 10.013 10.044 10.036 10.033    0.024 0.030 0.029 0.028 0.030  A 240664
   4367.72340 10.009 10.045  9.997 10.010 10.013    0.036 0.043 0.039 0.042 0.049  A 240875
   4369.72226 10.011 10.067 10.019 10.012 10.008    0.035 0.039 0.038 0.040 0.045  A 241172
   4371.74551  9.776  9.775  9.772  9.790  9.801    0.032 0.049 0.036 0.038 0.044  A 241509
   4373.75812 10.074 10.008 10.040 10.088 10.098    0.033 0.061 0.038 0.037 0.042  A 241807
   4376.74774  9.954  9.981  9.951  9.955  9.950    0.031 0.039 0.034 0.037 0.043  A 242161
   4379.60007  9.985  9.971  9.979  9.983  9.974    0.025 0.032 0.029 0.029 0.031  A 242561
   4381.66077  9.838  9.836  9.843  9.843  9.855    0.034 0.036 0.035 0.038 0.043  A 242881
   4385.70092 10.048 10.046 10.064 10.052 10.053    0.025 0.039 0.034 0.027 0.028  A 243514
   4387.72962  9.973 10.011 10.004  9.973  9.979    0.035 0.043 0.040 0.038 0.042  A 243840
   4389.70832  9.777  9.792  9.755  9.791  9.797    0.036 0.040 0.039 0.042 0.048  A 244132
   4393.65704 10.062 10.047 10.071 10.078 10.074    0.050 0.069 0.051 0.058 0.067  B 244655
   4399.75180 10.050 10.085 10.070 10.052 10.058    0.035 0.040 0.035 0.043 0.052  B 244871
   4402.78872 10.000 10.016  9.987 10.012 10.001    0.034 0.058 0.038 0.039 0.045  A 245164
   4406.66635  9.922  9.894  9.933  9.927  9.934    0.037 0.053 0.041 0.041 0.045  A 245442
   4408.69686 10.034  9.979 10.034 10.043 10.045    0.028 0.053 0.035 0.032 0.036  A 245750
   4411.65720  9.782  9.817  9.786  9.793  9.800    0.038 0.072 0.041 0.040 0.043  A 246103
   4420.67929  9.950  9.986  9.949  9.961  9.960    0.044 0.058 0.043 0.051 0.056  B 246474
   4422.70977 10.077 10.049 10.070 10.081 10.082    0.025 0.033 0.026 0.028 0.032  A 246680
   4426.64960 10.026 10.042 10.025 10.031 10.031    0.037 0.049 0.038 0.045 0.052  B 246952
   4428.69839 10.071 10.048 10.080 10.069 10.079    0.035 0.045 0.034 0.043 0.050  A 247190
   4431.59452  9.967 10.012  9.977  9.973  9.966    0.030 0.041 0.034 0.034 0.038  A 247518
   4433.67316 10.029 10.067 10.046 10.023 10.022    0.032 0.038 0.032 0.038 0.045  A 247806
   4436.60855  9.941  9.985  9.948  9.954  9.961    0.049 0.085 0.055 0.050 0.052  B 248147
   4438.67329  9.896  9.887  9.870  9.908  9.919    0.036 0.043 0.036 0.041 0.045  A 248418
   4441.60399 10.015 10.058 10.028 10.020 10.026    0.047 0.096 0.067 0.050 0.040  D 248770
   4444.60978 10.042 10.065 10.033 10.046 10.050    0.033 0.036 0.036 0.036 0.038  A 249077
   4452.61474 10.067 10.049 10.062 10.075 10.084    0.026 0.038 0.028 0.028 0.031  A 250011
   4455.59782 10.017 10.043 10.025 10.023 10.015    0.033 0.038 0.032 0.039 0.045  A 250327
   4458.57819  9.990  9.995  9.994 10.009 10.023    0.033 0.041 0.033 0.039 0.046  A 250678
   4461.57735  9.973  9.966  9.969  9.972  9.984    0.045 0.051 0.047 0.038 0.033  B 251013
   4464.57377  9.972  9.960  9.976  9.976  9.958    0.030 0.037 0.033 0.032 0.035  A 251396
   4467.56419  9.838  9.866  9.846  9.845  9.843    0.039 0.048 0.037 0.043 0.046  A 251731
   4470.56602  9.981  9.988  9.961  9.986  9.995    0.031 0.041 0.033 0.034 0.038  A 252076
   4474.57368 10.027 10.030 10.037 10.030 10.042    0.029 0.037 0.029 0.035 0.039  A 252455
   4477.55253 10.154 10.188 10.172 10.149 10.160    0.027 0.040 0.030 0.031 0.036  A 252750
   4480.54852 10.166 10.231 10.186 10.158 10.156    0.086 0.075 0.082 0.094 0.099  D 253107
   4483.56457 10.028 10.021  9.993 10.046 10.050    0.089 0.084 0.086 0.093 0.096  D 253434
   4486.57740 10.184 10.193 10.191 10.188 10.193    0.036 0.043 0.035 0.044 0.051  A 253689
   4489.55975 10.034 10.068 10.043 10.039 10.037    0.031 0.042 0.033 0.036 0.042  A 254036
   4492.55491 10.145 10.203 10.166 10.150 10.151    0.030 0.038 0.032 0.035 0.041  A 254372
   4499.53330 10.100 10.126 10.105 10.109 10.126    0.033 0.047 0.033 0.036 0.040  A 254993
