#ndata= 303
#dataset= 1 ; 1 F0000-40_122
#desig= 000504-3727.0
#cra=    0.084406  00:05:03.9
#cdec= -37.449498 -37:26:58.2
#class= 0
#cmag_0= 12.546
#cmer_0=  0.122
#nskip_0= 0
#cmag_1= 12.540
#cmer_1=  0.118
#nskip_1= 2
#cmag_2= 12.539
#cmer_2=  0.119
#nskip_2= 1
#cmag_3= 12.534
#cmer_3=  0.126
#nskip_3= 0
#cmag_4= 12.522
#cmer_4=  0.135
#nskip_4= 0
#ra=    0.084406  00:05:03.9
#dec= -37.449498 -37:26:58.2
#     HJD      MAG_0  MAG_1  MAG_2  MAG_3  MAG_4    MER_0 MER_1 MER_2 MER_3 MER_4 GRADE FRAME
   1869.52275 12.699 12.638 12.625 12.630 12.623    0.042 0.020 0.018 0.021 0.024  A 193
   1871.60719 12.579 12.497 12.490 12.473 12.469    0.072 0.030 0.024 0.026 0.027  A 507
   1873.57974 12.674 12.691 12.692 12.677 12.669    0.065 0.026 0.022 0.024 0.028  A 818
   1875.57412 12.594 12.653 12.654 12.648 12.640    0.066 0.027 0.023 0.025 0.027  A 1138
   1877.57500 12.692 12.708 12.667 12.647 12.625    0.046 0.023 0.020 0.022 0.025  A 1460
   1879.56694 12.611 12.579 12.590 12.590 12.586    0.043 0.025 0.021 0.023 0.024  A 1770
   1881.55620 12.465 12.450 12.420 12.397 12.389    0.048 0.026 0.021 0.023 0.026  A 2078
   1885.54641 12.428 12.414 12.430 12.450 12.447    0.046 0.026 0.022 0.025 0.029  A 2385
   1887.57380 12.342 12.368 12.369 12.384 12.382    0.052 0.025 0.022 0.026 0.029  A 2716
   1889.58773 12.440 12.486 12.441 12.453 12.601    0.047 0.027 0.024 0.027 0.031  A 3042
   1902.52571 12.553 12.561 12.534 12.541 12.544    0.049 0.027 0.024 0.027 0.031  A 3460
   1905.53794 12.568 12.588 12.588 12.588 12.577    0.054 0.028 0.023 0.024 0.026  A 3947
   1908.53957 12.528 12.506 12.514 12.513 12.519    0.035 0.023 0.018 0.021 0.025  A 4431
   1915.53933 12.393 12.405 12.394 12.379 12.363    0.033 0.023 0.021 0.025 0.028  A 4888
   1920.55247 12.384 12.410 12.395 12.368 12.379    0.043 0.027 0.023 0.025 0.029  A 5427
   1928.53375 12.612 12.614 12.640 12.643 12.655    0.047 0.029 0.024 0.024 0.028  A 6734
   2017.91839 29.999 29.999 29.999 29.999 29.999    0.069 0.054 0.046 0.054 0.054  C 16115
   2026.90904 12.547 12.580 12.584 12.613 12.587    0.049 0.026 0.023 0.026 0.029  A 17528
   2031.89147 12.504 12.540 12.522 12.510 12.521    0.051 0.027 0.025 0.028 0.032  A 18126
   2033.90212 12.444 12.440 12.443 12.450 12.425    0.038 0.024 0.022 0.024 0.026  A 18564
   2052.91821 12.621 12.609 12.602 12.598 12.599    0.050 0.024 0.022 0.025 0.028  A 19940
   2054.87961 12.680 12.664 12.668 12.669 12.655    0.058 0.026 0.023 0.026 0.029  A 20354
   2056.86468 12.600 12.542 12.538 12.534 12.549    0.061 0.026 0.023 0.026 0.028  A 20797
   2058.86536 12.377 12.409 12.423 12.431 12.391    0.060 0.032 0.027 0.028 0.031  A 21248
   2064.92809 12.578 12.559 12.552 12.547 12.502    0.063 0.028 0.025 0.027 0.031  A 21673
   2067.83594 12.495 12.459 12.459 12.484 12.530    0.071 0.030 0.027 0.029 0.033  A 21936
   2068.82817 12.498 12.485 12.490 12.511 12.512    0.069 0.037 0.036 0.042 0.048  A 22158
   2069.82360 12.642 12.601 12.611 12.619 12.638    0.067 0.030 0.027 0.030 0.035  A 22379
   2070.82184 12.653 12.689 12.695 12.609 12.555    0.072 0.053 0.059 0.070 0.082  D 22598
   2080.82410 12.522 12.523 12.522 12.520 12.524    0.058 0.027 0.022 0.024 0.027  A 22979
   2082.88241 12.639 12.663 12.661 12.632 12.607    0.067 0.031 0.025 0.027 0.030  A 23470
   2085.88599 12.666 12.684 12.722 12.723 12.785    0.050 0.029 0.023 0.025 0.029  A 23926
   2088.84393 12.475 12.459 12.479 12.516 12.523    0.065 0.029 0.025 0.027 0.031  A 24581
   2095.78427 12.544 12.606 12.623 12.625 12.596    0.067 0.038 0.038 0.045 0.052  A 25289
   2096.77618 12.566 12.571 12.554 12.524 12.513    0.070 0.048 0.048 0.053 0.060  B 25511
   2103.73316 12.479 12.458 12.459 12.469 12.517    0.059 0.029 0.025 0.027 0.030  A 25852
   2104.81397 12.698 12.674 12.695 12.715 12.725    0.056 0.030 0.025 0.027 0.029  A 26086
   2105.81344 12.743 12.704 12.765 12.829 12.842    0.057 0.028 0.023 0.025 0.027  A 26306
   2106.82077 12.650 12.637 12.649 12.648 12.573    0.055 0.027 0.023 0.025 0.027  A 26512
   2113.83636 12.587 12.566 12.551 12.543 12.523    0.048 0.031 0.027 0.028 0.030  A 26634
   2114.84093 12.585 12.586 12.621 12.668 12.663    0.040 0.027 0.024 0.024 0.028  A 26748
   2115.91037 12.534 12.538 12.540 12.518 12.495    0.032 0.029 0.023 0.023 0.024  A 26980
   2116.79026 12.390 12.346 12.338 12.326 12.318    0.050 0.029 0.025 0.027 0.030  A 27153
   2117.77776 12.398 12.406 12.389 12.388 12.389    0.060 0.028 0.025 0.026 0.028  A 27366
   2128.70935 12.464 12.426 12.463 12.492 12.459    0.045 0.025 0.022 0.026 0.031  A 27970
   2129.72877 12.592 12.544 12.524 12.488 12.484    0.054 0.024 0.021 0.024 0.026  A 28193
   2130.73723 12.932 13.044 12.998 12.946 12.935    0.058 0.027 0.023 0.025 0.027  A 28413
   2132.75248 12.524 12.600 12.586 12.586 12.609    0.052 0.024 0.021 0.024 0.027  A 28831
   2134.74343 12.466 12.442 12.448 12.425 12.391    0.045 0.027 0.023 0.025 0.028  A 29257
   2135.74423 12.499 12.479 12.499 12.530 12.524    0.057 0.029 0.026 0.029 0.033  A 29472
   2136.74000 12.435 12.422 12.398 12.382 12.358    0.048 0.026 0.022 0.025 0.028  A 29684
   2140.72988 12.381 12.392 12.392 12.408 12.379    0.059 0.032 0.029 0.033 0.039  A 30222
   2141.72535 12.375 12.394 12.402 12.407 12.371    0.042 0.025 0.022 0.024 0.027  A 30432
   2144.72143 12.535 12.513 12.534 12.538 12.443    0.057 0.028 0.024 0.025 0.028  A 31040
   2145.71480 12.531 12.507 12.525 12.553 12.524    0.034 0.024 0.021 0.024 0.026  A 31241
   2151.65254 12.439 12.375 12.312 12.261 12.214    0.072 0.042 0.041 0.047 0.054  B 31392
   2444.81584 12.406 12.394 12.395 12.378 12.375    0.042 0.042 0.034 0.034 0.037  A 8956
   2446.81344 12.424 12.424 12.427 12.447 12.448    0.032 0.036 0.025 0.023 0.022  A 9332
   2452.79928 29.999 29.999 29.999 29.999 29.999    0.059 0.055 0.054 0.061 0.067  C 9519
   2466.81323 12.488 12.459 12.444 12.424 12.399    0.030 0.031 0.023 0.024 0.023  A 11354
   2467.81680 12.402 12.396 12.391 12.397 12.365    0.022 0.025 0.018 0.019 0.019  A 11574
   2468.88136 12.655 12.644 12.676 12.697 12.747    0.030 0.031 0.021 0.021 0.023  A 11819
   2471.85393 12.616 12.621 12.559 12.555 12.552    0.030 0.035 0.030 0.037 0.030  A 12569
   2482.71344 12.358 12.333 12.368 12.413 12.449    0.039 0.039 0.034 0.040 0.036  A 13188
   2489.74363 12.363 12.367 12.388 12.379 12.354    0.026 0.030 0.022 0.024 0.023  A 13893
   2493.72999 29.999 29.999 29.999 29.999 29.999    0.073 0.065 0.061 0.069 0.066  D 14513
   2494.75342 29.999 29.999 29.999 29.999 29.999    0.065 0.060 0.056 0.062 0.061  C 14712
   2495.79358 12.546 12.538 12.558 12.576 12.586    0.034 0.033 0.026 0.032 0.027  A 14868
   2498.74557 12.523 12.532 12.497 12.444 12.440    0.028 0.031 0.022 0.024 0.022  A 15483
   2499.73896 12.570 12.535 12.528 12.510 12.489    0.027 0.029 0.022 0.026 0.021  A 15690
   2501.74074 12.556 12.523 12.511 12.519 12.531    0.028 0.032 0.024 0.024 0.020  A 16053
   2502.74533 12.403 12.393 12.401 12.386 12.394    0.031 0.033 0.028 0.034 0.026  A 16267
   2503.73873 12.388 12.475 12.605 12.721 12.834    0.057 0.053 0.050 0.057 0.055  B 16468
   2519.73712 12.422 12.401 12.362 12.319 12.317    0.028 0.029 0.022 0.023 0.023  A 18043
   2521.80097 12.630 12.610 12.638 12.656 12.679    0.028 0.031 0.023 0.023 0.021  A 18465
   2529.66952 12.657 12.638 12.611 12.595 12.574    0.051 0.043 0.036 0.036 0.035  A 19090
   2540.61177 12.490 12.447 12.424 12.384 12.358    0.038 0.034 0.026 0.028 0.028  A 19700
   2544.68061 12.399 12.372 12.369 12.333 12.289    0.033 0.026 0.019 0.019 0.021  A 20000
   2562.62936 12.526 12.501 12.472 12.447 12.491    0.033 0.027 0.020 0.021 0.023  A 22730
   2563.64798 12.471 12.515 12.530 12.535 12.541    0.034 0.032 0.028 0.029 0.031  A 22917
   2565.67222 12.592 12.548 12.537 12.546 12.539    0.032 0.033 0.024 0.024 0.026  A 23285
   2566.68250 12.554 12.539 12.560 12.563 12.562    0.038 0.038 0.028 0.031 0.028  A 23468
   2578.62999 12.484 12.452 12.453 12.448 12.455    0.031 0.034 0.026 0.030 0.025  A 24942
   2621.59986 12.509 12.454 12.457 12.455 12.379    0.039 0.032 0.024 0.023 0.026  A 29784
   2622.66912 12.712 12.708 12.702 12.639 12.608    0.036 0.024 0.024 0.026 0.029  A 29981
   2625.59179 12.380 12.355 12.347 12.353 12.329    0.044 0.031 0.024 0.026 0.028  A 30395
   2628.59599 12.337 12.362 12.352 12.342 12.375    0.050 0.028 0.025 0.029 0.033  A 30704
   2635.61402 12.356 12.351 12.358 12.356 12.352    0.028 0.021 0.019 0.020 0.022  A 32218
   2638.55627 12.703 12.657 12.644 12.655 12.693    0.041 0.033 0.021 0.022 0.023  A 32638
   2640.56379 12.709 12.616 12.585 12.556 12.541    0.039 0.032 0.022 0.023 0.025  A 32951
   2642.56640 12.633 12.626 12.625 12.609 12.590    0.037 0.025 0.022 0.022 0.025  A 33237
   2646.55759 12.441 12.423 12.448 12.487 12.488    0.035 0.033 0.029 0.036 0.043  A 33840
   2649.56079 12.447 12.486 12.434 12.403 12.396    0.027 0.029 0.022 0.022 0.023  A 34095
   2651.56822 12.338 12.355 12.349 12.318 12.285    0.022 0.021 0.020 0.022 0.026  A 34408
   2654.55877 12.408 12.391 12.396 12.409 12.356    0.032 0.024 0.022 0.026 0.030  A 34863
   2658.54439 12.374 12.383 12.341 12.346 12.381    0.025 0.024 0.022 0.025 0.028  A 35561
   2660.55156 12.471 12.482 12.495 12.500 12.507    0.026 0.021 0.020 0.022 0.026  A 35904
   2662.55090 12.538 12.502 12.520 12.516 12.480    0.037 0.022 0.019 0.021 0.023  A 36245
   2665.52825 12.603 12.611 12.641 12.688 12.695    0.028 0.024 0.023 0.026 0.030  A 36755
   2668.52893 12.657 12.593 12.562 12.552 12.448    0.028 0.029 0.029 0.035 0.039  A 37229
   2671.52290 12.516 12.459 12.449 12.463 12.442    0.030 0.032 0.034 0.041 0.045  A 37713
   2673.52651 12.587 12.554 12.506 12.435 12.362    0.027 0.027 0.026 0.031 0.035  A 38052
   2783.87310 12.641 12.646 12.667 12.685 12.671    0.028 0.024 0.021 0.021 0.024  A 56031
   2830.75564 12.701 12.750 12.739 12.738 12.730    0.025 0.026 0.019 0.021 0.023  A 62555
   2832.79560 12.525 12.516 12.521 12.515 12.484    0.026 0.027 0.023 0.024 0.026  A 63023
   2839.86255 12.457 12.467 12.469 12.472 12.359    0.051 0.054 0.052 0.057 0.064  B 64202
   2841.79878 12.647 12.629 12.609 12.585 12.593    0.023 0.024 0.018 0.019 0.020  A 64595
   2862.72656 12.681 12.773 12.726 12.705 12.727    0.030 0.035 0.027 0.031 0.031  A 67207
   2895.79174 12.489 12.546 12.579 12.595 12.603    0.025 0.022 0.020 0.023 0.026  A 71335
   2897.80803 12.537 12.523 12.521 12.512 12.495    0.019 0.019 0.018 0.020 0.023  A 71741
   2899.77041 12.639 12.627 12.632 12.618 12.594    0.023 0.020 0.018 0.020 0.021  A 72088
   2902.73923 12.455 12.489 12.481 12.486 12.492    0.035 0.027 0.021 0.022 0.023  A 72555
   2905.64089 12.571 12.562 12.591 12.577 12.605    0.027 0.035 0.022 0.028 0.026  A 72981
   2907.80692 12.576 12.611 12.640 12.624 12.552    0.054 0.050 0.049 0.052 0.056  B 73305
   2912.64786 12.568 12.611 12.618 12.657 12.663    0.021 0.025 0.020 0.022 0.021  A 74104
   2915.65011 12.599 12.548 12.578 12.599 12.609    0.022 0.027 0.019 0.021 0.023  A 74389
   2916.74211 12.537 12.501 12.528 12.535 12.530    0.029 0.031 0.024 0.027 0.031  A 74621
   2918.67874 12.572 12.627 12.605 12.556 12.553    0.027 0.026 0.024 0.027 0.030  A 74907
   2921.71986 12.641 12.641 12.659 12.622 12.632    0.030 0.027 0.027 0.033 0.037  A 75115
   2923.70796 12.680 12.661 12.750 12.789 12.870    0.033 0.041 0.033 0.041 0.041  A 75486
   2926.71155 12.458 12.443 12.470 12.479 12.476    0.032 0.033 0.028 0.034 0.035  A 75847
   2928.70850 12.486 12.467 12.435 12.441 12.467    0.027 0.034 0.028 0.033 0.032  A 76219
   2930.70040 12.453 12.466 12.465 12.467 12.453    0.026 0.028 0.023 0.024 0.024  A 76565
   2932.68281 12.387 12.383 12.388 12.366 12.373    0.031 0.038 0.030 0.036 0.036  A 76913
   2934.67737 12.353 12.433 12.407 12.412 12.377    0.030 0.036 0.028 0.033 0.032  A 77265
   2936.68010 12.464 12.459 12.472 12.467 12.420    0.031 0.049 0.036 0.041 0.040  A 77617
   2939.72108 12.401 12.386 12.393 12.380 12.347    0.021 0.022 0.019 0.021 0.023  A 77850
   2942.76057 12.512 12.456 12.450 12.483 12.518    0.028 0.022 0.020 0.023 0.027  A 78253
   2944.60032 12.415 12.402 12.418 12.422 12.414    0.038 0.045 0.035 0.042 0.039  A 78510
   2945.64224 12.586 12.642 12.563 12.532 12.445    0.034 0.040 0.037 0.045 0.047  A 78706
   2947.64627 12.629 12.586 12.608 12.604 12.613    0.033 0.026 0.023 0.025 0.027  A 79010
   2949.67300 12.626 12.595 12.565 12.508 12.455    0.023 0.024 0.023 0.026 0.030  A 79296
   2951.68735 12.572 12.565 12.577 12.611 12.635    0.027 0.026 0.024 0.028 0.033  A 79582
   2953.70642 12.748 12.735 12.682 12.666 12.672    0.036 0.035 0.040 0.049 0.058  B 79858
   2955.71042 12.533 12.543 12.410 12.329 12.349    0.063 0.064 0.066 0.068 0.072  D 80115
   2957.70729 12.512 12.506 12.487 12.467 12.464    0.022 0.025 0.023 0.026 0.028  A 80404
   2964.56247 12.624 12.695 12.676 12.641 12.571    0.034 0.032 0.033 0.038 0.043  A 81314
   2966.58204 12.664 12.716 12.708 12.682 12.710    0.025 0.024 0.021 0.024 0.027  A 81608
   2968.59227 12.651 12.607 12.627 12.641 12.647    0.024 0.021 0.019 0.022 0.025  A 81887
   2970.58362 12.560 12.572 12.561 12.543 12.552    0.026 0.022 0.019 0.022 0.025  A 82103
   2972.59368 12.489 12.463 12.426 12.398 12.402    0.034 0.039 0.043 0.047 0.051  B 82368
   2974.63217 12.540 12.586 12.602 12.602 12.622    0.025 0.026 0.024 0.027 0.032  A 82574
   2978.63580 12.489 12.497 12.523 12.567 12.584    0.024 0.023 0.023 0.026 0.029  A 83128
   2980.65995 12.632 12.659 12.609 12.545 12.522    0.030 0.027 0.027 0.031 0.038  A 83386
   2982.66432 12.536 12.559 12.574 12.555 12.476    0.036 0.038 0.041 0.049 0.056  B 83660
   2984.66394 12.490 12.507 12.520 12.514 12.435    0.029 0.025 0.026 0.030 0.036  A 83917
   2987.55396 12.569 12.596 12.604 12.603 12.616    0.021 0.021 0.020 0.023 0.026  A 84275
   2989.64369 12.406 12.435 12.465 12.474 12.491    0.049 0.037 0.038 0.041 0.043  A 84526
   2992.57941 12.634 12.673 12.687 12.707 12.724    0.023 0.024 0.022 0.025 0.028  A 84897
   2994.60620 12.545 12.544 12.511 12.479 12.447    0.024 0.023 0.021 0.024 0.027  A 85171
   2997.55859 12.575 12.566 12.547 12.529 12.535    0.025 0.024 0.023 0.025 0.028  A 85553
   3000.55784 12.500 12.518 12.533 12.548 12.514    0.033 0.028 0.029 0.032 0.037  A 85826
   3006.58851 12.591 12.591 12.596 12.601 12.592    0.028 0.030 0.029 0.035 0.041  A 86570
   3012.54199 12.469 12.501 12.533 12.549 12.488    0.033 0.035 0.037 0.044 0.052  A 87339
   3016.53762 12.444 12.417 12.385 12.343 12.326    0.063 0.069 0.068 0.072 0.077  D 87705
   3018.56922 12.518 12.565 12.542 12.537 12.561    0.027 0.025 0.022 0.025 0.029  A 87989
   3133.90339 12.461 12.491 12.517 12.512 12.508    0.062 0.065 0.065 0.069 0.071  D 102072
   3154.92878 12.495 12.519 12.522 12.537 12.533    0.023 0.023 0.023 0.028 0.032  A 104041
   3164.87012 12.600 12.564 12.508 12.451 12.443    0.027 0.025 0.024 0.025 0.029  A 105279
   3171.91464 12.505 12.502 12.479 12.455 12.467    0.027 0.028 0.026 0.030 0.035  A 106272
   3175.91333 12.730 12.693 12.673 12.652 12.646    0.023 0.028 0.022 0.024 0.028  A 106682
   3193.93628 12.418 12.427 12.447 12.473 12.451    0.047 0.039 0.035 0.039 0.046  A 108991
   3397.53362 12.555 12.540 12.552 12.564 12.524    0.034 0.026 0.026 0.030 0.033  A 127466
   3400.52749 12.690 12.724 12.711 12.663 12.598    0.032 0.025 0.024 0.028 0.033  A 127873
   3492.91919 12.643 12.651 12.643 12.622 12.597    0.038 0.026 0.024 0.029 0.033  A 141572
   3503.90730 12.385 12.309 12.239 12.157 12.132    0.062 0.049 0.054 0.066 0.080  D 142893
   3511.88162 12.350 12.435 12.431 12.391 12.322    0.051 0.030 0.023 0.026 0.029  A 143755
   3520.79260 12.523 12.579 12.608 12.616 12.589    0.039 0.028 0.028 0.032 0.038  A 144724
   3520.93537 12.549 12.559 12.614 12.660 12.704    0.039 0.027 0.026 0.031 0.037  A 144772
   3540.85772 12.436 12.447 12.432 12.445 12.405    0.049 0.037 0.037 0.041 0.047  A 147232
   3551.91381 12.529 12.558 12.578 12.594 12.578    0.037 0.025 0.024 0.028 0.032  A 148403
   3579.90540 12.562 12.506 12.491 12.451 12.436    0.084 0.039 0.032 0.034 0.036  B 152245
   3599.83511 12.455 12.452 12.425 12.401 12.433    0.030 0.027 0.024 0.028 0.033  A 155303
   3617.72069 12.440 12.450 12.426 12.403 12.398    0.043 0.037 0.030 0.032 0.036  A 157161
   3640.76217 12.544 12.515 12.499 12.464 12.485    0.037 0.027 0.024 0.026 0.030  A 160056
   3643.61793 12.728 12.806 12.817 12.825 12.793    0.040 0.037 0.038 0.044 0.049  A 160448
   3646.65739 12.593 12.565 12.582 12.548 12.556    0.033 0.029 0.022 0.023 0.025  A 160771
   3648.81583 12.434 12.362 12.370 12.383 12.309    0.052 0.043 0.045 0.052 0.059  B 161085
   3651.59830 12.454 12.422 12.428 12.425 12.425    0.028 0.024 0.020 0.022 0.026  A 161431
   3653.62971 12.455 12.433 12.482 12.541 12.553    0.054 0.034 0.033 0.039 0.046  A 161754
   3655.62354 12.381 12.384 12.370 12.332 12.310    0.048 0.029 0.025 0.027 0.030  A 162013
   3657.66125 12.405 12.426 12.407 12.397 12.378    0.032 0.028 0.027 0.031 0.036  A 162326
   3659.69766 12.561 12.533 12.552 12.597 12.664    0.039 0.030 0.028 0.032 0.039  A 162651
   3661.72727 12.642 12.620 12.621 12.587 12.584    0.064 0.037 0.032 0.037 0.043  A 162965
   3663.80564 12.650 12.673 12.728 12.778 12.586    0.058 0.036 0.035 0.042 0.048  A 163268
   3666.61271 12.577 12.558 12.564 12.543 12.523    0.041 0.026 0.023 0.023 0.025  A 163644
   3669.70784 12.385 12.425 12.433 12.442 12.417    0.038 0.029 0.023 0.024 0.026  A 163998
   3672.57275 12.550 12.521 12.491 12.451 12.431    0.042 0.029 0.023 0.024 0.028  A 164377
   3674.68255 12.532 12.484 12.474 12.453 12.460    0.052 0.030 0.025 0.027 0.030  A 164701
   3680.55057 12.480 12.489 12.489 12.477 12.488    0.043 0.029 0.023 0.025 0.028  A 165322
   3699.60347 12.724 12.789 12.759 12.738 12.684    0.049 0.035 0.034 0.039 0.047  A 167893
   3701.68999 12.423 12.419 12.398 12.413 12.462    0.048 0.040 0.040 0.048 0.056  B 168194
   3704.64041 12.581 12.544 12.511 12.472 12.448    0.034 0.026 0.028 0.034 0.040  A 168571
   3707.61386 12.701 12.705 12.650 12.614 12.612    0.048 0.029 0.024 0.026 0.029  A 168974
   3711.61469 12.557 12.580 12.611 12.627 12.587    0.074 0.038 0.030 0.030 0.032  A 169255
   3713.60721 12.541 12.502 12.469 12.440 12.406    0.085 0.041 0.035 0.037 0.040  B 169529
   3715.64305 12.442 12.484 12.488 12.493 12.465    0.072 0.052 0.045 0.049 0.055  B 169829
   3718.56874 12.512 12.500 12.490 12.486 12.466    0.090 0.048 0.041 0.044 0.048  B 170177
   3720.65001 12.478 12.505 12.501 12.454 12.378    0.046 0.030 0.032 0.038 0.045  A 170442
   3726.56215 12.742 12.674 12.611 12.544 12.536    0.085 0.048 0.042 0.046 0.050  B 171112
   3728.61953 12.552 12.554 12.524 12.506 12.479    0.040 0.031 0.033 0.038 0.044  A 171406
   3732.58972 12.646 12.708 12.720 12.752 12.765    0.090 0.046 0.038 0.041 0.045  B 171806
   3735.58917 12.598 12.589 12.564 12.520 12.490    0.043 0.029 0.026 0.028 0.031  A 172196
   3738.55898 12.547 12.510 12.486 12.476 12.486    0.061 0.034 0.028 0.030 0.032  A 172603
   3741.58127 12.479 12.484 12.473 12.465 12.436    0.034 0.026 0.028 0.032 0.035  A 173010
   3744.58710 12.347 12.381 12.419 12.447 12.485    0.035 0.025 0.025 0.029 0.035  A 173397
   3748.56151 12.418 12.447 12.453 12.381 12.312    0.037 0.034 0.036 0.042 0.050  A 173930
   3753.54810 12.612 12.657 12.685 12.691 12.713    0.070 0.042 0.040 0.043 0.049  A 174625
   3756.54039 12.699 12.671 12.605 12.445 12.340    0.037 0.031 0.035 0.043 0.051  A 175030
   3759.53255 12.721 12.667 12.696 12.793 12.815    0.044 0.032 0.035 0.043 0.052  A 175448
   3762.53309 12.522 12.500 12.478 12.500 12.512    0.051 0.029 0.030 0.035 0.040  A 175842
   3765.53052 12.526 12.491 12.457 12.395 12.362    0.060 0.038 0.034 0.038 0.044  A 176259
   3768.52532 12.353 12.375 12.370 12.393 12.426    0.038 0.027 0.028 0.035 0.040  A 176676
   3863.91433 12.428 12.397 12.401 12.406 12.431    0.043 0.028 0.024 0.025 0.028  A 189446
   3867.90877 12.484 12.462 12.419 12.391 12.453    0.055 0.034 0.031 0.034 0.039  A 190116
   3870.90672 12.613 12.669 12.709 12.721 12.714    0.059 0.036 0.034 0.039 0.044  A 190652
   3874.92110 12.573 12.532 12.545 12.543 12.562    0.060 0.034 0.028 0.031 0.034  A 191115
   3877.90946 12.643 12.629 12.666 12.705 12.712    0.034 0.028 0.024 0.026 0.029  A 191583
   3882.92800 12.639 12.594 12.565 12.543 12.497    0.070 0.041 0.034 0.036 0.040  A 192192
   3888.89248 12.561 12.567 12.529 12.439 12.325    0.083 0.071 0.072 0.085 0.096  D 192915
   3894.90939 12.469 12.449 12.433 12.384 12.314    0.034 0.031 0.027 0.029 0.033  A 193947
   3898.88442 12.446 12.456 12.503 12.574 12.633    0.047 0.032 0.030 0.034 0.039  A 194435
   3902.86052 12.769 12.773 12.780 12.776 12.736    0.037 0.026 0.025 0.029 0.034  A 195109
   3905.88701 12.644 12.620 12.594 12.572 12.560    0.046 0.027 0.025 0.029 0.033  A 195685
   3913.88871 12.793 12.759 12.753 12.738 12.713    0.091 0.046 0.041 0.043 0.047  B 197021
   3981.65691 12.505 12.462 12.482 12.482 12.442    0.038 0.028 0.023 0.025 0.028  A 203350
   4089.61378 12.779 12.718 12.685 12.649 12.637    0.084 0.042 0.034 0.035 0.038  B 209123
   4092.58787 12.383 12.358 12.354 12.345 12.311    0.036 0.026 0.025 0.028 0.031  A 209498
   4105.57340 12.452 12.482 12.447 12.409 12.404    0.052 0.045 0.051 0.056 0.059  B 210799
   4109.56253 12.889 12.767 12.697 12.624 12.551    0.082 0.043 0.042 0.037 0.040  B 211221
   4126.53963 12.399 12.351 12.344 12.368 12.373    0.032 0.025 0.022 0.025 0.028  A 211632
   4134.52235 12.550 12.566 12.550 12.542 12.571    0.073 0.038 0.037 0.046 0.054  B 212689
   4255.89410 12.841 12.981 12.935 12.904 12.824    0.046 0.048 0.049 0.057 0.063  B 227164
   4273.84975 12.353 12.348 12.328 12.300 12.261    0.047 0.049 0.047 0.049 0.051  B 228569
   4278.79737 12.455 12.444 12.491 12.554 12.585    0.067 0.076 0.077 0.078 0.080  D 229206
   4284.84183 12.755 12.659 12.730 12.772 12.816    0.043 0.032 0.027 0.029 0.033  A 229875
   4286.85537 29.999 29.999 29.999 29.999 29.999    0.058 0.056 0.059 0.074 0.089  D 230244
   4295.83258 99.999 99.999 99.999 99.999 99.999    0.054 0.043 0.044 0.048 0.049  C 231461
   4298.81812 12.608 12.520 12.470 12.488 12.492    0.053 0.050 0.050 0.058 0.064  B 231990
   4300.83466 12.503 12.433 12.472 12.473 12.426    0.055 0.045 0.041 0.044 0.048  A 232350
   4302.90072 12.416 12.371 12.314 12.294 12.268    0.065 0.076 0.079 0.086 0.093  D 232687
   4304.80165 12.900 12.913 12.864 12.804 12.681    0.044 0.042 0.040 0.043 0.046  A 233012
   4306.80257 12.555 12.585 12.580 12.560 12.508    0.031 0.028 0.021 0.023 0.026  A 233376
   4308.80249 29.999 29.999 29.999 29.999 29.999    0.076 0.066 0.074 0.082 0.091  D 233705
   4310.82354 12.881 12.918 12.829 12.781 12.676    0.040 0.035 0.027 0.030 0.035  A 233959
   4312.81379 12.738 12.684 12.546 12.330 12.163    0.064 0.067 0.072 0.083 0.096  D 234284
   4316.74413 12.507 12.566 12.502 12.462 12.445    0.040 0.038 0.031 0.034 0.039  A 234681
   4319.80512 12.490 12.446 12.416 12.416 12.413    0.047 0.048 0.045 0.047 0.048  B 235041
   4330.70532 12.623 12.692 12.630 12.587 12.568    0.074 0.066 0.065 0.051 0.046  D 235337
   4332.72327 12.672 12.674 12.635 12.622 12.602    0.038 0.032 0.025 0.027 0.030  A 235706
   4334.71416 12.565 12.563 12.597 12.571 12.523    0.032 0.028 0.022 0.024 0.027  A 236060
   4338.69049 12.265 12.310 12.220 12.155 12.108    0.071 0.065 0.063 0.066 0.070  D 236448
   4340.75711 12.428 12.518 12.576 12.624 12.661    0.041 0.034 0.029 0.033 0.038  A 236809
   4342.76063 12.425 12.352 12.306 12.234 12.183    0.051 0.047 0.051 0.056 0.061  B 237143
   4344.76617 29.999 29.999 29.999 29.999 29.999    0.055 0.048 0.053 0.058 0.065  C 237485
   4346.76510 12.488 12.515 12.457 12.399 12.341    0.044 0.040 0.038 0.038 0.041  A 237824
   4350.84134 12.716 12.661 12.640 12.566 12.513    0.065 0.040 0.034 0.036 0.041  A 238515
   4353.68367 12.662 12.693 12.660 12.667 12.675    0.033 0.028 0.021 0.024 0.027  A 238872
   4355.73526 12.612 12.587 12.551 12.561 12.574    0.043 0.033 0.027 0.027 0.030  A 239206
   4358.65453 12.566 12.629 12.626 12.623 12.590    0.037 0.036 0.032 0.034 0.036  A 239635
   4361.65080 12.420 12.434 12.398 12.416 12.391    0.035 0.033 0.025 0.025 0.026  A 240029
   4363.68020 12.452 12.448 12.495 12.519 12.487    0.033 0.031 0.024 0.026 0.027  A 240353
   4365.69240 12.652 12.623 12.549 12.514 12.470    0.036 0.031 0.025 0.028 0.031  A 240668
   4367.77175 12.754 12.736 12.682 12.683 12.713    0.048 0.039 0.035 0.042 0.050  A 240890
   4369.73022 12.239 12.371 12.437 12.511 12.508    0.042 0.038 0.034 0.039 0.043  A 241174
   4371.75343 12.632 12.612 12.647 12.676 12.735    0.039 0.029 0.027 0.033 0.039  A 241511
   4373.76602 12.563 12.561 12.582 12.574 12.553    0.066 0.041 0.035 0.038 0.044  A 241809
   4376.75827 12.264 12.364 12.384 12.393 12.366    0.045 0.033 0.030 0.033 0.037  A 242164
   4379.61140 12.702 12.650 12.634 12.637 12.668    0.040 0.039 0.030 0.038 0.041  A 242564
   4381.64947 12.764 12.712 12.713 12.737 12.844    0.038 0.035 0.035 0.038 0.042  A 242878
   4383.67630 12.767 12.717 12.712 12.726 12.694    0.040 0.030 0.023 0.023 0.025  A 243192
   4385.69635 12.695 12.782 12.755 12.751 12.733    0.042 0.035 0.025 0.026 0.027  A 243512
   4387.72235 12.582 12.562 12.563 12.536 12.412    0.047 0.044 0.041 0.045 0.049  A 243837
   4389.70069 12.665 12.709 12.725 12.654 12.578    0.054 0.041 0.036 0.040 0.047  A 244129
   4393.64185 29.999 29.999 29.999 29.999 29.999    0.061 0.044 0.042 0.046 0.054  C 244650
   4399.77951 29.999 29.999 29.999 29.999 29.999    0.043 0.034 0.034 0.041 0.048  C 244880
   4403.56436 12.768 12.774 12.751 12.753 12.784    0.058 0.041 0.034 0.033 0.035  A 245235
   4407.57653 99.999 99.999 99.999 99.999 99.999    0.051 0.039 0.033 0.036 0.038  C 245557
   4409.59675 12.644 12.579 12.547 12.503 12.425    0.048 0.034 0.029 0.032 0.037  A 245848
   4411.71458 12.576 12.545 12.597 12.591 12.564    0.046 0.038 0.037 0.040 0.044  A 246122
   4420.74003 12.549 12.637 12.700 12.769 12.748    0.056 0.044 0.044 0.053 0.061  B 246494
   4423.60974 12.385 12.339 12.375 12.466 12.531    0.047 0.036 0.042 0.040 0.047  A 246735
   4426.69276 12.490 12.450 12.541 12.609 12.591    0.045 0.037 0.038 0.047 0.055  B 246966
   4428.72202 12.498 12.495 12.462 12.406 12.402    0.072 0.046 0.044 0.051 0.061  B 247197
   4431.59790 12.499 12.445 12.464 12.465 12.444    0.039 0.033 0.030 0.033 0.038  A 247519
   4433.67654 12.376 12.410 12.426 12.480 12.529    0.039 0.030 0.029 0.033 0.038  A 247807
   4436.61183 12.735 12.727 12.713 12.700 12.678    0.054 0.033 0.028 0.029 0.032  A 248148
   4438.67660 12.513 12.513 12.505 12.481 12.465    0.043 0.035 0.036 0.039 0.045  A 248419
   4441.60720 12.643 12.645 12.661 12.666 12.656    0.071 0.044 0.036 0.037 0.038  A 248771
   4444.61297 12.678 12.749 12.768 12.769 12.801    0.051 0.037 0.033 0.035 0.038  A 249078
   4452.61775 12.387 12.432 12.422 12.418 12.387    0.040 0.031 0.029 0.031 0.034  A 250012
   4455.60076 12.358 12.422 12.407 12.362 12.324    0.043 0.035 0.036 0.043 0.049  A 250328
   4458.58189 12.466 12.415 12.386 12.306 12.245    0.054 0.035 0.032 0.037 0.044  A 250679
   4461.58018 12.551 12.501 12.506 12.502 12.519    0.041 0.033 0.029 0.032 0.035  A 251014
   4464.57663 12.650 12.699 12.669 12.633 12.618    0.046 0.035 0.031 0.032 0.036  A 251397
   4467.56689 12.655 12.647 12.642 12.621 12.593    0.057 0.036 0.032 0.034 0.037  A 251732
   4474.58526 12.529 12.485 12.481 12.445 12.408    0.045 0.033 0.032 0.036 0.042  A 252459
   4477.55993 12.403 12.357 12.343 12.324 12.306    0.033 0.027 0.025 0.029 0.034  A 252752
   4480.55174 12.481 12.461 12.501 12.536 12.519    0.041 0.037 0.038 0.043 0.048  A 253108
   4483.56686 12.382 12.406 12.362 12.321 12.291    0.043 0.032 0.030 0.036 0.043  A 253435
   4487.54499 12.589 12.603 12.618 12.633 12.628    0.036 0.034 0.031 0.037 0.045  A 253794
   4490.53744 12.681 12.728 12.721 12.689 12.612    0.033 0.026 0.023 0.025 0.028  A 254126
   4494.52975 12.583 12.531 12.550 12.604 12.675    0.038 0.030 0.028 0.033 0.040  A 254611
#ndata= 10
#dataset= 2 ; 1 F0040-40_123
#desig= 000503-3726.9
#cra=    0.084300  00:05:03.5
#cdec= -37.448942 -37:26:56.2
#class= 0
#cmag_0= 12.454
#cmer_0=  0.132
#nskip_0= 0
#cmag_1= 12.467
#cmer_1=  0.124
#nskip_1= 0
#cmag_2= 12.506
#cmer_2=  0.139
#nskip_2= 0
#cmag_3= 12.518
#cmer_3=  0.159
#nskip_3= 0
#cmag_4= 12.522
#cmer_4=  0.161
#nskip_4= 0
#ra=    0.084300  00:05:03.5
#dec= -37.448942 -37:26:56.2
#     HJD      MAG_0  MAG_1  MAG_2  MAG_3  MAG_4    MER_0 MER_1 MER_2 MER_3 MER_4 GRADE FRAME
   2143.74778 12.446 12.377 12.356 12.330 12.350    0.060 0.037 0.030 0.031 0.033  A 30847
   2452.83098 12.568 12.581 12.626 12.647 12.747    0.034 0.037 0.029 0.030 0.031  A 9533
   2468.88136 12.616 12.601 12.660 12.690 12.756    0.033 0.036 0.025 0.024 0.025  A 11819
   2473.82136 12.351 12.372 12.390 12.396 12.400    0.036 0.039 0.032 0.038 0.029  A 12763
   2481.81810 12.383 12.386 12.477 12.521 12.518    0.050 0.046 0.039 0.044 0.040  A 13027
   2486.78938 12.480 12.502 12.564 12.602 12.579    0.043 0.041 0.035 0.038 0.038  A 13389
   2490.78822 12.539 12.571 12.563 12.543 12.529    0.038 0.039 0.032 0.036 0.030  A 14131
   2558.73364 12.320 12.374 12.360 12.335 12.330    0.062 0.045 0.030 0.027 0.027  A 22087
   2783.87310 12.598 12.611 12.653 12.683 12.680    0.038 0.036 0.030 0.028 0.030  A 56031
   2894.67323 12.293 12.359 12.391 12.354 12.378    0.031 0.037 0.029 0.032 0.033  A 71092
#ndata= 1
#dataset= 3 ; 1 F2320-40_157
#desig= 000504-3726.9
#cra=    0.084419  00:05:03.9
#cdec= -37.449075 -37:26:56.7
#class= 0
#cmag_0= 12.601
#cmer_0=  0.000
#nskip_0= 0
#cmag_1= 12.540
#cmer_1=  0.000
#nskip_1= 0
#cmag_2= 12.586
#cmer_2=  0.000
#nskip_2= 0
#cmag_3= 12.611
#cmer_3=  0.000
#nskip_3= 0
#cmag_4= 12.670
#cmer_4=  0.000
#nskip_4= 0
#ra=    0.084419  00:05:03.9
#dec= -37.449075 -37:26:56.7
#     HJD      MAG_0  MAG_1  MAG_2  MAG_3  MAG_4    MER_0 MER_1 MER_2 MER_3 MER_4 GRADE FRAME
   2521.80097 12.602 12.540 12.586 12.611 12.671    0.045 0.046 0.036 0.039 0.037  A 18465
#ndata= 91
#dataset= 4 ; 1 F0000-32_158
#desig= 000504-3727.0
#cra=    0.084397  00:05:03.8
#cdec= -37.449451 -37:26:58.0
#class= 0
#cmag_0= 12.473
#cmer_0=  0.121
#nskip_0= 0
#cmag_1= 12.496
#cmer_1=  0.126
#nskip_1= 0
#cmag_2= 12.512
#cmer_2=  0.124
#nskip_2= 0
#cmag_3= 12.524
#cmer_3=  0.133
#nskip_3= 0
#cmag_4= 12.521
#cmer_4=  0.145
#nskip_4= 0
#ra=    0.084397  00:05:03.8
#dec= -37.449451 -37:26:58.0
#     HJD      MAG_0  MAG_1  MAG_2  MAG_3  MAG_4    MER_0 MER_1 MER_2 MER_3 MER_4 GRADE FRAME
   1878.55135 12.409 12.405 12.439 12.465 12.452    0.042 0.025 0.021 0.023 0.024  A 1606
   1880.54335 12.452 12.434 12.441 12.450 12.430    0.050 0.027 0.023 0.026 0.031  A 1917
   1889.52869 12.275 12.369 12.363 12.355 12.355    0.046 0.027 0.026 0.029 0.033  A 3016
   2040.87929 12.260 12.305 12.346 12.396 12.436    0.080 0.036 0.034 0.036 0.040  B 19566
   2156.75142 12.560 12.572 12.578 12.604 12.621    0.043 0.034 0.028 0.029 0.033  A 31696
   2164.67985 12.287 12.284 12.295 12.290 12.309    0.040 0.032 0.024 0.024 0.026  A 31925
   2167.65713 12.482 12.448 12.466 12.485 12.513    0.047 0.029 0.023 0.025 0.027  A 32105
   2168.67797 12.358 12.360 12.366 12.382 12.367    0.040 0.027 0.022 0.023 0.026  A 32282
   2169.69172 12.360 12.360 12.362 12.360 12.352    0.041 0.032 0.024 0.025 0.026  A 32441
   2171.65580 12.607 12.716 12.734 12.791 12.884    0.046 0.035 0.029 0.029 0.032  A 32609
   2172.66911 12.447 12.484 12.512 12.519 12.509    0.039 0.029 0.023 0.025 0.026  A 32804
   2173.65486 12.552 12.583 12.637 12.674 12.646    0.038 0.029 0.023 0.025 0.028  A 32986
   2174.65322 12.615 12.629 12.651 12.697 12.755    0.064 0.055 0.058 0.070 0.083  D 33159
   2175.64695 12.642 12.634 12.649 12.636 12.603    0.040 0.031 0.025 0.026 0.028  A 33301
   2177.62080 12.347 12.435 12.502 12.514 12.493    0.042 0.035 0.029 0.032 0.036  A 33418
   2178.63230 12.487 12.502 12.497 12.475 12.450    0.036 0.031 0.025 0.027 0.028  A 33598
   2183.67486 12.589 12.585 12.591 12.559 12.607    0.040 0.035 0.029 0.031 0.033  A 33903
   2184.63236 12.297 12.333 12.371 12.379 12.425    0.046 0.037 0.030 0.031 0.035  A 34077
   2185.63403 12.348 12.351 12.374 12.411 12.363    0.037 0.032 0.026 0.028 0.031  A 34264
   2186.66451 12.390 12.491 12.474 12.500 12.483    0.035 0.032 0.028 0.031 0.032  A 34392
   2188.64934 12.344 12.308 12.354 12.371 12.368    0.034 0.031 0.025 0.028 0.028  A 34696
   2190.58643 12.476 12.506 12.513 12.527 12.511    0.040 0.034 0.025 0.026 0.028  A 34916
   2191.64051 12.348 12.445 12.446 12.408 12.411    0.041 0.033 0.025 0.026 0.026  A 35115
   2192.61721 12.378 12.443 12.459 12.457 12.460    0.028 0.031 0.023 0.024 0.025  A 35279
   2193.62280 12.343 12.315 12.357 12.384 12.354    0.036 0.032 0.023 0.023 0.024  A 35464
   2194.62060 12.376 12.379 12.408 12.419 12.378    0.035 0.033 0.024 0.026 0.026  A 35642
   2195.60918 12.664 12.672 12.701 12.745 12.784    0.047 0.039 0.025 0.025 0.026  A 35814
   2196.61498 12.445 12.449 12.492 12.515 12.533    0.039 0.031 0.024 0.026 0.027  A 35949
   2198.61584 12.524 12.573 12.610 12.637 12.636    0.033 0.031 0.023 0.025 0.025  A 36305
   2199.60517 12.587 12.651 12.651 12.668 12.664    0.039 0.034 0.026 0.027 0.027  A 36480
   2201.59839 12.834 12.901 12.858 12.777 12.712    0.035 0.031 0.025 0.027 0.025  A 36726
   2202.61486 12.577 12.706 12.691 12.683 12.659    0.037 0.034 0.027 0.030 0.029  A 36901
   2203.59100 12.430 12.455 12.490 12.482 12.480    0.036 0.033 0.026 0.027 0.028  A 37064
   2204.59117 12.516 12.497 12.536 12.533 12.542    0.039 0.035 0.027 0.029 0.027  A 37191
   2205.58690 12.537 12.494 12.515 12.456 12.430    0.058 0.055 0.053 0.058 0.061  B 37321
   2206.58079 12.415 12.445 12.432 12.425 12.409    0.037 0.034 0.027 0.029 0.030  A 37462
   2207.58181 12.417 12.392 12.404 12.437 12.444    0.051 0.046 0.041 0.046 0.051  B 37635
   2211.59843 12.395 12.384 12.405 12.432 12.415    0.045 0.042 0.035 0.038 0.036  A 37835
   2213.56356 12.466 12.467 12.474 12.478 12.451    0.040 0.037 0.030 0.033 0.034  A 38056
   2214.58326 12.485 12.406 12.427 12.431 12.440    0.038 0.036 0.031 0.036 0.036  A 38212
   2215.58757 12.343 12.449 12.485 12.484 12.471    0.041 0.036 0.030 0.036 0.035  A 38381
   2216.58788 12.365 12.381 12.394 12.372 12.353    0.040 0.036 0.029 0.035 0.034  A 38551
   2217.58976 12.436 12.451 12.492 12.534 12.585    0.039 0.034 0.029 0.034 0.032  A 38719
   2219.55822 12.604 12.654 12.633 12.678 12.681    0.042 0.038 0.032 0.037 0.034  A 38879
   2221.57274 12.496 12.538 12.556 12.590 12.598    0.036 0.033 0.028 0.033 0.031  A 39002
   2226.54115 12.538 12.556 12.570 12.573 12.553    0.040 0.034 0.027 0.033 0.031  A 39622
   2228.53764 12.420 12.469 12.459 12.438 12.420    0.042 0.036 0.029 0.034 0.033  A 39936
   2230.53870 12.404 12.384 12.414 12.429 12.414    0.041 0.037 0.031 0.038 0.036  A 40264
   2233.53606 12.354 12.358 12.366 12.382 12.406    0.040 0.037 0.030 0.036 0.034  A 40591
   2239.51328 12.396 12.370 12.439 12.504 12.464    0.050 0.043 0.036 0.045 0.044  A 41369
   2241.56257 12.429 12.381 12.342 12.302 12.291    0.046 0.041 0.034 0.043 0.041  A 41708
   2243.57223 12.368 12.374 12.385 12.469 12.556    0.053 0.046 0.038 0.046 0.045  B 42028
   2248.55002 12.459 12.482 12.481 12.486 12.489    0.052 0.043 0.035 0.045 0.043  A 42460
   2256.53333 12.496 12.554 12.587 12.586 12.541    0.056 0.048 0.041 0.048 0.046  B 43742
   2260.52748 12.578 12.566 12.571 12.586 12.513    0.068 0.053 0.045 0.055 0.056  B 44191
   2266.52683 12.178 12.201 12.249 12.335 12.382    0.080 0.063 0.054 0.059 0.061  D 45091
   2271.56207 12.408 12.467 12.451 12.440 12.415    0.079 0.067 0.059 0.062 0.062  D 45533
   2275.54110 12.446 12.501 12.538 12.539 12.446    0.077 0.065 0.054 0.058 0.060  D 46124
   3362.62593 12.380 12.396 12.401 12.401 12.412    0.057 0.033 0.031 0.037 0.043  A 124834
   3850.92347 12.549 12.624 12.667 12.747 12.857    0.036 0.031 0.032 0.041 0.047  A 187354
   3860.91270 12.458 12.446 12.486 12.542 12.635    0.049 0.033 0.030 0.034 0.039  A 188924
   3864.90792 12.457 12.438 12.436 12.458 12.408    0.038 0.029 0.029 0.033 0.038  A 189630
   3868.90033 12.283 12.319 12.359 12.378 12.410    0.047 0.033 0.033 0.041 0.050  A 190285
   3872.88191 12.701 12.729 12.779 12.790 12.767    0.033 0.026 0.027 0.033 0.040  A 191015
   3877.89198 12.629 12.711 12.679 12.630 12.558    0.047 0.032 0.026 0.029 0.031  A 191577
   3882.92502 12.541 12.582 12.612 12.670 12.753    0.082 0.043 0.038 0.041 0.043  B 192191
   3888.89449 29.999 29.999 29.999 29.999 29.999    0.058 0.051 0.052 0.058 0.065  C 192916
   3891.91275 12.405 12.361 12.343 12.303 12.269    0.043 0.030 0.025 0.028 0.032  A 193447
   3902.86607 12.592 12.608 12.617 12.631 12.631    0.038 0.031 0.028 0.032 0.036  A 195111
   4229.92142 12.673 12.670 12.600 12.549 12.500    0.038 0.031 0.027 0.031 0.037  A 223614
   4232.91526 12.647 12.654 12.616 12.583 12.523    0.038 0.033 0.030 0.036 0.043  A 224128
   4255.89614 12.516 12.546 12.535 12.539 12.541    0.035 0.034 0.031 0.037 0.043  A 227165
   4268.92129 12.590 12.568 12.550 12.562 12.633    0.063 0.056 0.056 0.061 0.067  D 228080
   4273.84706 12.644 12.709 12.629 12.612 12.580    0.040 0.039 0.031 0.032 0.034  A 228568
   4278.81099 12.590 12.615 12.705 12.798 12.801    0.042 0.033 0.030 0.036 0.040  A 229210
   4284.83670 12.556 12.475 12.479 12.462 12.362    0.056 0.056 0.058 0.064 0.068  D 229873
   4286.88535 29.999 29.999 29.999 29.999 29.999    0.059 0.056 0.060 0.075 0.092  D 230254
   4290.86117 12.556 12.572 12.598 12.630 12.665    0.053 0.053 0.049 0.051 0.051  B 230574
   4293.82906 12.412 12.443 12.468 12.457 12.416    0.037 0.033 0.026 0.028 0.030  A 231121
   4296.83028 12.278 12.287 12.288 12.276 12.357    0.087 0.076 0.071 0.076 0.081  D 231636
   4299.80568 12.467 12.403 12.391 12.389 12.323    0.059 0.045 0.044 0.046 0.047  B 232176
   4301.82422 12.464 12.511 12.471 12.459 12.375    0.069 0.067 0.063 0.067 0.071  D 232534
   4303.83611 12.448 12.520 12.493 12.500 12.545    0.040 0.040 0.037 0.039 0.042  A 232836
   4307.78947 12.671 12.632 12.625 12.598 12.532    0.039 0.031 0.028 0.030 0.033  A 233529
   4311.79332 12.523 12.558 12.580 12.626 12.638    0.043 0.036 0.031 0.034 0.039  A 234112
   4314.82561 12.569 12.591 12.598 12.676 12.718    0.039 0.035 0.029 0.032 0.037  A 234442
   4329.81202 12.365 12.451 12.441 12.417 12.385    0.038 0.040 0.036 0.037 0.041  A 235198
   4331.78406 12.458 12.481 12.506 12.549 12.584    0.053 0.054 0.052 0.055 0.058  B 235547
   4354.76392 12.470 12.515 12.564 12.586 12.604    0.073 0.059 0.043 0.038 0.041  D 239040
   4359.71946 12.622 12.663 12.797 12.938 12.976    0.037 0.035 0.032 0.037 0.043  A 239824
   4364.67364 12.344 12.407 12.399 12.373 12.346    0.036 0.032 0.027 0.031 0.035  A 240515
#ndata= 1
#dataset= 5 ; 1 F0036-32_159
#desig= 000504-3726.9
#cra=    0.084412  00:05:03.9
#cdec= -37.447875 -37:26:52.4
#class= 0
#cmag_0= 12.367
#cmer_0=  0.000
#nskip_0= 0
#cmag_1= 12.370
#cmer_1=  0.000
#nskip_1= 0
#cmag_2= 12.372
#cmer_2=  0.000
#nskip_2= 0
#cmag_3= 12.385
#cmer_3=  0.000
#nskip_3= 0
#cmag_4= 12.461
#cmer_4=  0.000
#nskip_4= 0
#ra=    0.084412  00:05:03.9
#dec= -37.447875 -37:26:52.4
#     HJD      MAG_0  MAG_1  MAG_2  MAG_3  MAG_4    MER_0 MER_1 MER_2 MER_3 MER_4 GRADE FRAME
   3366.60664 12.368 12.371 12.373 12.385 12.461    0.078 0.043 0.037 0.042 0.049  A 125161
