#ndata= 3
#dataset= 1 ; 1 F0000-40_122
#desig= 000614-3249.0
#cra=    0.103971  00:06:14.3
#cdec= -32.817033 -32:49:01.3
#class= 0
#cmag_0=  8.265
#cmer_0=  0.102
#nskip_0= 0
#cmag_1=  8.240
#cmer_1=  0.100
#nskip_1= 0
#cmag_2=  8.241
#cmer_2=  0.101
#nskip_2= 0
#cmag_3=  8.254
#cmer_3=  0.102
#nskip_3= 0
#cmag_4=  8.249
#cmer_4=  0.103
#nskip_4= 0
#ra=    0.103971  00:06:14.3
#dec= -32.817033 -32:49:01.3
#     HJD      MAG_4  MAG_0  MAG_1  MAG_2  MAG_3    MER_4 MER_0 MER_1 MER_2 MER_3 GRADE FRAME
   2140.72988  8.098  8.130  8.090  8.090  8.103    0.039 0.059 0.032 0.029 0.033  A 30222
   2151.65254  8.251  8.260  8.244  8.245  8.257    0.054 0.072 0.042 0.041 0.047  B 31392
   3520.79260  8.398  8.405  8.385  8.388  8.401    0.038 0.039 0.028 0.028 0.032  A 144724
#ndata= 366
#dataset= 2 ; 1 F0000-32_158
#desig= 000613-3249.0
#cra=    0.103537  00:06:12.7
#cdec= -32.817148 -32:49:01.7
#class= 0
#cmag_0= 10.692
#cmer_0=  0.000
#nskip_0= 0
#cmag_1= 10.530
#cmer_1=  0.000
#nskip_1= 0
#cmag_2=  9.919
#cmer_2=  0.000
#nskip_2= 0
#cmag_3=  9.547
#cmer_3=  0.000
#nskip_3= 0
#cmag_4=  9.495
#cmer_4=  0.000
#nskip_4= 0
#ra=    0.103537  00:06:12.7
#dec= -32.817148 -32:49:01.7
#     HJD      MAG_4  MAG_0  MAG_1  MAG_2  MAG_3    MER_4 MER_0 MER_1 MER_2 MER_3 GRADE FRAME
   1915.54633  9.495 10.693 10.530  9.919  9.547    0.034 0.050 0.032 0.027 0.029  A 4891
   2256.53333 29.999 29.999 29.999 29.999 29.999    0.046 0.056 0.048 0.041 0.048  C 43742
   2275.54110 29.999 29.999 29.999 29.999 29.999    0.060 0.077 0.065 0.054 0.058  D 46124
#dataset= 2 ; 2 F0000-32_158
#desig= 000614-3249.0
#cra=    0.103945  00:06:14.2
#cdec= -32.816367 -32:48:58.9
#class= 0
#cmag_0=  8.406
#cmer_0=  0.433
#nskip_0= 94
#cmag_1=  8.405
#cmer_1=  0.450
#nskip_1= 32
#cmag_2=  8.407
#cmer_2=  0.445
#nskip_2= 31
#cmag_3=  8.403
#cmer_3=  0.444
#nskip_3= 32
#cmag_4=  8.387
#cmer_4=  0.413
#nskip_4= 73
#ra=    0.103945  00:06:14.2
#dec= -32.816367 -32:48:58.9
#     HJD      MAG_4  MAG_0  MAG_1  MAG_2  MAG_3    MER_4 MER_0 MER_1 MER_2 MER_3 GRADE FRAME
   1868.54139  8.835  8.780  8.830  8.837  8.838    0.029 0.059 0.029 0.025 0.027  A 39
   1870.52633  8.818  8.831  8.820  8.818  8.816    0.030 0.046 0.024 0.023 0.026  A 355
   1872.58524  8.897  8.954  8.907  8.897  8.897    0.031 0.064 0.037 0.027 0.028  A 660
   1874.53748  8.933  8.919  8.939  8.935  8.934    0.028 0.060 0.028 0.023 0.025  A 964
   1876.56189  8.987  9.019  9.003  8.992  8.989    0.027 0.051 0.028 0.022 0.025  A 1293
   1878.55135  9.027  9.031  9.015  9.022  9.029    0.024 0.042 0.025 0.021 0.023  A 1606
   1880.54335  9.067  9.067  9.099  9.076  9.072    0.031 0.050 0.027 0.023 0.026  A 1917
   1884.53098  9.132  9.184  9.161  9.141  9.136    0.068 0.067 0.052 0.052 0.061  D 2217
   1886.57648  9.158  9.151  9.166  9.162  9.158    0.031 0.041 0.029 0.024 0.028  A 2557
   1889.52869  9.165  9.146  9.169  9.165  9.169    0.033 0.046 0.027 0.026 0.029  A 3016
   1902.53280  9.164  9.204  9.171  9.167  9.166    0.030 0.044 0.029 0.025 0.027  A 3463
   1905.54267  9.151  9.147  9.153  9.151  9.152    0.032 0.056 0.030 0.026 0.030  A 3949
   1915.54633  9.461  9.751  9.760  9.590  9.472    0.034 0.050 0.032 0.027 0.029  A 4891
   2026.91525  8.899  8.925  8.914  8.905  8.901    0.032 0.047 0.031 0.027 0.030  A 17531
   2031.90050  9.017  9.022  9.019  9.018  9.019    0.034 0.051 0.032 0.029 0.031  A 18130
   2033.90879  9.091  9.058  9.103  9.090  9.093    0.031 0.043 0.029 0.025 0.028  A 18567
   2040.87929  9.203  9.127  9.211  9.211  9.207    0.040 0.080 0.036 0.034 0.036  B 19566
   2054.88601  8.922  8.874  8.912  8.920  8.922    0.036 0.071 0.036 0.030 0.033  A 20357
   2056.87107  8.838  8.897  8.869  8.850  8.839    0.033 0.070 0.035 0.028 0.030  A 20800
   2058.87429  8.735  8.736  8.747  8.744  8.736    0.032 0.052 0.033 0.027 0.030  A 21252
   2064.93226  8.448  8.487  8.452  8.449  8.451    0.035 0.069 0.034 0.028 0.031  A 21675
   2067.84013  8.326  8.402  8.342  8.329  8.329    0.035 0.066 0.033 0.029 0.033  A 21938
   2068.83465  8.109  8.278  8.137  8.110  8.110    0.052 0.068 0.040 0.038 0.045  A 22161
   2069.83010  8.577  8.876  8.660  8.607  8.578    0.035 0.064 0.033 0.029 0.032  A 22382
   2070.83109  8.017  8.136  8.033  8.015  8.012    0.078 0.073 0.054 0.057 0.069  D 22602
   2080.83058  8.222  8.659  8.353  8.255  8.227    0.033 0.069 0.033 0.028 0.030  A 22982
   2082.87770  8.606  8.947  8.695  8.632  8.613    0.034 0.066 0.035 0.029 0.032  A 23468
   2085.87676  8.445  8.782  8.572  8.499  8.455    0.032 0.060 0.033 0.028 0.030  A 23922
   2087.82648  7.741  7.835  7.756  7.743  7.742    0.038 0.066 0.037 0.033 0.036  A 24345
   2088.85053  7.989  8.103  8.021  8.002  7.994    0.031 0.060 0.031 0.026 0.028  A 24584
   2093.78909  7.964  8.101  8.010  7.970  7.966    0.035 0.075 0.035 0.030 0.033  B 24778
   2094.80155  8.088  8.276  8.117  8.099  8.092    0.038 0.070 0.037 0.031 0.035  A 25070
   2096.76922  7.638  7.725  7.662  7.648  7.644    0.081 0.086 0.062 0.064 0.073  D 25508
   2103.74018  8.685  9.078  8.820  8.737  8.694    0.032 0.060 0.031 0.027 0.030  A 25855
   2104.81169  8.021  8.163  8.060  8.029  8.023    0.035 0.066 0.036 0.031 0.033  A 26085
   2105.81562  8.044  8.226  8.063  8.054  8.049    0.030 0.059 0.030 0.025 0.028  A 26307
   2106.82297  8.030  8.222  8.061  8.037  8.032    0.030 0.056 0.032 0.025 0.028  A 26513
   2113.84091  8.237  8.516  8.323  8.266  8.242    0.029 0.043 0.031 0.025 0.027  A 26636
   2115.73388  8.404  8.747  8.518  8.447  8.413    0.032 0.051 0.034 0.027 0.029  A 26906
   2116.76777  8.086  8.161  8.114  8.088  8.086    0.031 0.055 0.034 0.028 0.030  A 27143
   2117.78004  8.065  8.349  8.214  8.118  8.075    0.033 0.061 0.035 0.029 0.031  A 27367
   2129.82319  7.916  8.022  7.944  7.925  7.915    0.029 0.044 0.029 0.024 0.026  A 28234
   2130.74410  8.664  8.865  8.769  8.709  8.676    0.030 0.066 0.031 0.026 0.028  A 28416
   2131.75005  8.549  8.955  8.681  8.587  8.554    0.033 0.066 0.035 0.028 0.030  A 28618
   2132.75489  8.163  8.276  8.202  8.176  8.168    0.033 0.062 0.033 0.028 0.031  A 28832
   2133.74129  7.941  8.006  7.947  7.946  7.943    0.028 0.033 0.028 0.023 0.026  A 29042
   2134.74587  8.240  9.024  8.594  8.357  8.249    0.031 0.052 0.031 0.026 0.029  A 29258
   2135.74669  8.016  8.028  8.024  8.020  8.014    0.037 0.055 0.032 0.028 0.033  A 29473
   2136.74691  8.371  8.761  8.513  8.408  8.377    0.032 0.055 0.031 0.027 0.030  A 29687
   2141.73012  8.316  8.383  8.341  8.326  8.320    0.030 0.049 0.029 0.024 0.027  A 30434
   2144.71491  8.103  8.140  8.114  8.109  8.106    0.033 0.049 0.031 0.027 0.031  A 31037
   2145.71737  8.144  8.093  8.143  8.144  8.143    0.029 0.044 0.028 0.024 0.027  A 31242
   2156.75142  8.395  8.368  8.405  8.383  8.395    0.033 0.043 0.034 0.028 0.029  A 31696
   2164.67985  8.598  8.592  8.590  8.589  8.597    0.026 0.040 0.032 0.024 0.024  A 31925
   2167.65713  8.689  8.674  8.676  8.681  8.688    0.027 0.047 0.029 0.023 0.025  A 32105
   2168.67797  8.720  8.725  8.736  8.722  8.720    0.026 0.040 0.027 0.022 0.023  A 32282
   2169.69172  8.748  8.699  8.713  8.739  8.742    0.026 0.041 0.032 0.024 0.025  A 32441
   2171.65580  8.817  8.781  8.811  8.812  8.820    0.032 0.046 0.035 0.029 0.029  A 32609
   2172.66911  8.875  8.867  8.900  8.883  8.879    0.026 0.039 0.029 0.023 0.025  A 32804
   2173.65486  8.898  8.870  8.904  8.894  8.899    0.028 0.038 0.029 0.023 0.025  A 32986
   2174.65322  8.952  8.934  8.950  8.937  8.943    0.083 0.064 0.055 0.058 0.070  D 33159
   2175.64695  8.959  8.937  8.945  8.956  8.958    0.028 0.040 0.031 0.025 0.026  A 33301
   2177.62080  9.043  9.031  9.036  9.034  9.041    0.036 0.042 0.035 0.029 0.032  A 33418
   2178.63230  9.063  9.032  9.058  9.058  9.067    0.028 0.036 0.031 0.025 0.027  A 33598
   2183.67486  9.180  9.157  9.170  9.172  9.182    0.033 0.040 0.035 0.029 0.031  A 33903
   2184.63236  9.220  9.235  9.235  9.223  9.233    0.035 0.046 0.037 0.030 0.031  A 34077
   2185.63403  9.225  9.192  9.211  9.219  9.228    0.031 0.037 0.032 0.026 0.028  A 34264
   2186.66451  9.235  9.240  9.229  9.232  9.226    0.032 0.035 0.032 0.028 0.031  A 34392
   2188.64934  9.277  9.269  9.271  9.269  9.291    0.028 0.034 0.031 0.025 0.028  A 34696
   2190.58643  9.299  9.255  9.260  9.288  9.292    0.028 0.040 0.034 0.025 0.026  A 34916
   2191.64051  9.305  9.285  9.291  9.309  9.301    0.026 0.041 0.033 0.025 0.026  A 35115
   2192.61721  9.320  9.312  9.330  9.321  9.328    0.025 0.028 0.031 0.023 0.024  A 35279
   2193.62280  9.320  9.297  9.291  9.312  9.320    0.024 0.036 0.032 0.023 0.023  A 35464
   2194.62060  9.315  9.285  9.282  9.308  9.307    0.026 0.035 0.033 0.024 0.026  A 35642
   2195.60918  9.335  9.316  9.334  9.329  9.332    0.026 0.047 0.039 0.025 0.025  A 35814
   2196.61498  9.315  9.299  9.298  9.311  9.318    0.027 0.039 0.031 0.024 0.026  A 35949
   2198.61584  9.301  9.283  9.288  9.292  9.296    0.025 0.033 0.031 0.023 0.025  A 36305
   2199.60517  9.282  9.293  9.291  9.279  9.280    0.027 0.039 0.034 0.026 0.027  A 36480
   2201.59839  9.233  9.229  9.238  9.233  9.261    0.025 0.035 0.031 0.025 0.027  A 36726
   2202.61486  9.162  9.171  9.163  9.162  9.149    0.029 0.037 0.034 0.027 0.030  A 36901
   2203.59100  9.143  9.137  9.140  9.139  9.159    0.028 0.036 0.033 0.026 0.027  A 37064
   2204.59117  9.071  9.064  9.088  9.076  9.069    0.027 0.039 0.035 0.027 0.029  A 37191
   2205.58690  9.045  9.058  9.062  9.054  9.060    0.061 0.058 0.055 0.053 0.058  B 37321
   2206.58079  8.967  8.947  8.938  8.958  8.969    0.030 0.037 0.034 0.027 0.029  A 37462
   2207.58181  8.885  8.884  8.878  8.887  8.880    0.051 0.051 0.046 0.041 0.046  B 37635
   2211.59843  8.685  8.701  8.689  8.684  8.702    0.036 0.045 0.042 0.035 0.038  A 37835
   2213.56356  8.584  8.551  8.557  8.572  8.603    0.034 0.040 0.037 0.030 0.033  A 38056
   2214.58326  8.507  8.499  8.494  8.510  8.490    0.036 0.038 0.036 0.031 0.036  A 38212
   2215.58757  8.527  8.538  8.532  8.529  8.558    0.035 0.041 0.036 0.030 0.036  A 38381
   2216.58788  8.453  8.431  8.473  8.449  8.462    0.034 0.040 0.036 0.029 0.035  A 38551
   2217.58976  8.456  8.467  8.456  8.454  8.474    0.032 0.039 0.034 0.029 0.034  A 38719
   2219.55822  8.339  8.352  8.341  8.352  8.326    0.034 0.042 0.038 0.032 0.037  A 38879
   2221.57274  8.279  8.273  8.268  8.268  8.270    0.031 0.036 0.033 0.028 0.033  A 39002
   2226.54115  8.145  8.100  8.121  8.125  8.155    0.031 0.040 0.034 0.027 0.033  A 39622
   2228.53764  8.068  8.046  8.045  8.053  8.068    0.033 0.042 0.036 0.029 0.034  A 39936
   2230.53870  7.995  7.982  7.978  7.975  8.002    0.036 0.041 0.037 0.031 0.038  A 40264
   2233.53606  7.875  7.869  7.856  7.875  7.876    0.034 0.040 0.037 0.030 0.036  A 40591
   2239.51328  7.630  7.636  7.683  7.658  7.631    0.044 0.050 0.043 0.036 0.045  A 41369
   2241.56257  7.588  7.591  7.605  7.609  7.574    0.041 0.046 0.041 0.034 0.043  A 41708
   2243.57223  7.603  7.581  7.556  7.574  7.599    0.045 0.053 0.046 0.038 0.046  B 42028
   2248.55002  7.519  7.534  7.530  7.533  7.533    0.043 0.052 0.043 0.035 0.045  A 42460
   2260.52748  7.636  7.605  7.639  7.679  7.667    0.056 0.068 0.053 0.045 0.055  B 44191
   2266.52683 29.999 29.999 29.999 29.999 29.999    0.061 0.080 0.063 0.054 0.059  D 45091
   2271.56207  7.715  7.752  7.766  7.747  7.717    0.062 0.079 0.067 0.059 0.062  D 45533
   2444.82482  8.506  8.474  8.532  8.511  8.513    0.025 0.030 0.030 0.021 0.024  A 8960
   2465.81915  8.779  8.794  8.785  8.777  8.764    0.029 0.033 0.038 0.031 0.035  A 11138
   2466.82457  8.811  8.815  8.811  8.804  8.807    0.027 0.029 0.033 0.025 0.029  A 11359
   2467.81896  8.843  8.820  8.892  8.852  8.862    0.022 0.026 0.031 0.021 0.022  A 11575
   2468.86253  8.842  8.828  8.837  8.838  8.841    0.026 0.032 0.032 0.023 0.024  A 11811
   2471.86331  8.890  8.887  8.885  8.894  8.889    0.028 0.029 0.033 0.027 0.032  A 12573
   2481.80710  9.110  9.082  9.089  9.092  9.095    0.048 0.056 0.049 0.043 0.051  B 13022
   2489.74829  9.169  9.133  9.168  9.154  9.164    0.025 0.029 0.031 0.024 0.026  A 13895
   2492.83991  9.046  9.028  9.029  9.028  9.032    0.071 0.074 0.070 0.066 0.075  D 14366
   2493.77327  8.967  8.977  8.969  8.981  8.952    0.038 0.043 0.043 0.037 0.043  A 14532
   2498.73895  8.597  8.594  8.593  8.598  8.598    0.027 0.030 0.032 0.024 0.029  A 15480
   2499.74392  8.526  8.508  8.527  8.499  8.530    0.028 0.030 0.033 0.026 0.030  A 15692
   2501.74772  8.372  8.354  8.383  8.359  8.375    0.025 0.032 0.038 0.027 0.029  A 16056
   2502.74108  8.315  8.287  8.307  8.306  8.329    0.031 0.034 0.035 0.031 0.037  A 16265
   2503.74122  8.228  8.244  8.238  8.199  8.204    0.064 0.065 0.062 0.057 0.065  D 16469
   2520.65705  7.865  7.883  7.867  7.863  7.860    0.030 0.032 0.043 0.031 0.036  A 18208
   2540.61738  7.675  7.703  7.675  7.672  7.672    0.030 0.039 0.034 0.027 0.029  A 19702
   2544.68829  7.615  7.629  7.643  7.616  7.622    0.027 0.029 0.031 0.024 0.025  A 20003
   2545.72253  7.623  7.602  7.675  7.643  7.640    0.023 0.032 0.034 0.024 0.025  A 20207
   2553.58895  7.608  7.597  7.609  7.608  7.616    0.027 0.037 0.039 0.029 0.029  A 21304
   2554.67849  7.564  7.566  7.574  7.577  7.560    0.040 0.042 0.038 0.032 0.040  A 21525
   2559.65270  7.637  7.604  7.662  7.642  7.646    0.027 0.029 0.031 0.024 0.027  A 22233
   2560.65110  7.627  7.659  7.659  7.629  7.632    0.032 0.048 0.038 0.030 0.032  A 22411
   2561.63341  7.636  7.687  7.661  7.646  7.645    0.034 0.044 0.040 0.030 0.035  A 22551
   2562.63899  7.644  7.690  7.623  7.644  7.642    0.032 0.033 0.036 0.029 0.031  A 22734
   2568.56689  7.783  7.810  7.810  7.795  7.794    0.058 0.061 0.062 0.056 0.061  D 23571
   2578.68352  8.075  8.110  8.103  8.077  8.064    0.026 0.038 0.039 0.027 0.029  A 24965
   2601.55388  8.479  8.493  8.499  8.485  8.480    0.029 0.037 0.035 0.026 0.029  A 27397
   2620.56790  8.827  8.825  8.811  8.827  8.825    0.028 0.041 0.037 0.026 0.028  A 29441
   2622.58992  8.876  8.858  8.897  8.880  8.880    0.030 0.037 0.032 0.026 0.027  A 29947
   2624.63424  8.938  8.940  8.957  8.952  8.945    0.032 0.032 0.031 0.027 0.030  A 30250
   2627.64303  8.996  9.003  9.023  9.011  9.003    0.036 0.028 0.028 0.028 0.032  A 30574
   2634.58375  9.058  9.053  9.090  9.065  9.063    0.029 0.050 0.057 0.030 0.029  D 32055
   2636.60573  9.045  9.048  9.054  9.046  9.044    0.029 0.030 0.029 0.024 0.026  A 32368
   2638.61527  8.994  8.983  9.002  8.999  8.996    0.029 0.033 0.027 0.023 0.026  A 32663
   2641.54526  8.893  8.884  8.883  8.891  8.893    0.028 0.037 0.027 0.024 0.026  A 33071
   2643.55022  8.770  8.762  8.774  8.772  8.770    0.026 0.035 0.026 0.023 0.025  A 33385
   2651.54762  8.370  8.384  8.399  8.385  8.374    0.036 0.031 0.030 0.028 0.033  A 34399
   2653.56814  8.303  8.318  8.331  8.316  8.311    0.029 0.030 0.026 0.024 0.026  A 34715
   2657.53809  8.232  8.264  8.222  8.233  8.234    0.035 0.032 0.029 0.027 0.031  A 35385
   2660.53474  8.172  8.168  8.199  8.185  8.177    0.028 0.032 0.029 0.024 0.026  A 35897
   2662.53900  8.142  8.156  8.133  8.141  8.137    0.028 0.041 0.034 0.027 0.026  A 36240
   2667.53427  8.111  8.124  8.130  8.123  8.113    0.030 0.029 0.027 0.024 0.027  A 37062
   2670.52674  8.121  8.131  8.106  8.121  8.121    0.035 0.032 0.031 0.029 0.031  A 37544
   2765.89076  8.788  8.811  8.774  8.790  8.788    0.031 0.033 0.030 0.025 0.028  A 54428
   2816.93554  7.732  7.726  7.727  7.735  7.734    0.028 0.033 0.038 0.026 0.029  A 60983
   2833.89519  7.732  7.731  7.744  7.732  7.736    0.043 0.036 0.041 0.036 0.044  A 63220
   2839.86934  7.683  7.668  7.675  7.675  7.671    0.060 0.050 0.054 0.050 0.060  B 64205
   2844.83578  7.733  7.717  7.749  7.737  7.737    0.025 0.026 0.030 0.022 0.025  A 65085
   2851.85446  7.834  7.847  7.829  7.839  7.834    0.031 0.027 0.031 0.025 0.030  A 65532
   2861.73114  8.050  8.076  8.023  8.053  8.049    0.032 0.028 0.032 0.026 0.029  A 67001
   2862.84217  8.077  8.049  8.083  8.066  8.078    0.035 0.033 0.031 0.026 0.031  A 67252
   2871.84278  8.271  8.277  8.310  8.285  8.279    0.024 0.028 0.031 0.023 0.024  A 68036
   2874.73976  8.332  8.356  8.348  8.339  8.332    0.026 0.032 0.030 0.024 0.025  A 68405
   2883.70053  8.558  8.566  8.557  8.549  8.532    0.032 0.029 0.039 0.028 0.035  A 69645
   2893.73333  8.612  8.638  8.626  8.610  8.612    0.037 0.036 0.030 0.028 0.033  A 70917
   2894.85504  8.607  8.640  8.593  8.597  8.603    0.034 0.039 0.038 0.029 0.031  A 71162
   2898.69306  8.572  8.624  8.577  8.575  8.576    0.028 0.048 0.032 0.025 0.028  A 71892
   2900.67965  8.566  8.561  8.600  8.578  8.576    0.028 0.029 0.033 0.024 0.027  A 72242
   2903.76003  8.575  8.580  8.551  8.561  8.566    0.037 0.038 0.041 0.034 0.036  A 72716
   2910.63736  8.582  8.589  8.577  8.586  8.590    0.030 0.032 0.034 0.027 0.032  A 73722
   2912.65516  8.621  8.587  8.606  8.617  8.617    0.029 0.037 0.035 0.026 0.033  A 74107
   2915.63000  8.647  8.653  8.657  8.645  8.651    0.033 0.035 0.041 0.029 0.037  A 74380
   2916.72176  8.659  8.644  8.680  8.667  8.662    0.028 0.032 0.028 0.023 0.026  A 74612
   2922.66281  8.661  8.652  8.672  8.666  8.667    0.035 0.032 0.036 0.028 0.031  A 75279
   2924.72984  8.607  8.623  8.669  8.633  8.620    0.037 0.038 0.044 0.032 0.036  A 75665
   2926.83435  8.540  8.575  8.537  8.538  8.537    0.032 0.032 0.030 0.026 0.028  A 75899
   2928.82569  8.460  8.480  8.459  8.466  8.460    0.042 0.038 0.038 0.036 0.039  A 76270
   2930.82304  8.346  8.359  8.335  8.344  8.344    0.029 0.027 0.026 0.024 0.026  A 76616
   2932.77044  8.235  8.253  8.245  8.245  8.239    0.034 0.031 0.030 0.027 0.030  A 76951
   2934.76345  8.137  8.152  8.143  8.134  8.136    0.032 0.035 0.028 0.024 0.028  A 77301
   2937.54615  8.009  8.021  8.029  8.016  8.020    0.032 0.029 0.042 0.032 0.037  A 77666
   2940.59198  7.891  7.908  7.906  7.900  7.898    0.030 0.036 0.034 0.027 0.031  A 77982
   2942.58605  7.795  7.843  7.819  7.805  7.795    0.042 0.034 0.037 0.032 0.039  A 78180
   2943.61920  7.772  7.783  7.765  7.765  7.765    0.030 0.027 0.036 0.026 0.031  A 78354
   2944.74682  7.752  7.773  7.772  7.764  7.758    0.031 0.047 0.031 0.027 0.029  A 78573
   2950.62601  7.695  7.719  7.695  7.687  7.696    0.035 0.032 0.030 0.027 0.031  A 79439
   2952.64754  7.714  7.741  7.730  7.720  7.717    0.041 0.031 0.031 0.030 0.036  A 79690
   2954.65046  7.732  7.745  7.742  7.737  7.733    0.034 0.030 0.030 0.026 0.030  A 79946
   2960.64093  7.784  7.777  7.817  7.797  7.790    0.063 0.042 0.044 0.046 0.054  B 80779
   2962.64764  7.801  7.833  7.806  7.804  7.800    0.029 0.033 0.028 0.024 0.027  A 81066
   2964.65360  7.822  7.831  7.838  7.826  7.825    0.030 0.028 0.028 0.025 0.028  A 81351
   2966.65883  7.849  7.857  7.882  7.864  7.855    0.031 0.028 0.029 0.025 0.029  A 81639
   2968.66359  7.886  7.911  7.883  7.887  7.886    0.028 0.029 0.027 0.024 0.026  A 81916
   2975.52448  7.934  7.949  7.943  7.933  7.932    0.041 0.034 0.035 0.032 0.036  A 82670
   2977.56751  7.934  7.932  7.952  7.938  7.937    0.032 0.028 0.028 0.025 0.030  A 82958
   2979.59743  7.913  7.909  7.920  7.916  7.913    0.032 0.029 0.028 0.025 0.029  A 83239
   2981.61470  7.886  7.918  7.890  7.880  7.881    0.044 0.041 0.034 0.033 0.039  A 83501
   2983.62738  7.864  7.853  7.888  7.864  7.865    0.039 0.031 0.031 0.030 0.035  A 83774
   2985.63338  7.846  7.880  7.838  7.853  7.848    0.031 0.032 0.028 0.024 0.028  A 84040
   2993.58037  7.977  8.006  7.991  7.980  7.978    0.032 0.032 0.030 0.026 0.030  A 85034
   2995.63038  8.033  8.061  8.034  8.035  8.032    0.032 0.027 0.029 0.024 0.028  A 85307
   2998.54954  8.123  8.129  8.141  8.129  8.123    0.031 0.028 0.028 0.024 0.028  A 85686
   3006.58617  8.435  8.467  8.434  8.437  8.435    0.033 0.031 0.030 0.026 0.030  A 86569
   3010.57298  8.592  8.617  8.592  8.593  8.593    0.043 0.036 0.033 0.031 0.037  A 87086
   3012.56834  8.659  8.663  8.669  8.658  8.660    0.046 0.032 0.034 0.033 0.039  A 87349
   3018.57164  8.829  8.840  8.839  8.831  8.831    0.034 0.032 0.030 0.027 0.031  A 87990
   3030.52786  8.917  8.911  8.935  8.907  8.914    0.039 0.033 0.032 0.030 0.034  A 88693
   3034.53495  8.850  8.898  8.869  8.879  8.867    0.097 0.057 0.061 0.067 0.080  D 89101
   3131.92044  7.868  7.892  7.873  7.875  7.873    0.063 0.046 0.047 0.047 0.054  B 101749
   3142.90785  8.132  8.127  8.158  8.141  8.137    0.043 0.037 0.037 0.035 0.038  A 103201
   3154.93353  8.508  8.533  8.510  8.508  8.510    0.036 0.029 0.028 0.027 0.031  A 104043
   3170.89918  8.761  8.734  8.743  8.758  8.757    0.038 0.049 0.033 0.030 0.034  A 106099
   3175.91879  8.755  8.759  8.755  8.747  8.750    0.031 0.030 0.030 0.025 0.028  A 106684
   3177.90615  8.756  8.740  8.757  8.745  8.751    0.080 0.058 0.060 0.061 0.069  D 106988
   3179.85699  8.752  8.770  8.747  8.744  8.750    0.032 0.029 0.029 0.026 0.029  A 107277
   3183.87289  8.730  8.724  8.719  8.731  8.727    0.039 0.031 0.029 0.028 0.034  A 107734
   3186.87728  8.704  8.682  8.722  8.707  8.703    0.045 0.036 0.034 0.032 0.039  A 108175
   3189.91303  8.658  8.627  8.684  8.669  8.663    0.041 0.038 0.031 0.031 0.036  A 108522
   3193.91278  8.627  8.640  8.650  8.636  8.632    0.034 0.042 0.034 0.028 0.030  A 108983
   3279.77808  8.107  8.107  8.115  8.103  8.109    0.036 0.046 0.036 0.029 0.033  A 117017
   3291.83298  8.153  8.151  8.128  8.148  8.156    0.050 0.050 0.044 0.041 0.046  B 118203
   3295.57992  8.155  8.184  8.147  8.154  8.154    0.027 0.043 0.036 0.024 0.025  A 118505
   3298.60782  8.213  8.235  8.234  8.219  8.216    0.036 0.059 0.036 0.029 0.032  A 118793
   3362.62593  8.458  8.454  8.461  8.463  8.462    0.043 0.057 0.033 0.031 0.037  A 124834
   3388.54943  8.404  8.402  8.420  8.414  8.407    0.036 0.033 0.027 0.027 0.032  A 126418
   3394.53390  8.494  8.524  8.504  8.498  8.493    0.043 0.071 0.037 0.033 0.038  A 127105
   3398.52675 99.999  8.390  8.427 99.999 99.999    0.038 0.045 0.031 0.029 0.033  C 127597
   3403.52289  8.327  8.353  8.340  8.328  8.328    0.045 0.051 0.034 0.033 0.040  A 128210
   3522.88008  8.380  8.358  8.397  8.385  8.380    0.046 0.064 0.039 0.038 0.042  A 145095
   3551.93200  8.039  8.059  8.061  8.050  8.039    0.034 0.033 0.027 0.026 0.030  A 148409
   3579.91105  8.035  7.990  8.023  8.033  8.036    0.034 0.070 0.037 0.030 0.031  A 152247
   3599.89947  8.501  8.476  8.531  8.504  8.505    0.034 0.030 0.029 0.024 0.029  A 155323
   3615.86208  8.680  8.656  8.671  8.674  8.683    0.045 0.051 0.035 0.033 0.039  A 156977
   3618.69837  8.685  8.646  8.677  8.680  8.688    0.040 0.059 0.037 0.033 0.036  A 157303
   3621.67645  8.684  8.647  8.699  8.687  8.684    0.041 0.044 0.035 0.035 0.037  A 157752
   3629.68744  8.654  8.680  8.655  8.657  8.660    0.043 0.037 0.035 0.032 0.037  A 158634
   3631.71902  8.747  8.803  8.770  8.754  8.749    0.043 0.036 0.031 0.030 0.037  A 158982
   3636.73629  8.547  8.517  8.563  8.546  8.550    0.041 0.039 0.034 0.031 0.036  A 159615
   3641.81259  8.462  8.466  8.436  8.453  8.461    0.032 0.035 0.030 0.025 0.029  A 160234
   3644.61685  8.421  8.397  8.421  8.416  8.420    0.049 0.042 0.036 0.035 0.041  A 160600
   3647.80667  8.429  8.435  8.419  8.431  8.430    0.028 0.029 0.031 0.023 0.026  A 160932
   3650.59930  8.418  8.437  8.402  8.410  8.417    0.027 0.030 0.028 0.022 0.025  A 161297
   3652.65202  8.410  8.420  8.419  8.417  8.414    0.035 0.034 0.027 0.026 0.029  A 161608
   3654.65339  8.373  8.413  8.393  8.383  8.372    0.037 0.042 0.030 0.031 0.034  A 161884
   3656.62785  8.369  8.382  8.381  8.376  8.373    0.032 0.031 0.026 0.025 0.029  A 162174
   3658.65164  8.356  8.329  8.369  8.361  8.353    0.036 0.044 0.031 0.028 0.032  A 162478
   3660.67962  8.317  8.312  8.296  8.310  8.317    0.047 0.063 0.038 0.035 0.040  A 162796
   3662.70244  8.314  8.449  8.348  8.323  8.317    0.060 0.085 0.049 0.046 0.055  B 163087
   3664.73649  8.234  8.202  8.219  8.231  8.234    0.040 0.077 0.041 0.034 0.036  B 163388
   3668.61898  8.184  8.188  8.171  8.180  8.184    0.026 0.031 0.028 0.023 0.024  A 163824
   3670.65901  8.142  8.120  8.137  8.131  8.142    0.031 0.032 0.031 0.026 0.028  A 164121
   3672.74815  8.124  8.121  8.136  8.128  8.129    0.038 0.054 0.034 0.029 0.033  A 164435
   3675.59816  8.065  8.091  8.075  8.067  8.066    0.030 0.047 0.030 0.025 0.027  A 164819
   3677.71318  8.009  7.980  8.026  8.014  8.010    0.031 0.045 0.032 0.026 0.028  A 165140
   3700.58912  7.879  7.871  7.861  7.868  7.879    0.042 0.070 0.041 0.034 0.039  A 168025
   3703.57257 99.999  8.034  8.014  8.001  7.997    0.041 0.068 0.036 0.032 0.036  C 168405
   3705.64357  8.054  8.079  8.045  8.056  8.055    0.039 0.033 0.027 0.027 0.032  A 168709
   3708.59834  8.177  8.176  8.178  8.176  8.177    0.034 0.033 0.028 0.025 0.028  A 169108
   3712.62366  8.311  8.281  8.303  8.309  8.311    0.032 0.052 0.031 0.027 0.029  A 169400
   3714.63375  8.400  8.387  8.404  8.402  8.403    0.041 0.075 0.039 0.033 0.038  B 169689
   3717.59342  8.557  8.576  8.581  8.560  8.557    0.046 0.059 0.041 0.036 0.041  A 170069
   3720.58972  8.629  8.614  8.638  8.627  8.627    0.042 0.060 0.039 0.034 0.038  A 170421
   3722.64912  8.655  8.692  8.658  8.658  8.660    0.049 0.072 0.044 0.039 0.043  A 170699
   3725.62232  8.654  8.600  8.667  8.654  8.651    0.048 0.055 0.039 0.040 0.045  A 170997
   3728.58414  8.645  8.607  8.639  8.638  8.642    0.045 0.052 0.036 0.035 0.040  A 171394
   3731.61168  8.646  8.674  8.650  8.636  8.642    0.047 0.046 0.038 0.039 0.043  A 171678
   3735.55822  8.643  8.652  8.634  8.637  8.644    0.030 0.036 0.027 0.023 0.027  A 172185
   3740.53772  8.631  8.631  8.635  8.631  8.633    0.035 0.038 0.029 0.028 0.031  A 172873
   3743.57879  8.966  9.125  9.082  9.010  8.968    0.038 0.044 0.032 0.029 0.033  A 173259
   3747.57059  8.845  8.874  8.884  8.864  8.849    0.044 0.036 0.029 0.032 0.037  A 173792
   3750.56573  8.594  8.616  8.588  8.593  8.595    0.048 0.037 0.033 0.034 0.041  A 174215
   3754.55549  8.546  8.531  8.538  8.541  8.545    0.049 0.040 0.036 0.037 0.044  A 174761
   3757.54586  8.560  8.607  8.575  8.570  8.568    0.051 0.047 0.037 0.036 0.043  A 175172
   3760.53861  8.556  8.541  8.569  8.568  8.563    0.042 0.042 0.033 0.034 0.037  A 175594
   3763.53590  8.589  8.652  8.605  8.594  8.588    0.048 0.046 0.033 0.034 0.041  A 175982
   3767.52345  8.649  8.733  8.672  8.662  8.650    0.059 0.056 0.039 0.041 0.050  B 176536
   3850.92347  7.902  7.886  7.913  7.904  7.903    0.047 0.036 0.031 0.032 0.041  A 187354
   3860.91270  7.997  7.989  7.989  7.989  7.994    0.039 0.049 0.033 0.030 0.034  A 188924
   3864.90792  8.005  8.017  8.018  8.013  8.004    0.038 0.038 0.029 0.029 0.033  A 189630
   3868.90033  7.975  7.981  7.979  7.979  7.981    0.050 0.047 0.033 0.033 0.041  A 190285
   3872.88191  7.935  7.937  7.928  7.936  7.939    0.040 0.033 0.026 0.027 0.033  A 191015
   3877.89198  7.932  7.911  7.925  7.933  7.934    0.031 0.047 0.032 0.026 0.029  A 191577
   3882.92502  7.960  7.900  7.948  7.959  7.963    0.043 0.082 0.043 0.038 0.041  B 192191
   3888.89449  8.075  8.054  8.093  8.082  8.079    0.065 0.058 0.051 0.052 0.058  B 192916
   3891.91275  8.138  8.119  8.148  8.141  8.141    0.032 0.043 0.030 0.025 0.028  A 193447
   3898.88660  8.270  8.248  8.274  8.275  8.271    0.040 0.036 0.029 0.029 0.035  A 194436
   3902.86607  8.349  8.393  8.380  8.362  8.350    0.036 0.038 0.031 0.028 0.032  A 195111
   3905.88924  8.400  8.393  8.392  8.397  8.401    0.035 0.036 0.027 0.027 0.031  A 195686
   3912.92124  8.501  8.505  8.510  8.506  8.505    0.031 0.039 0.025 0.025 0.028  A 196842
   3981.68339  8.103  8.134  8.101  8.097  8.103    0.034 0.051 0.032 0.027 0.031  A 203359
   4103.57404  8.604  8.495  8.597  8.608  8.610    0.055 0.050 0.039 0.042 0.049  B 210570
   4106.56910  8.387  8.400  8.393  8.379  8.381    0.043 0.069 0.042 0.036 0.039  A 210937
   4109.58575  8.327  8.295  8.334  8.328  8.327    0.043 0.047 0.039 0.037 0.040  A 211229
   4125.53350  8.041  8.027  8.024  8.038  8.042    0.039 0.039 0.030 0.029 0.034  A 211500
   4129.53427  7.990  7.990  7.999  7.990  7.989    0.038 0.036 0.030 0.029 0.034  A 212027
   4133.52582  8.171  8.096  8.174  8.180  8.176    0.090 0.072 0.057 0.065 0.079  D 212549
   4229.92142  8.566  8.572  8.529  8.559  8.563    0.037 0.038 0.031 0.027 0.031  A 223614
   4232.91526  8.384  8.375  8.418  8.394  8.391    0.043 0.038 0.033 0.030 0.036  A 224128
   4255.89614  7.753  7.730  7.766  7.749  7.756    0.043 0.035 0.034 0.031 0.037  A 227165
   4268.92129  7.673  7.656  7.665  7.657  7.670    0.067 0.063 0.056 0.056 0.061  D 228080
   4273.84706  7.723  7.689  7.698  7.722  7.721    0.034 0.040 0.039 0.031 0.032  A 228568
   4278.81099  7.797  7.748  7.815  7.800  7.801    0.040 0.042 0.033 0.030 0.036  A 229210
   4284.83670  7.868  7.860  7.866  7.869  7.871    0.068 0.056 0.056 0.058 0.064  D 229873
   4286.88535  7.840  7.834  7.811  7.824  7.841    0.092 0.059 0.056 0.060 0.075  D 230254
   4290.86117  7.787  7.785  7.785  7.789  7.787    0.051 0.053 0.053 0.049 0.051  B 230574
   4293.82906  7.841  7.848  7.838  7.839  7.839    0.030 0.037 0.033 0.026 0.028  A 231121
   4296.83028  7.827  7.824  7.779  7.814  7.827    0.081 0.087 0.076 0.071 0.076  D 231636
   4299.80568  7.871  7.837  7.864  7.867  7.876    0.047 0.059 0.045 0.044 0.046  B 232176
   4301.82422  7.900  7.869  7.919  7.914  7.904    0.071 0.069 0.067 0.063 0.067  D 232534
   4303.83611  7.828  7.830  7.826  7.829  7.823    0.042 0.040 0.040 0.037 0.039  A 232836
   4305.82693  7.862  7.875  7.889  7.859  7.862    0.037 0.035 0.037 0.032 0.034  A 233197
   4307.78947  7.919  7.896  7.907  7.906  7.919    0.033 0.039 0.031 0.028 0.030  A 233529
   4309.80202  7.977  7.957  7.968  7.969  7.974    0.037 0.041 0.034 0.029 0.033  A 233847
   4311.79332  8.013  7.994  8.017  8.014  8.016    0.039 0.043 0.036 0.031 0.034  A 234112
   4314.82561  8.074  8.057  8.086  8.071  8.076    0.037 0.039 0.035 0.029 0.032  A 234442
   4329.81202  8.359  8.370  8.360  8.355  8.353    0.041 0.038 0.040 0.036 0.037  A 235198
   4331.78406  8.457  8.433  8.411  8.440  8.456    0.058 0.053 0.054 0.052 0.055  B 235547
   4333.74502  8.494  8.493  8.477  8.488  8.494    0.031 0.032 0.029 0.024 0.028  A 235893
   4336.74175  8.568  8.569  8.565  8.570  8.557    0.036 0.039 0.038 0.031 0.034  A 236237
   4339.70612  8.674  8.662  8.667  8.671  8.673    0.082 0.067 0.077 0.077 0.080  D 236612
   4341.75135  8.710  8.692  8.701  8.714  8.706    0.038 0.038 0.037 0.032 0.034  A 236963
   4343.77419  8.754  8.723  8.771  8.760  8.756    0.063 0.047 0.050 0.052 0.058  B 237324
   4345.77824  8.827  8.804  8.853  8.837  8.833    0.088 0.077 0.084 0.083 0.084  D 237651
   4347.78408  8.835  8.838  8.807  8.814  8.828    0.047 0.048 0.045 0.042 0.044  B 238007
   4349.84820  8.841  8.868  8.806  8.835  8.840    0.039 0.058 0.038 0.032 0.035  A 238362
   4352.76532  8.838  8.822  8.821  8.825  8.836    0.032 0.034 0.031 0.026 0.029  A 238761
   4354.76392  8.815  8.832  8.816  8.820  8.816    0.041 0.073 0.059 0.043 0.038  D 239040
   4357.66781  8.779  8.795  8.783  8.785  8.777    0.041 0.038 0.035 0.033 0.037  A 239473
   4359.71946  8.790  8.777  8.811  8.785  8.794    0.043 0.037 0.035 0.032 0.037  A 239824
   4362.65271  8.744  8.749  8.736  8.746  8.743    0.030 0.033 0.032 0.026 0.027  A 240177
   4364.67364  8.704  8.706  8.670  8.699  8.701    0.035 0.036 0.032 0.027 0.031  A 240515
   4366.83742  8.669  8.678  8.646  8.662  8.669    0.034 0.036 0.036 0.029 0.031  A 240754
   4372.70604  8.565  8.577  8.548  8.565  8.567    0.044 0.044 0.035 0.034 0.039  A 241654
   4375.70664  8.509  8.520  8.469  8.502  8.507    0.041 0.037 0.032 0.030 0.035  A 241981
   4377.76455  8.447  8.440  8.460  8.454  8.453    0.051 0.062 0.043 0.041 0.044  B 242302
   4380.59660  8.351  8.317  8.373  8.355  8.351    0.042 0.051 0.037 0.035 0.038  A 242705
   4382.64715  8.290  8.291  8.297  8.296  8.293    0.029 0.029 0.030 0.024 0.027  A 243026
   4384.67163  8.183  8.176  8.137  8.172  8.178    0.037 0.039 0.036 0.030 0.033  A 243340
   4386.67303  8.132  8.128  8.134  8.131  8.134    0.031 0.035 0.031 0.025 0.028  A 243663
   4388.65010  8.096  8.076  8.118  8.092  8.100    0.031 0.039 0.033 0.027 0.030  A 243968
   4392.62835  7.990  7.995  7.997  7.992  7.990    0.038 0.063 0.039 0.032 0.036  A 244513
   4398.75849  7.851  7.832  7.868  7.858  7.852    0.048 0.046 0.037 0.036 0.042  A 244756
   4403.76051  7.812  7.769  7.805  7.808  7.815    0.039 0.050 0.035 0.031 0.034  A 245301
   4407.75208  7.831  7.801  7.823  7.822  7.828    0.044 0.043 0.037 0.033 0.038  A 245618
   4410.62414  7.884  7.931  7.890  7.887  7.886    0.039 0.076 0.043 0.035 0.037  B 245964
   4413.66505  7.872  7.879  7.893  7.885  7.874    0.042 0.046 0.038 0.036 0.039  A 246258
   4419.62942  7.875  7.857  7.881  7.878  7.879    0.050 0.073 0.046 0.042 0.046  B 246398
   4422.60194  7.866  7.862  7.883  7.870  7.872    0.036 0.070 0.038 0.031 0.033  A 246644
   4426.60199  7.784  7.788  7.795  7.782  7.789    0.058 0.071 0.044 0.043 0.050  B 246935
   4428.64989  7.733  7.744  7.725  7.730  7.733    0.053 0.052 0.039 0.038 0.046  A 247180
   4431.56446  7.694  7.690  7.670  7.690  7.696    0.040 0.050 0.035 0.031 0.035  A 247507
   4433.64023 99.999 99.999 99.999 99.999 99.999    0.036 0.043 0.032 0.028 0.031  C 247794
   4436.58648  7.683  7.667  7.682  7.679  7.685    0.036 0.058 0.036 0.031 0.034  A 248139
   4438.65799  7.677  7.645  7.681  7.679  7.679    0.044 0.043 0.033 0.033 0.038  A 248412
   4441.58930  7.681  7.695  7.725  7.704  7.685    0.042 0.180 0.045 0.036 0.039  D 248764
   4444.59470  7.710  7.694  7.702  7.706  7.705    0.035 0.050 0.036 0.031 0.033  A 249071
   4457.59322  7.967  7.931  7.965  7.966  7.973    0.056 0.042 0.037 0.037 0.046  B 250552
   4460.59128  8.018  7.971  8.051  8.025  8.024    0.039 0.040 0.032 0.030 0.034  A 250898
   4463.57301  8.072  8.060  8.082  8.077  8.072    0.040 0.057 0.046 0.038 0.036  B 251287
   4466.57987  8.158  8.156  8.118  8.146  8.153    0.048 0.049 0.039 0.036 0.042  A 251624
   4469.56921 99.999  8.163  8.161 99.999 99.999    0.078 0.070 0.064 0.067 0.073  D 251958
   4473.56936  8.367  8.345  8.370  8.361  8.367    0.035 0.035 0.031 0.029 0.033  A 252341
   4479.55255  8.547  8.560  8.539  8.547  8.549    0.066 0.064 0.055 0.057 0.061  D 252987
   4482.55695  8.550  8.552  8.564  8.554  8.558    0.060 0.048 0.043 0.047 0.053  B 253300
   4486.54466  8.572  8.580  8.574  8.577  8.577    0.061 0.066 0.046 0.047 0.054  B 253678
   4489.54065  8.612  8.612  8.594  8.609  8.612    0.042 0.036 0.034 0.032 0.037  A 254029
   4493.53032  8.621  8.651  8.607  8.621  8.621    0.043 0.036 0.032 0.031 0.037  A 254486
   4498.52363  8.646  8.663  8.610  8.640  8.645    0.045 0.036 0.035 0.033 0.039  A 254867
#ndata= 13
#dataset= 3 ; 1 F0036-32_159
#desig= 000614-3248.9
#cra=    0.103935  00:06:14.2
#cdec= -32.815811 -32:48:56.9
#class= 0
#cmag_0=  8.754
#cmer_0=  0.049
#nskip_0= 7
#cmag_1=  8.748
#cmer_1=  0.030
#nskip_1= 7
#cmag_2=  8.809
#cmer_2=  0.037
#nskip_2= 7
#cmag_3=  8.813
#cmer_3=  0.035
#nskip_3= 7
#cmag_4=  8.834
#cmer_4=  0.036
#nskip_4= 7
#ra=    0.103935  00:06:14.2
#dec= -32.815811 -32:48:56.9
#     HJD      MAG_4  MAG_0  MAG_1  MAG_2  MAG_3    MER_4 MER_0 MER_1 MER_2 MER_3 GRADE FRAME
   2143.73910  8.062  8.037  8.022  8.038  8.045    0.033 0.059 0.034 0.029 0.031  A 30843
   2465.84141  8.794  8.728  8.734  8.766  8.773    0.030 0.042 0.042 0.035 0.039  A 11148
   2468.86253  8.838  8.765  8.778  8.819  8.824    0.027 0.035 0.037 0.027 0.027  A 11811
   2470.81720  8.873  8.813  8.776  8.848  8.849    0.029 0.036 0.036 0.029 0.034  A 12074
   2473.83733  8.939  8.873  8.884  8.911  8.921    0.028 0.038 0.041 0.033 0.037  A 12770
   2481.82714  9.082  9.033  9.024  9.058  9.048    0.040 0.050 0.046 0.040 0.045  A 13031
   2486.78501  9.117  9.123  9.072  9.113  9.082    0.044 0.044 0.042 0.040 0.047  A 13387
   2490.78165 99.999 99.999 99.999 99.999 99.999    0.032 0.038 0.037 0.032 0.039  C 14128
   2886.79446  8.605  8.560  8.580  8.588  8.593    0.025 0.030 0.036 0.024 0.024  A 70303
   2916.75859  8.665  8.623  8.627  8.639  8.649    0.028 0.034 0.030 0.025 0.025  A 74628
   2956.65196  7.762  7.702  7.714  7.744  7.750    0.046 0.033 0.037 0.039 0.043  A 80241
   3177.90615  8.758  8.678  8.697  8.721  8.737    0.081 0.062 0.062 0.063 0.071  D 106988
   3366.60664  8.359  8.373  8.320  8.346  8.345    0.049 0.078 0.043 0.037 0.042  A 125161
#ndata= 1
#dataset= 4 ; 1 F0208-16_247
#desig= 000613-3249.0
#cra=    0.103742  00:06:13.5
#cdec= -32.816325 -32:48:58.8
#class= 0
#cmag_0=  8.988
#cmer_0=  0.000
#nskip_0= 0
#cmag_1=  8.990
#cmer_1=  0.000
#nskip_1= 0
#cmag_2=  9.018
#cmer_2=  0.000
#nskip_2= 0
#cmag_3=  9.030
#cmer_3=  0.000
#nskip_3= 0
#cmag_4=  9.040
#cmer_4=  0.000
#nskip_4= 0
#ra=    0.103742  00:06:13.5
#dec= -32.816325 -32:48:58.8
#     HJD      MAG_3  MAG_0  MAG_1  MAG_2  MAG_4    MER_3 MER_0 MER_1 MER_2 MER_4 GRADE FRAME
   2492.83991  9.030  8.988  8.991  9.018  9.041    0.071 0.080 0.079 0.067 0.056  D 14366
