#ndata= 3
#dataset= 1 ; 1 F0000-48_090
#desig= 000634-3849.0
#cra=    0.109332  00:06:33.6
#cdec= -38.816830 -38:49:00.6
#class= 0
#cmag_0= 11.085
#cmer_0=  0.128
#nskip_0= 0
#cmag_1= 11.136
#cmer_1=  0.119
#nskip_1= 0
#cmag_2= 11.166
#cmer_2=  0.104
#nskip_2= 0
#cmag_3= 11.169
#cmer_3=  0.081
#nskip_3= 0
#cmag_4= 11.125
#cmer_4=  0.092
#nskip_4= 0
#ra=    0.109332  00:06:33.6
#dec= -38.816830 -38:49:00.6
#     HJD      MAG_1  MAG_0  MAG_2  MAG_3  MAG_4    MER_1 MER_0 MER_2 MER_3 MER_4 GRADE FRAME
   2140.72731 11.034 10.969 11.078 11.097 11.055    0.060 0.082 0.058 0.062 0.070  B 30221
   2151.64505 11.203 11.150 11.227 11.212 11.187    0.067 0.087 0.072 0.090 0.111  D 31389
   3401.53067 11.173 11.137 11.195 11.200 11.136    0.054 0.062 0.052 0.057 0.065  B 128028
#ndata= 370
#dataset= 2 ; 1 F0000-40_122
#desig= 000633-3849.0
#cra=    0.109215  00:06:33.2
#cdec= -38.816153 -38:48:58.1
#class= 0
#cmag_0= 11.340
#cmer_0=  0.102
#nskip_0= 1
#cmag_1= 11.335
#cmer_1=  0.101
#nskip_1= 1
#cmag_2= 11.319
#cmer_2=  0.099
#nskip_2= 1
#cmag_3= 11.283
#cmer_3=  0.098
#nskip_3= 1
#cmag_4= 11.234
#cmer_4=  0.100
#nskip_4= 1
#ra=    0.109215  00:06:33.2
#dec= -38.816153 -38:48:58.1
#     HJD      MAG_1  MAG_0  MAG_2  MAG_3  MAG_4    MER_1 MER_0 MER_2 MER_3 MER_4 GRADE FRAME
   1869.52275 11.416 11.384 11.405 11.354 11.278    0.020 0.042 0.018 0.021 0.024  A 193
   1871.60719 11.437 11.369 11.420 11.362 11.302    0.030 0.072 0.024 0.026 0.027  A 507
   1873.57974 11.381 11.366 11.376 11.350 11.277    0.026 0.065 0.022 0.024 0.028  A 818
   1875.57412 11.354 11.407 11.340 11.311 11.261    0.027 0.066 0.023 0.025 0.027  A 1138
   1877.57500 11.316 11.339 11.287 11.248 11.198    0.023 0.046 0.020 0.022 0.025  A 1460
   1879.56694 11.258 11.273 11.253 11.216 11.163    0.025 0.043 0.021 0.023 0.024  A 1770
   1881.55620 11.213 11.259 11.216 11.179 11.120    0.026 0.048 0.021 0.023 0.026  A 2078
   1885.54641 11.206 11.225 11.186 11.154 11.108    0.026 0.046 0.022 0.025 0.029  A 2385
   1887.57380 11.164 11.147 11.147 11.115 11.063    0.025 0.052 0.022 0.026 0.029  A 2716
   1889.58773 11.126 11.118 11.105 11.058 11.016    0.027 0.047 0.024 0.027 0.031  A 3042
   1902.52571 11.286 11.300 11.266 11.222 11.160    0.027 0.049 0.024 0.027 0.031  A 3460
   1905.53794 11.351 11.329 11.339 11.287 11.215    0.028 0.054 0.023 0.024 0.026  A 3947
   1908.53957 11.444 11.407 11.417 11.378 11.322    0.023 0.035 0.018 0.021 0.025  A 4431
   1915.53933 11.387 11.427 11.386 11.362 11.294    0.023 0.033 0.021 0.025 0.028  A 4888
   1920.55247 11.388 11.408 11.377 11.351 11.309    0.027 0.043 0.023 0.025 0.029  A 5427
   1928.53375 11.219 11.223 11.196 11.169 11.132    0.029 0.047 0.024 0.024 0.028  A 6734
   2017.91839 29.999 29.999 29.999 29.999 29.999    0.054 0.069 0.046 0.054 0.054  C 16115
   2026.90904 11.163 11.145 11.152 11.122 11.062    0.026 0.049 0.023 0.026 0.029  A 17528
   2031.89147 11.172 11.132 11.170 11.144 11.070    0.027 0.051 0.025 0.028 0.032  A 18126
   2033.90212 11.185 11.198 11.172 11.144 11.082    0.024 0.038 0.022 0.024 0.026  A 18564
   2052.91821 11.227 11.251 11.210 11.177 11.103    0.024 0.050 0.022 0.025 0.028  A 19940
   2054.87961 11.314 11.331 11.300 11.265 11.191    0.026 0.058 0.023 0.026 0.029  A 20354
   2056.86468 11.272 11.219 11.283 11.253 11.182    0.026 0.061 0.023 0.026 0.028  A 20797
   2058.86536 11.322 11.299 11.308 11.261 11.172    0.032 0.060 0.027 0.028 0.031  A 21248
   2064.92809 11.350 11.448 11.299 11.261 11.205    0.028 0.063 0.025 0.027 0.031  A 21673
   2067.83594 11.272 11.245 11.260 11.222 11.145    0.030 0.071 0.027 0.029 0.033  A 21936
   2068.82817 11.261 11.313 11.236 11.209 11.172    0.037 0.069 0.036 0.042 0.048  A 22158
   2069.82360 11.223 11.211 11.218 11.184 11.114    0.030 0.067 0.027 0.030 0.035  A 22379
   2070.82184 11.166 11.195 11.156 11.142 11.081    0.053 0.072 0.059 0.070 0.082  D 22598
   2080.82410 11.031 11.046 11.016 10.983 10.933    0.027 0.058 0.022 0.024 0.027  A 22979
   2082.88241 11.119 11.134 11.102 11.064 11.021    0.031 0.067 0.025 0.027 0.030  A 23470
   2085.88599 11.144 11.177 11.137 11.103 11.052    0.029 0.050 0.023 0.025 0.029  A 23926
   2088.84393 11.260 11.293 11.246 11.220 11.178    0.029 0.065 0.025 0.027 0.031  A 24581
   2095.78427 11.356 11.409 11.329 11.285 11.223    0.038 0.067 0.038 0.045 0.052  A 25289
   2096.77618 11.285 11.324 11.270 11.231 11.165    0.048 0.070 0.048 0.053 0.060  B 25511
   2103.73316 11.258 11.243 11.258 11.212 11.151    0.029 0.059 0.025 0.027 0.030  A 25852
   2104.81397 11.325 11.363 11.309 11.281 11.221    0.030 0.056 0.025 0.027 0.029  A 26086
   2105.81344 11.349 11.415 11.338 11.318 11.267    0.028 0.057 0.023 0.025 0.027  A 26306
   2106.82077 11.300 11.287 11.298 11.270 11.201    0.027 0.055 0.023 0.025 0.027  A 26512
   2113.83636 11.284 11.327 11.277 11.244 11.193    0.031 0.048 0.027 0.028 0.030  A 26634
   2114.84093 11.306 11.319 11.308 11.278 11.222    0.027 0.040 0.024 0.024 0.028  A 26748
   2115.91037 11.278 11.300 11.280 11.250 11.214    0.029 0.032 0.023 0.023 0.024  A 26980
   2116.79026 11.339 11.325 11.315 11.285 11.246    0.029 0.050 0.025 0.027 0.030  A 27153
   2117.77776 11.285 11.220 11.281 11.242 11.194    0.028 0.060 0.025 0.026 0.028  A 27366
   2128.70935 11.311 11.308 11.300 11.254 11.196    0.025 0.045 0.022 0.026 0.031  A 27970
   2129.72877 11.388 11.434 11.370 11.332 11.277    0.024 0.054 0.021 0.024 0.026  A 28193
   2130.73723 11.335 11.253 11.339 11.296 11.224    0.027 0.058 0.023 0.025 0.027  A 28413
   2132.75248 11.363 11.382 11.339 11.292 11.223    0.024 0.052 0.021 0.024 0.027  A 28831
   2134.74343 11.344 11.407 11.328 11.287 11.244    0.027 0.045 0.023 0.025 0.028  A 29257
   2135.74423 11.314 11.311 11.301 11.268 11.207    0.029 0.057 0.026 0.029 0.033  A 29472
   2136.74000 11.309 11.293 11.291 11.257 11.193    0.026 0.048 0.022 0.025 0.028  A 29684
   2141.72535 11.215 11.157 11.216 11.186 11.134    0.025 0.042 0.022 0.024 0.027  A 30432
   2144.72143 11.145 11.125 11.145 11.122 11.057    0.028 0.057 0.024 0.025 0.028  A 31040
   2145.71480 11.189 11.180 11.174 11.143 11.082    0.024 0.034 0.021 0.024 0.026  A 31241
   2156.66546 11.322 11.268 11.317 11.295 11.287    0.035 0.051 0.028 0.030 0.034  A 31660
   2164.67494 11.484 11.479 11.464 11.476 11.431    0.035 0.039 0.025 0.023 0.027  A 31923
   2167.65218 11.519 11.517 11.501 11.470 11.418    0.028 0.047 0.022 0.024 0.026  A 32103
   2168.67304 11.483 11.492 11.499 11.479 11.411    0.028 0.041 0.022 0.023 0.026  A 32280
   2169.68905 11.493 11.458 11.482 11.467 11.417    0.033 0.046 0.024 0.024 0.026  A 32440
   2171.65310 11.471 11.498 11.459 11.445 11.402    0.035 0.044 0.029 0.029 0.030  A 32608
   2172.66165 11.478 11.466 11.476 11.421 11.384    0.028 0.040 0.021 0.023 0.025  A 32801
   2173.66113 11.549 11.569 11.500 11.464 11.402    0.034 0.054 0.026 0.027 0.029  A 32989
   2174.65053 11.470 11.477 11.479 11.491 11.432    0.043 0.051 0.043 0.048 0.058  B 33158
   2175.64198 11.461 11.439 11.452 11.386 11.359    0.033 0.045 0.026 0.026 0.028  A 33299
   2177.62709 11.410 11.402 11.386 11.392 11.343    0.035 0.055 0.030 0.032 0.035  A 33421
   2178.62959 11.430 11.417 11.404 11.389 11.352    0.032 0.043 0.026 0.027 0.028  A 33597
   2183.59125 11.294 11.329 11.280 11.251 11.195    0.036 0.054 0.029 0.031 0.034  A 33867
   2184.62963 11.381 11.379 11.334 11.308 11.255    0.037 0.049 0.028 0.031 0.034  A 34076
   2185.62905 11.373 11.379 11.359 11.343 11.293    0.033 0.042 0.027 0.029 0.032  A 34262
   2186.65501 11.423 11.433 11.410 11.380 11.312    0.035 0.042 0.029 0.032 0.033  A 34388
   2188.66010 11.398 11.412 11.396 11.367 11.344    0.034 0.040 0.027 0.030 0.029  A 34701
   2190.58366 11.391 11.394 11.402 11.394 11.353    0.034 0.045 0.026 0.027 0.028  A 34915
   2191.63776 11.416 11.429 11.413 11.379 11.341    0.032 0.046 0.025 0.025 0.026  A 35114
   2192.63019 11.466 11.474 11.472 11.458 11.411    0.031 0.045 0.023 0.024 0.026  A 35285
   2193.61779 11.442 11.447 11.427 11.423 11.390    0.032 0.039 0.024 0.025 0.025  A 35462
   2194.61338 11.420 11.418 11.422 11.397 11.365    0.032 0.041 0.023 0.025 0.025  A 35639
   2195.62214 11.494 11.461 11.489 11.491 11.441    0.032 0.043 0.024 0.023 0.027  A 35820
   2196.60996 11.387 11.369 11.387 11.372 11.328    0.033 0.043 0.025 0.025 0.025  A 35947
   2197.60970 11.390 11.410 11.376 11.335 11.289    0.035 0.042 0.025 0.027 0.026  A 36131
   2198.60858 11.417 11.433 11.413 11.400 11.375    0.032 0.041 0.024 0.025 0.025  A 36302
   2199.61815 11.390 11.373 11.380 11.321 11.318    0.038 0.048 0.029 0.029 0.030  A 36486
   2201.59338 11.369 11.358 11.350 11.348 11.316    0.031 0.038 0.024 0.027 0.027  A 36724
   2202.60980 11.426 11.421 11.379 11.350 11.325    0.035 0.044 0.026 0.028 0.029  A 36899
   2203.60391 11.423 11.404 11.398 11.351 11.326    0.035 0.046 0.027 0.029 0.029  A 37070
   2204.58841 11.358 11.400 11.357 11.312 11.281    0.033 0.040 0.026 0.028 0.029  A 37190
   2205.57967 11.374 11.429 11.343 11.349 11.390    0.073 0.082 0.070 0.075 0.083  D 37318
   2206.59377 11.399 11.421 11.394 11.377 11.332    0.034 0.040 0.026 0.028 0.028  A 37468
   2207.57680 11.478 11.470 11.414 11.390 11.384    0.045 0.051 0.042 0.048 0.054  B 37633
   2211.55696 11.305 11.332 11.275 11.248 11.222    0.042 0.049 0.035 0.038 0.035  A 37817
   2213.56081 11.365 11.385 11.348 11.325 11.317    0.038 0.043 0.031 0.032 0.032  A 38055
   2214.57374 11.315 11.347 11.310 11.263 11.231    0.038 0.050 0.030 0.032 0.033  A 38208
   2215.57581 11.379 11.368 11.373 11.367 11.335    0.039 0.049 0.031 0.035 0.036  A 38376
   2216.57379 11.351 11.359 11.333 11.317 11.284    0.037 0.048 0.030 0.035 0.033  A 38545
   2217.57569 11.309 11.307 11.295 11.284 11.257    0.034 0.043 0.027 0.033 0.031  A 38713
   2221.55173 11.363 11.393 11.311 11.293 11.286    0.036 0.046 0.029 0.032 0.031  A 38993
   2224.54140 11.355 11.354 11.338 11.322 11.307    0.039 0.047 0.032 0.038 0.035  A 39306
   2226.53391 11.353 11.361 11.325 11.282 11.264    0.038 0.046 0.031 0.036 0.033  A 39619
   2228.54652 11.309 11.319 11.314 11.309 11.304    0.043 0.053 0.036 0.044 0.039  A 39940
   2230.53146 11.281 11.300 11.278 11.266 11.238    0.038 0.045 0.030 0.037 0.034  A 40261
   2233.52882 11.283 11.297 11.272 11.252 11.245    0.036 0.046 0.030 0.035 0.032  A 40588
   2235.52483 11.333 11.341 11.323 11.300 11.254    0.037 0.044 0.029 0.032 0.031  A 40896
   2244.60386 11.360 11.318 11.334 11.308 11.266    0.046 0.057 0.039 0.044 0.042  A 42165
   2248.55412 11.368 11.342 11.356 11.314 11.289    0.042 0.056 0.034 0.040 0.038  A 42462
   2254.59609 11.381 11.362 11.396 11.410 11.412    0.046 0.061 0.036 0.045 0.044  A 43453
   2256.59006 29.999 29.999 29.999 29.999 29.999    0.046 0.059 0.038 0.045 0.043  C 43767
   2262.58284 11.606 11.614 11.638 11.696 11.691    0.055 0.071 0.045 0.052 0.055  B 44521
   2444.81584 11.269 11.212 11.210 11.178 11.123    0.042 0.042 0.034 0.034 0.037  A 8956
   2446.81344 11.267 11.287 11.250 11.256 11.227    0.036 0.032 0.025 0.023 0.022  A 9332
   2452.79928 11.450 11.459 11.386 11.360 11.292    0.055 0.059 0.054 0.061 0.067  B 9519
   2466.81323 11.350 11.365 11.350 11.340 11.305    0.031 0.030 0.023 0.024 0.023  A 11354
   2467.81680 11.354 11.358 11.335 11.292 11.249    0.025 0.022 0.018 0.019 0.019  A 11574
   2468.88136 11.437 11.421 11.412 11.374 11.320    0.031 0.030 0.021 0.021 0.023  A 11819
   2471.85393 11.292 11.289 11.297 11.271 11.241    0.035 0.030 0.030 0.037 0.030  A 12569
   2482.71344 11.289 11.302 11.294 11.256 11.230    0.039 0.039 0.034 0.040 0.036  A 13188
   2489.74363 11.217 11.231 11.225 11.212 11.166    0.030 0.026 0.022 0.024 0.023  A 13893
   2494.75342 11.193 11.172 11.181 11.178 11.138    0.060 0.065 0.056 0.062 0.061  B 14712
   2495.79358 11.205 11.177 11.192 11.185 11.159    0.033 0.034 0.026 0.032 0.027  A 14868
   2498.74557 11.299 11.276 11.285 11.249 11.223    0.031 0.028 0.022 0.024 0.022  A 15483
   2499.73896 11.329 11.315 11.305 11.292 11.244    0.029 0.027 0.022 0.026 0.021  A 15690
   2501.74074 11.347 11.384 11.336 11.332 11.293    0.032 0.028 0.024 0.024 0.020  A 16053
   2502.74533 11.360 11.351 11.342 11.324 11.311    0.033 0.031 0.028 0.034 0.026  A 16267
   2503.73873 11.369 11.311 11.379 11.368 11.328    0.053 0.057 0.050 0.057 0.055  B 16468
   2519.73712 11.306 11.308 11.265 11.226 11.194    0.029 0.028 0.022 0.023 0.023  A 18043
   2521.80097 11.223 11.230 11.206 11.169 11.125    0.031 0.028 0.023 0.023 0.021  A 18465
   2529.66952 11.021 11.002 11.031 11.010 10.983    0.043 0.051 0.036 0.036 0.035  A 19090
   2540.61177 11.268 11.256 11.224 11.187 11.139    0.034 0.038 0.026 0.028 0.028  A 19700
   2544.68061 11.428 11.424 11.386 11.365 11.312    0.026 0.033 0.019 0.019 0.021  A 20000
   2562.62936 11.350 11.363 11.330 11.288 11.229    0.027 0.033 0.020 0.021 0.023  A 22730
   2563.64798 11.293 11.296 11.290 11.280 11.253    0.032 0.034 0.028 0.029 0.031  A 22917
   2565.67222 11.255 11.277 11.220 11.195 11.171    0.033 0.032 0.024 0.024 0.026  A 23285
   2566.68250 11.232 11.241 11.204 11.197 11.175    0.038 0.038 0.028 0.031 0.028  A 23468
   2578.62999 11.080 11.093 11.065 11.052 11.028    0.034 0.031 0.026 0.030 0.025  A 24942
   2621.59986 11.172 11.145 11.179 11.144 11.099    0.032 0.039 0.024 0.023 0.026  A 29784
   2622.66912 11.181 11.175 11.163 11.110 11.045    0.024 0.036 0.024 0.026 0.029  A 29981
   2625.59179 11.180 11.200 11.172 11.136 11.078    0.031 0.044 0.024 0.026 0.028  A 30395
   2628.59599 11.225 11.215 11.223 11.203 11.137    0.028 0.050 0.025 0.029 0.033  A 30704
   2635.61402 11.235 11.240 11.216 11.190 11.127    0.021 0.028 0.019 0.020 0.022  A 32218
   2638.55627 11.264 11.200 11.243 11.208 11.159    0.033 0.041 0.021 0.022 0.023  A 32638
   2640.56379 11.238 11.284 11.236 11.205 11.156    0.032 0.039 0.022 0.023 0.025  A 32951
   2642.56640 11.310 11.296 11.293 11.250 11.194    0.025 0.037 0.022 0.022 0.025  A 33237
   2646.55759 11.315 11.305 11.286 11.250 11.199    0.033 0.035 0.029 0.036 0.043  A 33840
   2649.56079 11.351 11.332 11.324 11.273 11.227    0.029 0.027 0.022 0.022 0.023  A 34095
   2651.56822 11.394 11.408 11.390 11.351 11.288    0.021 0.022 0.020 0.022 0.026  A 34408
   2654.55877 11.345 11.366 11.330 11.304 11.257    0.024 0.032 0.022 0.026 0.030  A 34863
   2658.54439 11.277 11.295 11.272 11.222 11.151    0.024 0.025 0.022 0.025 0.028  A 35561
   2660.55156 11.305 11.286 11.270 11.234 11.191    0.021 0.026 0.020 0.022 0.026  A 35904
   2662.55090 11.260 11.257 11.261 11.229 11.166    0.022 0.037 0.019 0.021 0.023  A 36245
   2665.52825 11.244 11.257 11.216 11.170 11.105    0.024 0.028 0.023 0.026 0.030  A 36755
   2668.52893 11.184 11.187 11.156 11.100 11.050    0.029 0.028 0.029 0.035 0.039  A 37229
   2671.52290 11.210 11.198 11.198 11.153 11.072    0.032 0.030 0.034 0.041 0.045  A 37713
   2673.52651 11.216 11.262 11.196 11.154 11.119    0.027 0.027 0.026 0.031 0.035  A 38052
   2783.87310 11.405 11.394 11.381 11.335 11.281    0.024 0.028 0.021 0.021 0.024  A 56031
   2830.75564 11.371 11.376 11.330 11.282 11.234    0.026 0.025 0.019 0.021 0.023  A 62555
   2832.79560 11.331 11.390 11.337 11.292 11.246    0.027 0.026 0.023 0.024 0.026  A 63023
   2839.86255 11.368 11.364 11.321 11.275 11.205    0.054 0.051 0.052 0.057 0.064  B 64202
   2841.79878 11.397 11.358 11.349 11.322 11.281    0.024 0.023 0.018 0.019 0.020  A 64595
   2862.72656 11.338 11.294 11.323 11.300 11.266    0.035 0.030 0.027 0.031 0.031  A 67207
   2895.79174 11.377 11.336 11.353 11.312 11.261    0.022 0.025 0.020 0.023 0.026  A 71335
   2897.80803 11.368 11.349 11.346 11.307 11.248    0.019 0.019 0.018 0.020 0.023  A 71741
   2899.77041 11.279 11.297 11.255 11.204 11.145    0.020 0.023 0.018 0.020 0.021  A 72088
   2902.73923 11.213 11.284 11.198 11.165 11.116    0.027 0.035 0.021 0.022 0.023  A 72555
   2905.64089 11.206 11.254 11.182 11.128 11.093    0.035 0.027 0.022 0.028 0.026  A 72981
   2907.80692 11.271 11.241 11.275 11.271 11.220    0.050 0.054 0.049 0.052 0.056  B 73305
   2912.64786 11.292 11.303 11.279 11.244 11.204    0.025 0.021 0.020 0.022 0.021  A 74104
   2915.65011 11.335 11.327 11.313 11.273 11.234    0.027 0.022 0.019 0.021 0.023  A 74389
   2916.74211 11.370 11.340 11.360 11.335 11.298    0.031 0.029 0.024 0.027 0.031  A 74621
   2918.67874 11.332 11.386 11.315 11.271 11.227    0.026 0.027 0.024 0.027 0.030  A 74907
   2921.71986 11.363 11.328 11.342 11.303 11.243    0.027 0.030 0.027 0.033 0.037  A 75115
   2923.70796 11.433 11.403 11.415 11.377 11.339    0.041 0.033 0.033 0.041 0.041  A 75486
   2926.71155 11.353 11.328 11.333 11.301 11.245    0.033 0.032 0.028 0.034 0.035  A 75847
   2928.70850 11.292 11.274 11.275 11.253 11.223    0.034 0.027 0.028 0.033 0.032  A 76219
   2930.70040 11.230 11.233 11.210 11.174 11.127    0.028 0.026 0.023 0.024 0.024  A 76565
   2932.68281 11.278 11.269 11.224 11.224 11.161    0.038 0.031 0.030 0.036 0.036  A 76913
   2934.67737 11.199 11.165 11.189 11.152 11.114    0.036 0.030 0.028 0.033 0.032  A 77265
   2936.68010 11.142 11.216 11.141 11.094 11.073    0.049 0.031 0.036 0.041 0.040  A 77617
   2939.72108 11.221 11.199 11.197 11.184 11.137    0.022 0.021 0.019 0.021 0.023  A 77850
   2942.76057 11.176 11.191 11.181 11.154 11.098    0.022 0.028 0.020 0.023 0.027  A 78253
   2944.60032 11.194 11.246 11.169 11.140 11.101    0.045 0.038 0.035 0.042 0.039  A 78510
   2945.64224 11.220 11.237 11.193 11.159 11.112    0.040 0.034 0.037 0.045 0.047  A 78706
   2947.64627 11.227 11.229 11.220 11.193 11.145    0.026 0.033 0.023 0.025 0.027  A 79010
   2949.67300 11.312 11.278 11.292 11.237 11.170    0.024 0.023 0.023 0.026 0.030  A 79296
   2951.68735 11.280 11.326 11.276 11.239 11.195    0.026 0.027 0.024 0.028 0.033  A 79582
   2953.70642 11.345 11.346 11.323 11.279 11.237    0.035 0.036 0.040 0.049 0.058  B 79858
   2955.71042 11.305 11.347 11.244 11.168 11.099    0.064 0.063 0.066 0.068 0.072  D 80115
   2957.70729 11.405 11.457 11.395 11.352 11.301    0.025 0.022 0.023 0.026 0.028  A 80404
   2964.56247 11.402 11.392 11.392 11.337 11.268    0.032 0.034 0.033 0.038 0.043  A 81314
   2966.58204 11.326 11.327 11.303 11.260 11.216    0.024 0.025 0.021 0.024 0.027  A 81608
   2968.59227 11.281 11.292 11.263 11.231 11.189    0.021 0.024 0.019 0.022 0.025  A 81887
   2970.58362 11.293 11.312 11.275 11.239 11.197    0.022 0.026 0.019 0.022 0.025  A 82103
   2972.59368 11.285 11.307 11.263 11.224 11.179    0.039 0.034 0.043 0.047 0.051  B 82368
   2974.63217 11.263 11.304 11.263 11.225 11.186    0.026 0.025 0.024 0.027 0.032  A 82574
   2978.63580 11.341 11.343 11.319 11.262 11.194    0.023 0.024 0.023 0.026 0.029  A 83128
   2980.65995 11.378 11.363 11.360 11.304 11.247    0.027 0.030 0.027 0.031 0.038  A 83386
   2982.66432 11.368 11.385 11.326 11.263 11.209    0.038 0.036 0.041 0.049 0.056  B 83660
   2984.66394 11.460 11.430 11.455 11.426 11.373    0.025 0.029 0.026 0.030 0.036  A 83917
   2987.55396 11.430 11.457 11.432 11.394 11.331    0.021 0.021 0.020 0.023 0.026  A 84275
   2989.64369 11.518 11.518 11.494 11.456 11.388    0.037 0.049 0.038 0.041 0.043  A 84526
   2992.57941 11.434 11.481 11.426 11.387 11.339    0.024 0.023 0.022 0.025 0.028  A 84897
   2994.60620 11.437 11.441 11.407 11.362 11.309    0.023 0.024 0.021 0.024 0.027  A 85171
   2997.55859 11.319 11.316 11.290 11.261 11.215    0.024 0.025 0.023 0.025 0.028  A 85553
   3000.55784 11.220 11.202 11.187 11.137 11.082    0.028 0.033 0.029 0.032 0.037  A 85826
   3006.58851 11.168 11.174 11.149 11.106 11.052    0.030 0.028 0.029 0.035 0.041  A 86570
   3012.54199 11.305 11.343 11.294 11.239 11.173    0.035 0.033 0.037 0.044 0.052  A 87339
   3016.53762 11.374 11.370 11.343 11.293 11.228    0.069 0.063 0.068 0.072 0.077  D 87705
   3018.56922 11.486 11.489 11.469 11.418 11.353    0.025 0.027 0.022 0.025 0.029  A 87989
   3133.90339 11.377 11.368 11.342 11.290 11.234    0.065 0.062 0.065 0.069 0.071  D 102072
   3154.92878 11.345 11.344 11.322 11.273 11.214    0.023 0.023 0.023 0.028 0.032  A 104041
   3164.87012 11.273 11.306 11.242 11.191 11.145    0.025 0.027 0.024 0.025 0.029  A 105279
   3171.91464 11.276 11.274 11.246 11.223 11.188    0.028 0.027 0.026 0.030 0.035  A 106272
   3175.91333 11.273 11.311 11.249 11.208 11.176    0.028 0.023 0.022 0.024 0.028  A 106682
   3193.93628 11.382 11.399 11.410 11.407 11.387    0.039 0.047 0.035 0.039 0.046  A 108991
   3362.60939 11.462 11.462 11.450 11.420 11.369    0.029 0.043 0.028 0.033 0.039  A 124829
   3389.54693 11.384 11.334 11.373 11.319 11.231    0.068 0.072 0.072 0.074 0.078  D 126551
   3397.53362 11.456 11.447 11.459 11.441 11.402    0.026 0.034 0.026 0.030 0.033  A 127466
   3400.52749 11.468 11.474 11.449 11.411 11.350    0.025 0.032 0.024 0.028 0.033  A 127873
   3401.53067 11.398 11.408 11.360 11.317 11.266    0.029 0.036 0.024 0.027 0.031  A 128028
   3492.91919 11.239 11.249 11.207 11.156 11.099    0.026 0.038 0.024 0.029 0.033  A 141572
   3503.90730 11.350 11.353 11.347 11.312 11.226    0.049 0.062 0.054 0.066 0.080  D 142893
   3511.88162 11.346 11.376 11.347 11.302 11.253    0.030 0.051 0.023 0.026 0.029  A 143755
   3520.79260 11.272 11.293 11.270 11.229 11.166    0.028 0.039 0.028 0.032 0.038  A 144724
   3520.93537 11.296 11.290 11.280 11.227 11.155    0.027 0.039 0.026 0.031 0.037  A 144772
   3540.85772 11.490 11.510 11.470 11.435 11.363    0.037 0.049 0.037 0.041 0.047  A 147232
   3551.91381 11.284 11.295 11.279 11.252 11.202    0.025 0.037 0.024 0.028 0.032  A 148403
   3579.90540 11.420 11.340 11.390 11.330 11.258    0.039 0.084 0.032 0.034 0.036  B 152245
   3599.83511 11.425 11.388 11.386 11.341 11.279    0.027 0.030 0.024 0.028 0.033  A 155303
   3617.72069 11.248 11.273 11.245 11.204 11.168    0.037 0.043 0.030 0.032 0.036  A 157161
   3640.76217 11.360 11.333 11.333 11.279 11.210    0.027 0.037 0.024 0.026 0.030  A 160056
   3643.61793 11.356 11.343 11.327 11.290 11.236    0.037 0.040 0.038 0.044 0.049  A 160448
   3646.65739 11.358 11.365 11.339 11.311 11.263    0.029 0.033 0.022 0.023 0.025  A 160771
   3648.81583 11.254 11.317 11.254 11.198 11.170    0.043 0.052 0.045 0.052 0.059  B 161085
   3651.59830 11.247 11.216 11.215 11.177 11.129    0.024 0.028 0.020 0.022 0.026  A 161431
   3653.62971 11.208 11.243 11.201 11.158 11.094    0.034 0.054 0.033 0.039 0.046  A 161754
   3655.62354 11.198 11.189 11.188 11.152 11.105    0.029 0.048 0.025 0.027 0.030  A 162013
   3657.66125 11.230 11.237 11.209 11.180 11.125    0.028 0.032 0.027 0.031 0.036  A 162326
   3659.69766 11.193 11.169 11.167 11.126 11.075    0.030 0.039 0.028 0.032 0.039  A 162651
   3661.72727 11.189 11.181 11.180 11.144 11.092    0.037 0.064 0.032 0.037 0.043  A 162965
   3663.80564 11.199 11.161 11.195 11.154 11.091    0.036 0.058 0.035 0.042 0.048  A 163268
   3666.61271 11.263 11.291 11.244 11.220 11.179    0.026 0.041 0.023 0.023 0.025  A 163644
   3669.70784 11.449 11.503 11.419 11.386 11.334    0.029 0.038 0.023 0.024 0.026  A 163998
   3672.57275 11.375 11.368 11.343 11.301 11.246    0.029 0.042 0.023 0.024 0.028  A 164377
   3674.68255 11.367 11.375 11.344 11.300 11.226    0.030 0.052 0.025 0.027 0.030  A 164701
   3680.55057 11.369 11.365 11.351 11.310 11.257    0.029 0.043 0.023 0.025 0.028  A 165322
   3699.60347 11.127 11.154 11.125 11.102 11.048    0.035 0.049 0.034 0.039 0.047  A 167893
   3701.68999 11.091 11.082 11.060 11.002 10.907    0.040 0.048 0.040 0.048 0.056  B 168194
   3704.64041 11.113 11.099 11.109 11.095 11.059    0.026 0.034 0.028 0.034 0.040  A 168571
   3707.61386 11.129 11.164 11.136 11.110 11.072    0.029 0.048 0.024 0.026 0.029  A 168974
   3711.61469 11.165 11.231 11.162 11.122 11.072    0.038 0.074 0.030 0.030 0.032  A 169255
   3713.60721 11.187 11.204 11.207 11.176 11.106    0.041 0.085 0.035 0.037 0.040  B 169529
   3715.64305 11.334 11.349 11.303 11.258 11.218    0.052 0.072 0.045 0.049 0.055  B 169829
   3718.56874 11.275 11.286 11.264 11.213 11.149    0.048 0.090 0.041 0.044 0.048  B 170177
   3720.65001 11.391 11.342 11.385 11.344 11.264    0.030 0.046 0.032 0.038 0.045  A 170442
   3726.56215 11.393 11.397 11.380 11.347 11.272    0.048 0.085 0.042 0.046 0.050  B 171112
   3728.61953 11.522 11.557 11.510 11.484 11.422    0.031 0.040 0.033 0.038 0.044  A 171406
   3732.58972 11.531 11.535 11.512 11.463 11.382    0.046 0.090 0.038 0.041 0.045  B 171806
   3735.58917 11.511 11.518 11.493 11.442 11.367    0.029 0.043 0.026 0.028 0.031  A 172196
   3738.55898 11.535 11.536 11.504 11.450 11.381    0.034 0.061 0.028 0.030 0.032  A 172603
   3741.58127 11.533 11.519 11.511 11.460 11.393    0.026 0.034 0.028 0.032 0.035  A 173010
   3744.58710 11.479 11.489 11.456 11.404 11.335    0.025 0.035 0.025 0.029 0.035  A 173397
   3748.56151 11.456 11.470 11.430 11.375 11.291    0.034 0.037 0.036 0.042 0.050  A 173930
   3753.54810 11.351 11.350 11.334 11.297 11.227    0.042 0.070 0.040 0.043 0.049  A 174625
   3756.54039 11.379 11.334 11.356 11.308 11.246    0.031 0.037 0.035 0.043 0.051  A 175030
   3759.53255 11.346 11.373 11.308 11.264 11.224    0.032 0.044 0.035 0.043 0.052  A 175448
   3762.53309 11.397 11.450 11.358 11.292 11.226    0.029 0.051 0.030 0.035 0.040  A 175842
   3765.53052 11.385 11.401 11.365 11.333 11.291    0.038 0.060 0.034 0.038 0.044  A 176259
   3768.52532 11.433 11.446 11.401 11.351 11.301    0.027 0.038 0.028 0.035 0.040  A 176676
   3859.92110 11.155 11.177 11.111 11.053 11.001    0.053 0.057 0.056 0.064 0.074  B 188766
   3863.91433 11.142 11.138 11.138 11.108 11.058    0.028 0.043 0.024 0.025 0.028  A 189446
   3867.90877 11.201 11.221 11.209 11.166 11.096    0.034 0.055 0.031 0.034 0.039  A 190116
   3870.90672 11.304 11.296 11.274 11.215 11.145    0.036 0.059 0.034 0.039 0.044  A 190652
   3874.92110 11.354 11.383 11.355 11.311 11.237    0.034 0.060 0.028 0.031 0.034  A 191115
   3877.90946 11.352 11.347 11.329 11.287 11.235    0.028 0.034 0.024 0.026 0.029  A 191583
   3882.92800 11.327 11.362 11.301 11.280 11.237    0.041 0.070 0.034 0.036 0.040  A 192192
   3888.89248 11.192 11.247 11.169 11.119 11.064    0.071 0.083 0.072 0.085 0.096  D 192915
   3891.90804 11.165 11.148 11.146 11.090 11.032    0.029 0.043 0.025 0.028 0.031  A 193445
   3894.90939 11.132 11.179 11.136 11.128 11.088    0.031 0.034 0.027 0.029 0.033  A 193947
   3898.88442 11.185 11.195 11.176 11.144 11.079    0.032 0.047 0.030 0.034 0.039  A 194435
   3902.86052 11.276 11.268 11.270 11.237 11.159    0.026 0.037 0.025 0.029 0.034  A 195109
   3905.88701 11.349 11.347 11.349 11.342 11.304    0.027 0.046 0.025 0.029 0.033  A 195685
   3913.88871 11.380 11.379 11.380 11.353 11.298    0.046 0.091 0.041 0.043 0.047  B 197021
   3981.65691 11.195 11.161 11.182 11.162 11.123    0.028 0.038 0.023 0.025 0.028  A 203350
   4089.61378 11.322 11.401 11.311 11.279 11.236    0.042 0.084 0.034 0.035 0.038  B 209123
   4092.58787 11.357 11.370 11.343 11.317 11.270    0.026 0.036 0.025 0.028 0.031  A 209498
   4105.57340 11.406 11.381 11.364 11.298 11.201    0.045 0.052 0.051 0.056 0.059  B 210799
   4109.56253 11.300 11.263 11.306 11.281 11.233    0.043 0.082 0.042 0.037 0.040  B 211221
   4126.53963 11.220 11.265 11.234 11.220 11.162    0.025 0.032 0.022 0.025 0.028  A 211632
   4134.52235 11.435 11.526 11.408 11.358 11.298    0.038 0.073 0.037 0.046 0.054  B 212689
   4230.90243 11.221 11.239 11.196 11.155 11.124    0.037 0.047 0.033 0.037 0.041  A 223779
   4234.90815 11.342 11.395 11.324 11.300 11.262    0.033 0.048 0.029 0.033 0.036  A 224493
   4247.92377 11.471 11.474 11.396 11.321 11.250    0.058 0.061 0.059 0.062 0.064  B 226503
   4255.89410 11.422 11.413 11.386 11.361 11.332    0.048 0.046 0.049 0.057 0.063  B 227164
   4268.91575 11.395 11.407 11.377 11.351 11.314    0.040 0.043 0.039 0.043 0.047  A 228078
   4273.84975 11.345 11.357 11.320 11.279 11.233    0.049 0.047 0.047 0.049 0.051  B 228569
   4278.79737 11.359 11.414 11.352 11.336 11.287    0.076 0.067 0.077 0.078 0.080  D 229206
   4284.84183 11.366 11.365 11.357 11.320 11.282    0.032 0.043 0.027 0.029 0.033  A 229875
   4290.85273 11.395 11.441 11.390 11.358 11.321    0.045 0.052 0.039 0.041 0.041  A 230571
   4292.88756 11.390 11.423 11.426 11.422 11.392    0.044 0.074 0.048 0.037 0.038  B 230961
   4298.81812 11.524 11.530 11.479 11.440 11.352    0.050 0.053 0.050 0.058 0.064  B 231990
   4300.83466 11.491 11.498 11.476 11.442 11.380    0.045 0.055 0.041 0.044 0.048  A 232350
   4302.90072 11.462 11.495 11.381 11.331 11.329    0.076 0.065 0.079 0.086 0.093  D 232687
   4304.80165 11.390 11.409 11.363 11.343 11.317    0.042 0.044 0.040 0.043 0.046  A 233012
   4306.80257 11.347 11.388 11.329 11.278 11.242    0.028 0.031 0.021 0.023 0.026  A 233376
   4308.80249 11.268 11.326 11.274 11.247 11.181    0.066 0.076 0.074 0.082 0.091  D 233705
   4310.82354 11.245 11.267 11.241 11.225 11.196    0.035 0.040 0.027 0.030 0.035  A 233959
   4312.81379 11.308 11.270 11.318 11.298 11.244    0.067 0.064 0.072 0.083 0.096  D 234284
   4316.74413 11.157 11.194 11.147 11.122 11.094    0.038 0.040 0.031 0.034 0.039  A 234681
   4319.80512 11.311 11.265 11.256 11.212 11.176    0.048 0.047 0.045 0.047 0.048  B 235041
   4330.70532 11.488 11.544 11.498 11.469 11.420    0.066 0.074 0.065 0.051 0.046  D 235337
   4332.72327 11.500 11.466 11.446 11.392 11.340    0.032 0.038 0.025 0.027 0.030  A 235706
   4334.71416 11.472 11.463 11.456 11.437 11.392    0.028 0.032 0.022 0.024 0.027  A 236060
   4338.69049 11.382 11.426 11.363 11.328 11.286    0.065 0.071 0.063 0.066 0.070  D 236448
   4340.75711 11.469 11.477 11.422 11.382 11.347    0.034 0.041 0.029 0.033 0.038  A 236809
   4342.76063 11.393 11.438 11.346 11.335 11.305    0.047 0.051 0.051 0.056 0.061  B 237143
   4344.76617 11.377 11.403 11.340 11.280 11.215    0.048 0.055 0.053 0.058 0.065  B 237485
   4346.76510 11.390 11.417 11.384 11.340 11.304    0.040 0.044 0.038 0.038 0.041  A 237824
   4350.84134 11.413 11.448 11.393 11.367 11.322    0.040 0.065 0.034 0.036 0.041  A 238515
   4353.68367 11.380 11.383 11.378 11.361 11.330    0.028 0.033 0.021 0.024 0.027  A 238872
   4355.73526 11.392 11.378 11.372 11.338 11.307    0.033 0.043 0.027 0.027 0.030  A 239206
   4358.65453 11.361 11.363 11.336 11.301 11.253    0.036 0.037 0.032 0.034 0.036  A 239635
   4361.65080 11.368 11.339 11.334 11.304 11.270    0.033 0.035 0.025 0.025 0.026  A 240029
   4363.68020 11.338 11.358 11.329 11.307 11.258    0.031 0.033 0.024 0.026 0.027  A 240353
   4365.69240 11.327 11.356 11.326 11.312 11.285    0.031 0.036 0.025 0.028 0.031  A 240668
   4367.77175 11.348 11.368 11.318 11.300 11.283    0.039 0.048 0.035 0.042 0.050  A 240890
   4369.73022 11.415 11.396 11.376 11.330 11.299    0.038 0.042 0.034 0.039 0.043  A 241174
   4371.75343 11.388 11.348 11.350 11.311 11.260    0.029 0.039 0.027 0.033 0.039  A 241511
   4373.76602 11.386 11.339 11.330 11.256 11.200    0.041 0.066 0.035 0.038 0.044  A 241809
   4376.75827 11.313 11.369 11.322 11.295 11.248    0.033 0.045 0.030 0.033 0.037  A 242164
   4379.61140 11.316 11.335 11.300 11.284 11.245    0.039 0.040 0.030 0.038 0.041  A 242564
   4381.64947 11.311 11.295 11.283 11.250 11.226    0.035 0.038 0.035 0.038 0.042  A 242878
   4383.67630 11.228 11.279 11.253 11.233 11.190    0.030 0.040 0.023 0.023 0.025  A 243192
   4385.69635 11.213 11.255 11.237 11.221 11.198    0.035 0.042 0.025 0.026 0.027  A 243512
   4387.72235 11.358 11.312 11.330 11.331 11.300    0.044 0.047 0.041 0.045 0.049  A 243837
   4389.70069 11.653 11.603 11.549 11.493 11.420    0.041 0.054 0.036 0.040 0.047  A 244129
   4393.64185 11.520 11.490 11.468 11.424 11.375    0.044 0.061 0.042 0.046 0.054  B 244650
   4399.77951 11.414 11.386 11.383 11.326 11.272    0.034 0.043 0.034 0.041 0.048  A 244880
   4403.56436 11.350 11.396 11.351 11.319 11.281    0.041 0.058 0.034 0.033 0.035  A 245235
   4409.59675 11.339 11.370 11.308 11.269 11.216    0.034 0.048 0.029 0.032 0.037  A 245848
   4411.71458 11.316 11.292 11.305 11.279 11.244    0.038 0.046 0.037 0.040 0.044  A 246122
   4420.74003 11.361 11.324 11.302 11.241 11.185    0.044 0.056 0.044 0.053 0.061  B 246494
   4423.60974 11.408 11.425 11.397 11.367 11.317    0.036 0.047 0.042 0.040 0.047  A 246735
   4426.69276 11.456 11.501 11.462 11.426 11.358    0.037 0.045 0.038 0.047 0.055  B 246966
   4428.72202 11.470 11.514 11.442 11.377 11.301    0.046 0.072 0.044 0.051 0.061  B 247197
   4431.59790 11.531 11.503 11.465 11.386 11.321    0.033 0.039 0.030 0.033 0.038  A 247519
   4433.67654 11.461 11.501 11.442 11.400 11.370    0.030 0.039 0.029 0.033 0.038  A 247807
   4436.61183 11.536 11.573 11.515 11.477 11.431    0.033 0.054 0.028 0.029 0.032  A 248148
   4438.67660 11.620 11.581 11.586 11.547 11.508    0.035 0.043 0.036 0.039 0.045  A 248419
   4441.60720 11.458 11.478 11.450 11.401 11.346    0.044 0.071 0.036 0.037 0.038  A 248771
   4444.61297 11.529 11.528 11.509 11.487 11.441    0.037 0.051 0.033 0.035 0.038  A 249078
   4452.61775 11.339 11.357 11.329 11.291 11.241    0.031 0.040 0.029 0.031 0.034  A 250012
   4455.60076 11.331 11.379 11.336 11.325 11.285    0.035 0.043 0.036 0.043 0.049  A 250328
   4458.58189 11.388 11.396 11.374 11.345 11.272    0.035 0.054 0.032 0.037 0.044  A 250679
   4461.58018 11.391 11.374 11.374 11.356 11.311    0.033 0.041 0.029 0.032 0.035  A 251014
   4464.57663 11.354 11.349 11.330 11.297 11.251    0.035 0.046 0.031 0.032 0.036  A 251397
   4467.56689 11.432 11.442 11.417 11.376 11.305    0.036 0.057 0.032 0.034 0.037  A 251732
   4474.58526 11.433 11.383 11.374 11.322 11.260    0.033 0.045 0.032 0.036 0.042  A 252459
   4477.55993 11.413 11.413 11.401 11.362 11.307    0.027 0.033 0.025 0.029 0.034  A 252752
   4480.55174 11.339 11.353 11.320 11.293 11.241    0.037 0.041 0.038 0.043 0.048  A 253108
   4483.56686 11.324 11.317 11.299 11.254 11.191    0.032 0.043 0.030 0.036 0.043  A 253435
   4487.54499 11.262 11.286 11.245 11.175 11.110    0.034 0.036 0.031 0.037 0.045  A 253794
   4490.53744 11.277 11.291 11.263 11.226 11.177    0.026 0.033 0.023 0.025 0.028  A 254126
   4494.52975 11.352 11.336 11.294 11.236 11.170    0.030 0.038 0.028 0.033 0.040  A 254611
#dataset= 2 ; 2 F0000-40_122
#desig= 000632-3849.1
#cra=    0.108809  00:06:31.7
#cdec= -38.818066 -38:49:05.0
#class= 0
#cmag_0= 11.603
#cmer_0=  0.109
#nskip_0= 0
#cmag_1= 11.551
#cmer_1=  0.134
#nskip_1= 0
#cmag_2= 11.526
#cmer_2=  0.170
#nskip_2= 0
#cmag_3= 11.552
#cmer_3=  0.208
#nskip_3= 0
#cmag_4= 11.515
#cmer_4=  0.210
#nskip_4= 0
#ra=    0.108809  00:06:31.7
#dec= -38.818066 -38:49:05.0
#     HJD      MAG_1  MAG_0  MAG_2  MAG_3  MAG_4    MER_1 MER_0 MER_2 MER_3 MER_4 GRADE FRAME
   2237.53468 29.999 29.999 29.999 29.999 29.999    0.044 0.053 0.035 0.042 0.040  C 41220
   2240.54440 29.999 29.999 29.999 29.999 29.999    0.044 0.052 0.034 0.039 0.035  C 41541
   2242.55601 11.468 11.534 11.436 11.485 11.469    0.042 0.053 0.035 0.043 0.042  A 41865
   2250.60649 29.999 29.999 29.999 29.999 29.999    0.044 0.059 0.036 0.045 0.042  C 42842
   2252.59289 29.999 29.999 29.999 29.999 29.999    0.044 0.059 0.036 0.042 0.040  C 43160
   2260.53403 11.687 11.714 11.691 11.733 11.685    0.049 0.067 0.039 0.051 0.054  B 44194
   2493.72999 11.498 11.562 11.451 11.442 11.391    0.065 0.073 0.061 0.069 0.066  D 14513
   4286.85537 29.999 29.999 29.999 29.999 29.999    0.056 0.058 0.059 0.074 0.089  D 230244
   4295.83258 29.999 29.999 29.999 29.999 29.999    0.043 0.054 0.044 0.048 0.049  C 231461
   4407.57653 29.999 29.999 29.999 29.999 29.999    0.039 0.051 0.033 0.036 0.038  C 245557
#ndata= 15
#dataset= 3 ; 1 F0040-40_123
#desig= 000633-3848.9
#cra=    0.109171  00:06:33.0
#cdec= -38.814893 -38:48:53.6
#class= 0
#cmag_0= 11.364
#cmer_0=  0.069
#nskip_0= 0
#cmag_1= 11.350
#cmer_1=  0.079
#nskip_1= 0
#cmag_2= 11.340
#cmer_2=  0.077
#nskip_2= 0
#cmag_3= 11.299
#cmer_3=  0.074
#nskip_3= 0
#cmag_4= 11.270
#cmer_4=  0.070
#nskip_4= 0
#ra=    0.109171  00:06:33.0
#dec= -38.814893 -38:48:53.6
#     HJD      MAG_1  MAG_0  MAG_2  MAG_3  MAG_4    MER_1 MER_0 MER_2 MER_3 MER_4 GRADE FRAME
   2143.74778 11.235 11.282 11.233 11.201 11.143    0.037 0.060 0.030 0.031 0.033  A 30847
   2452.83098 11.362 11.391 11.340 11.293 11.274    0.037 0.034 0.029 0.030 0.031  A 9533
   2465.83928 11.419 11.426 11.398 11.356 11.332    0.039 0.040 0.031 0.035 0.029  A 11147
   2468.88136 11.437 11.412 11.422 11.375 11.328    0.036 0.033 0.025 0.024 0.025  A 11819
   2470.81044 11.358 11.343 11.354 11.319 11.299    0.037 0.033 0.029 0.033 0.026  A 12071
   2473.82136 11.375 11.431 11.352 11.309 11.294    0.039 0.036 0.032 0.038 0.029  A 12763
   2481.81810 11.319 11.339 11.322 11.269 11.278    0.046 0.050 0.039 0.044 0.040  A 13027
   2486.78938 11.234 11.266 11.219 11.193 11.172    0.041 0.043 0.035 0.038 0.038  A 13389
   2490.78822 11.180 11.218 11.179 11.140 11.137    0.039 0.038 0.032 0.036 0.030  A 14131
   2558.73364 11.401 11.423 11.393 11.360 11.311    0.045 0.062 0.030 0.027 0.027  A 22087
   2783.87310 11.394 11.379 11.390 11.339 11.289    0.036 0.038 0.030 0.028 0.030  A 56031
   2834.82860 11.318 11.317 11.327 11.337 11.278    0.062 0.062 0.062 0.068 0.077  D 63417
   2886.80801 11.467 11.526 11.456 11.410 11.375    0.027 0.032 0.022 0.022 0.024  A 70309
   2894.67323 11.380 11.403 11.366 11.324 11.288    0.037 0.031 0.029 0.032 0.033  A 71092
   2916.75582 11.412 11.362 11.378 11.337 11.274    0.042 0.035 0.024 0.025 0.026  A 74627
#ndata= 1
#dataset= 4 ; 1 F2320-40_157
#desig= 000633-3848.9
#cra=    0.109153  00:06:33.0
#cdec= -38.815302 -38:48:55.1
#class= 0
#cmag_0= 11.178
#cmer_0=  0.000
#nskip_0= 0
#cmag_1= 11.147
#cmer_1=  0.000
#nskip_1= 0
#cmag_2= 11.146
#cmer_2=  0.000
#nskip_2= 0
#cmag_3= 11.131
#cmer_3=  0.000
#nskip_3= 0
#cmag_4= 11.114
#cmer_4=  0.000
#nskip_4= 0
#ra=    0.109153  00:06:33.0
#dec= -38.815302 -38:48:55.1
#     HJD      MAG_1  MAG_0  MAG_2  MAG_3  MAG_4    MER_1 MER_0 MER_2 MER_3 MER_4 GRADE FRAME
   2521.80097 11.148 11.179 11.146 11.132 11.115    0.046 0.045 0.036 0.039 0.037  A 18465
#ndata= 11
#dataset= 5 ; 1 F0000-32_158
#desig= 000633-3848.9
#cra=    0.109189  00:06:33.1
#cdec= -38.815786 -38:48:56.8
#class= 0
#cmag_0= 11.398
#cmer_0=  0.172
#nskip_0= 0
#cmag_1= 11.438
#cmer_1=  0.108
#nskip_1= 1
#cmag_2= 11.429
#cmer_2=  0.095
#nskip_2= 1
#cmag_3= 11.390
#cmer_3=  0.087
#nskip_3= 1
#cmag_4= 11.331
#cmer_4=  0.078
#nskip_4= 1
#ra=    0.109189  00:06:33.1
#dec= -38.815786 -38:48:56.8
#     HJD      MAG_1  MAG_0  MAG_2  MAG_3  MAG_4    MER_1 MER_0 MER_2 MER_3 MER_4 GRADE FRAME
   1880.54335 11.249 11.268 11.256 11.233 11.203    0.027 0.050 0.023 0.026 0.031  A 1917
   2040.87929 11.120 11.090 11.124 11.104 11.071    0.036 0.080 0.034 0.036 0.040  B 19566
   2156.75142 11.349 11.257 11.363 11.329 11.263    0.034 0.043 0.028 0.029 0.033  A 31696
   2167.65713 29.999 29.999 29.999 29.999 29.999    0.029 0.047 0.023 0.025 0.027  C 32105
   2173.65486 11.488 11.516 11.483 11.462 11.394    0.029 0.038 0.023 0.025 0.028  A 32986
   2174.65322 11.541 11.579 11.500 11.427 11.372    0.055 0.064 0.058 0.070 0.083  D 33159
   2177.62080 11.408 11.383 11.421 11.389 11.321    0.035 0.042 0.029 0.032 0.036  A 33418
   2183.67486 11.378 11.342 11.370 11.345 11.294    0.035 0.040 0.029 0.031 0.033  A 33903
   2184.63236 29.999 29.999 29.999 29.999 29.999    0.037 0.046 0.030 0.031 0.035  C 34077
   2260.52748 11.619 11.610 11.623 11.600 11.551    0.053 0.068 0.045 0.055 0.056  B 44191
   3362.62593 29.999 29.999 29.999 29.999 29.999    0.033 0.057 0.031 0.037 0.043  C 124834
#ndata= 1
#dataset= 6 ; 1 F0036-32_159
#desig= 000633-3849.0
#cra=    0.109169  00:06:33.0
#cdec= -38.816828 -38:49:00.6
#class= 0
#cmag_0= 11.354
#cmer_0=  0.000
#nskip_0= 0
#cmag_1= 11.385
#cmer_1=  0.000
#nskip_1= 0
#cmag_2= 11.410
#cmer_2=  0.000
#nskip_2= 0
#cmag_3= 11.392
#cmer_3=  0.000
#nskip_3= 0
#cmag_4= 11.341
#cmer_4=  0.000
#nskip_4= 0
#ra=    0.109169  00:06:33.0
#dec= -38.816828 -38:49:00.6
#     HJD      MAG_1  MAG_0  MAG_2  MAG_3  MAG_4    MER_1 MER_0 MER_2 MER_3 MER_4 GRADE FRAME
   3366.60664 11.385 11.354 11.410 11.392 11.342    0.043 0.078 0.037 0.042 0.049  A 125161
