#ndata= 3
#dataset= 1 ; 1 F0000-56_060
#desig= 000819-4949.0
#cra=    0.138482  00:08:18.5
#cdec= -49.816046 -49:48:57.8
#class= 0
#cmag_0= 10.995
#cmer_0=  0.021
#nskip_0= 0
#cmag_1= 10.984
#cmer_1=  0.017
#nskip_1= 0
#cmag_2= 10.997
#cmer_2=  0.033
#nskip_2= 0
#cmag_3= 11.023
#cmer_3=  0.067
#nskip_3= 0
#cmag_4= 11.034
#cmer_4=  0.090
#nskip_4= 0
#ra=    0.138482  00:08:18.5
#dec= -49.816046 -49:48:57.8
#     HJD      MAG_1  MAG_0  MAG_2  MAG_3  MAG_4    MER_1 MER_0 MER_2 MER_3 MER_4 GRADE FRAME
   2122.76515 11.092 11.183 11.094 11.102 11.102    0.062 0.093 0.060 0.070 0.082  D 27493
   2140.71558 10.919 10.886 10.926 10.936 10.937    0.051 0.080 0.047 0.055 0.066  B 30216
   2151.63092 10.943 10.917 10.974 11.034 11.065    0.059 0.079 0.071 0.090 0.110  D 31383
#ndata= 373
#dataset= 2 ; 1 F0000-48_090
#desig= 000819-4949.0
#cra=    0.138590  00:08:18.9
#cdec= -49.816709 -49:49:00.2
#class= 0
#cmag_0= 11.330
#cmer_0=  0.275
#nskip_0= 5
#cmag_1= 11.325
#cmer_1=  0.274
#nskip_1= 17
#cmag_2= 11.334
#cmer_2=  0.281
#nskip_2= 16
#cmag_3= 11.340
#cmer_3=  0.281
#nskip_3= 4
#cmag_4= 11.343
#cmer_4=  0.280
#nskip_4= 3
#ra=    0.138590  00:08:18.9
#dec= -49.816709 -49:49:00.2
#     HJD      MAG_1  MAG_0  MAG_2  MAG_3  MAG_4    MER_1 MER_0 MER_2 MER_3 MER_4 GRADE FRAME
   1869.51295 11.451 11.437 11.460 11.453 11.459    0.025 0.042 0.021 0.023 0.027  A 189
   1871.60896 11.529 11.560 11.522 11.536 11.557    0.028 0.059 0.022 0.023 0.025  A 508
   1873.58380 11.521 11.560 11.515 11.504 11.505    0.037 0.074 0.029 0.028 0.030  A 820
   1875.57591 11.560 11.595 11.560 11.563 11.579    0.035 0.073 0.027 0.028 0.029  A 1139
   1877.57909 11.625 11.636 11.622 11.627 11.612    0.028 0.063 0.027 0.025 0.028  A 1462
   1879.56431 11.708 11.766 11.708 11.704 11.708    0.029 0.054 0.023 0.023 0.026  A 1769
   1881.55358 11.701 11.657 11.706 11.707 11.717    0.028 0.051 0.023 0.024 0.027  A 2077
   1885.54382 11.861 11.857 11.866 11.877 11.907    0.028 0.048 0.023 0.025 0.028  A 2384
   1887.57123 11.873 11.948 11.863 11.875 11.883    0.026 0.050 0.023 0.025 0.028  A 2715
   1889.58519 11.885 11.860 11.896 11.895 11.889    0.028 0.048 0.025 0.029 0.034  A 3041
   1900.60192 11.869 11.898 11.879 11.898 11.904    0.031 0.048 0.024 0.025 0.026  A 3338
   1904.53504 11.855 11.889 11.856 11.840 11.831    0.027 0.049 0.023 0.025 0.026  A 3785
   1907.54992 11.770 11.757 11.781 11.780 11.774    0.026 0.032 0.020 0.021 0.023  A 4275
   1915.53455 11.646 11.681 11.612 11.591 11.598    0.029 0.040 0.024 0.027 0.031  A 4886
   1920.55023 11.575 11.607 11.562 11.547 11.557    0.029 0.042 0.024 0.026 0.030  A 5426
   1928.53157 11.406 11.346 11.409 11.412 11.415    0.029 0.041 0.022 0.024 0.025  A 6733
   2031.88981 11.566 11.588 11.558 11.553 11.547    0.030 0.045 0.026 0.028 0.030  A 18125
   2033.89586 11.585 11.647 11.600 11.605 11.616    0.029 0.042 0.025 0.025 0.027  A 18561
   2040.86414 11.782 11.849 11.784 11.783 11.767    0.036 0.080 0.032 0.036 0.040  A 19559
   2052.91182 12.383 12.495 12.235 12.195 12.188    0.033 0.055 0.027 0.029 0.031  A 19937
   2054.86614 11.687 11.731 11.692 11.708 11.709    0.036 0.075 0.031 0.033 0.035  A 20348
   2058.85665 11.509 11.508 11.508 11.509 11.475    0.034 0.061 0.027 0.027 0.031  A 21244
   2067.82724 11.187 11.220 11.207 11.226 11.233    0.031 0.061 0.026 0.029 0.032  A 21932
   2068.82161 11.133 11.117 11.140 11.153 11.157    0.039 0.072 0.037 0.043 0.050  A 22155
   2069.81941 11.131 11.166 11.133 11.134 11.141    0.036 0.071 0.031 0.033 0.036  A 22377
   2080.81529 11.027 11.020 11.032 11.039 11.042    0.032 0.061 0.025 0.026 0.028  A 22975
   2082.88042 11.024 10.952 11.018 11.009 11.000    0.035 0.068 0.028 0.030 0.032  A 23469
   2085.88171 10.994 10.909 10.998 10.996 11.003    0.033 0.053 0.025 0.026 0.028  A 23924
   2087.80159 11.043 11.102 11.036 11.043 11.066    0.041 0.066 0.041 0.044 0.048  A 24334
   2088.83964 11.005 11.002 11.011 11.017 11.020    0.030 0.063 0.025 0.027 0.030  A 24579
   2093.78253 11.030 10.970 11.051 11.061 11.065    0.036 0.076 0.030 0.032 0.034  A 24775
   2095.77751 11.087 11.134 11.092 11.109 11.113    0.038 0.067 0.035 0.040 0.046  A 25286
   2104.75486 11.076 11.059 11.085 11.092 11.110    0.030 0.049 0.024 0.026 0.029  A 26060
   2105.81122 11.100 11.075 11.110 11.114 11.113    0.034 0.063 0.026 0.027 0.029  A 26305
   2106.81372 11.148 11.175 11.150 11.146 11.145    0.036 0.063 0.030 0.030 0.031  A 26509
   2113.83179 11.132 11.086 11.137 11.136 11.130    0.030 0.047 0.024 0.025 0.026  A 26632
   2114.83378 11.122 11.090 11.128 11.125 11.132    0.042 0.054 0.036 0.037 0.038  A 26745
   2115.85994 11.160 11.195 11.156 11.142 11.149    0.032 0.044 0.025 0.025 0.028  A 26961
   2116.78792 11.128 11.148 11.112 11.111 11.123    0.036 0.056 0.029 0.029 0.032  A 27152
   2117.77088 11.139 11.186 11.127 11.134 11.136    0.034 0.059 0.028 0.028 0.030  A 27363
   2124.70161 11.118 11.060 11.165 11.183 11.197    0.056 0.078 0.057 0.068 0.081  D 27679
   2128.70466 11.014 11.002 11.012 11.012 10.997    0.030 0.053 0.025 0.028 0.031  A 27968
   2130.74145 10.975 10.974 10.972 10.967 10.961    0.031 0.056 0.025 0.026 0.027  A 28415
   2131.73617 10.988 11.002 10.992 10.996 10.998    0.031 0.061 0.027 0.029 0.032  A 28612
   2132.74775 10.974 10.966 10.980 10.978 10.976    0.034 0.066 0.027 0.028 0.030  A 28829
   2133.74536 11.001 10.976 11.006 11.006 11.009    0.030 0.043 0.024 0.025 0.028  A 29044
   2134.74763 10.949 10.911 10.952 10.964 10.982    0.032 0.056 0.025 0.026 0.029  A 29259
   2135.73948 10.929 10.910 10.939 10.947 10.956    0.032 0.053 0.027 0.030 0.034  A 29470
   2136.73747 10.987 11.054 10.973 10.965 10.952    0.032 0.052 0.026 0.027 0.030  A 29683
   2141.73176 10.962 11.011 10.964 10.969 10.980    0.033 0.059 0.027 0.029 0.032  A 30435
   2143.71941 10.937 10.933 10.941 10.949 10.956    0.034 0.060 0.028 0.030 0.034  A 30835
   2144.71883 10.971 10.982 10.966 10.969 10.988    0.032 0.051 0.024 0.025 0.028  A 31039
   2145.71895 10.972 10.947 10.974 10.981 11.001    0.032 0.051 0.026 0.027 0.030  A 31243
   2156.67844 11.128 11.122 11.145 11.161 11.170    0.035 0.045 0.028 0.028 0.031  A 31666
   2164.67218 11.351 11.336 11.354 11.357 11.360    0.033 0.035 0.025 0.025 0.026  A 31922
   2167.65840 11.464 11.475 11.479 11.479 11.480    0.029 0.052 0.024 0.026 0.029  A 32106
   2168.67029 11.503 11.522 11.525 11.535 11.542    0.027 0.045 0.021 0.023 0.025  A 32279
   2169.67947 11.590 11.571 11.585 11.589 11.598    0.030 0.039 0.023 0.024 0.025  A 32436
   2171.65703 11.617 11.583 11.605 11.584 11.584    0.042 0.056 0.039 0.040 0.044  A 32610
   2172.65888 11.743 11.687 11.718 11.710 11.691    0.027 0.036 0.022 0.024 0.026  A 32800
   2173.65610 11.733 11.709 11.726 11.714 11.707    0.031 0.050 0.026 0.028 0.031  A 32987
   2174.65668 11.778 11.713 11.820 11.832 11.826    0.040 0.053 0.039 0.045 0.052  B 33161
   2175.63920 11.720 11.709 11.720 11.728 11.723    0.032 0.045 0.026 0.028 0.031  A 33298
   2177.62428 11.814 11.819 11.824 11.821 11.804    0.036 0.045 0.029 0.030 0.033  A 33420
   2178.63349 11.823 11.843 11.827 11.833 11.827    0.034 0.048 0.027 0.028 0.029  A 33599
   2183.58337 11.838 11.830 11.848 11.849 11.847    0.035 0.043 0.028 0.030 0.033  A 33864
   2184.62212 11.951 11.888 11.912 11.896 11.870    0.037 0.047 0.028 0.030 0.033  A 34073
   2185.63741 11.767 11.821 11.781 11.765 11.758    0.035 0.043 0.027 0.029 0.032  A 34266
   2186.65890 11.772 11.804 11.789 11.783 11.781    0.035 0.041 0.028 0.030 0.031  A 34390
   2188.65728 11.850 11.808 11.836 11.857 11.845    0.035 0.039 0.025 0.028 0.028  A 34700
   2190.57861 11.788 11.823 11.800 11.783 11.794    0.034 0.045 0.027 0.027 0.029  A 34913
   2191.63039 11.792 11.755 11.784 11.786 11.796    0.032 0.045 0.025 0.026 0.027  A 35111
   2192.62284 11.728 11.737 11.742 11.755 11.760    0.029 0.041 0.022 0.024 0.027  A 35282
   2193.63063 11.675 11.688 11.686 11.692 11.696    0.032 0.045 0.026 0.026 0.028  A 35468
   2194.61500 11.661 11.652 11.667 11.666 11.687    0.035 0.045 0.027 0.027 0.029  A 35640
   2195.61931 11.645 11.668 11.643 11.623 11.627    0.033 0.045 0.026 0.027 0.030  A 35819
   2196.62746 11.625 11.658 11.679 11.700 11.720    0.035 0.049 0.030 0.031 0.034  A 35955
   2197.61357 11.604 11.599 11.605 11.622 11.620    0.032 0.039 0.023 0.024 0.026  A 36133
   2198.60575 11.618 11.609 11.630 11.630 11.643    0.031 0.041 0.023 0.024 0.026  A 36301
   2201.59055 11.495 11.473 11.495 11.509 11.505    0.034 0.042 0.024 0.025 0.025  A 36723
   2202.60698 11.480 11.493 11.505 11.509 11.520    0.037 0.048 0.028 0.029 0.031  A 36898
   2203.60107 11.434 11.456 11.459 11.444 11.446    0.034 0.045 0.027 0.028 0.028  A 37069
   2206.59094 11.433 11.401 11.413 11.426 11.425    0.035 0.040 0.026 0.028 0.030  A 37467
   2207.59429 11.316 11.319 11.332 11.335 11.357    0.043 0.053 0.038 0.043 0.048  A 37641
   2211.56083 11.212 11.175 11.221 11.240 11.254    0.040 0.047 0.033 0.036 0.033  A 37819
   2213.55574 11.238 11.206 11.231 11.251 11.265    0.037 0.046 0.030 0.032 0.034  A 38053
   2214.58439 11.222 11.224 11.208 11.215 11.220    0.041 0.047 0.033 0.034 0.036  A 38213
   2215.60237 11.177 11.182 11.147 11.154 11.179    0.038 0.044 0.030 0.034 0.033  A 38388
   2216.58902 11.156 11.146 11.159 11.156 11.165    0.035 0.044 0.027 0.032 0.030  A 38552
   2217.58415 11.171 11.161 11.160 11.146 11.144    0.037 0.045 0.029 0.033 0.031  A 38717
   2219.55260 11.084 11.079 11.103 11.090 11.108    0.037 0.044 0.030 0.035 0.033  A 38877
   2221.56715 11.082 11.075 11.098 11.108 11.116    0.036 0.042 0.027 0.030 0.029  A 39000
   2224.54308 11.085 11.089 11.103 11.130 11.125    0.039 0.046 0.029 0.034 0.031  A 39307
   2226.55146 11.150 11.132 11.146 11.122 11.144    0.038 0.046 0.031 0.035 0.032  A 39627
   2228.55273 11.135 11.172 11.157 11.186 11.174    0.038 0.045 0.030 0.037 0.035  A 39943
   2230.53319 11.161 11.165 11.174 11.152 11.168    0.038 0.044 0.030 0.033 0.031  A 40262
   2233.53287 11.205 11.208 11.245 11.276 11.261    0.037 0.042 0.030 0.035 0.032  A 40590
   2235.52661 11.308 11.281 11.306 11.314 11.320    0.038 0.044 0.029 0.032 0.030  A 40897
   2237.53871 11.302 11.270 11.284 11.248 11.265    0.038 0.050 0.032 0.040 0.037  A 41222
   2240.54618 11.313 11.308 11.343 11.322 11.357    0.044 0.051 0.036 0.040 0.035  A 41542
   2242.55781 11.410 11.441 11.426 11.470 11.448    0.043 0.050 0.035 0.040 0.038  A 41866
   2244.60123 11.405 11.418 11.402 11.422 11.404    0.051 0.059 0.043 0.047 0.045  B 42164
   2248.55152 11.459 11.455 11.480 11.498 11.485    0.043 0.053 0.037 0.045 0.042  A 42461
   2250.59670 11.469 11.422 11.481 11.493 11.483    0.041 0.050 0.034 0.040 0.038  A 42838
   2252.59033 11.514 11.501 11.515 11.513 11.516    0.042 0.054 0.034 0.043 0.041  A 43159
   2254.58638 11.482 11.472 11.490 11.479 11.470    0.044 0.058 0.035 0.042 0.041  A 43449
   2256.58753 11.503 11.487 11.503 11.470 11.489    0.045 0.056 0.038 0.044 0.042  A 43766
   2444.81387 11.465 11.479 11.456 11.473 11.487    0.031 0.032 0.021 0.022 0.025  A 8955
   2445.92905 11.447 11.448 11.464 11.472 11.487    0.027 0.030 0.019 0.020 0.022  A 9222
   2452.80399 11.368 11.399 11.376 11.398 11.398    0.035 0.030 0.027 0.028 0.028  A 9521
   2466.82694 11.071 11.098 11.067 11.095 11.103    0.034 0.032 0.025 0.025 0.022  A 11360
   2467.81229 11.095 11.064 11.083 11.078 11.074    0.028 0.025 0.018 0.017 0.016  A 11572
   2471.85169 10.962 10.984 10.976 10.967 10.976    0.034 0.032 0.029 0.035 0.031  A 12568
   2482.70884 10.841 10.855 10.855 10.842 10.849    0.040 0.042 0.036 0.042 0.039  A 13186
   2487.78172 10.937 10.933 10.922 10.889 10.903    0.056 0.064 0.049 0.055 0.055  B 13541
   2493.72751 10.963 10.920 10.998 11.052 11.107    0.070 0.081 0.063 0.066 0.065  D 14512
   2494.74643 11.033 11.008 11.046 11.046 11.099    0.059 0.060 0.052 0.060 0.054  B 14709
   2495.82360 11.000 11.007 10.996 10.986 10.991    0.033 0.027 0.026 0.032 0.026  A 14881
   2498.74302 11.075 11.082 11.073 11.069 11.082    0.032 0.028 0.025 0.030 0.028  A 15482
   2500.70884 11.065 11.076 11.077 11.074 11.094    0.031 0.028 0.025 0.028 0.026  A 15891
   2501.73821 11.116 11.130 11.131 11.123 11.147    0.036 0.032 0.028 0.031 0.026  A 16052
   2502.74278 11.066 11.060 11.076 11.064 11.088    0.041 0.040 0.037 0.045 0.036  A 16266
   2503.74291 11.198 11.130 11.199 11.207 11.198    0.062 0.069 0.058 0.065 0.065  D 16470
   2511.63589 11.053 11.078 11.062 11.141 11.201    0.071 0.077 0.069 0.073 0.080  D 17091
   2519.77298 11.411 11.303 11.344 11.332 11.306    0.029 0.025 0.020 0.020 0.021  A 18055
   2523.72995 11.212 11.127 11.170 11.165 11.159    0.036 0.041 0.028 0.026 0.026  A 18521
   2544.67780 11.001 10.933 10.966 10.968 10.958    0.029 0.028 0.021 0.021 0.023  A 19999
   2549.60947 10.920 10.943 10.929 10.926 10.944    0.057 0.067 0.046 0.041 0.037  B 20766
   2556.68810 10.962 10.957 10.958 10.954 10.966    0.038 0.035 0.032 0.035 0.029  A 21712
   2620.60954 10.793 10.786 10.780 10.788 10.793    0.052 0.061 0.038 0.035 0.029  B 29459
   2622.62236 10.821 10.811 10.832 10.828 10.829    0.026 0.036 0.023 0.026 0.028  A 29961
   2624.66147 10.911 10.899 10.920 10.909 10.900    0.029 0.035 0.027 0.029 0.032  A 30262
   2628.54220 10.864 10.849 10.870 10.858 10.861    0.036 0.046 0.032 0.033 0.037  A 30681
   2635.54622 10.972 10.981 10.948 10.940 10.936    0.034 0.033 0.022 0.021 0.023  A 32189
   2637.57198 11.027 11.011 10.986 10.988 10.983    0.042 0.042 0.025 0.022 0.023  A 32492
   2639.57960 11.002 11.045 11.002 11.010 11.011    0.025 0.036 0.019 0.020 0.022  A 32803
   2641.58687 11.009 11.034 11.026 11.029 11.032    0.026 0.033 0.021 0.021 0.022  A 33089
   2643.58244 11.142 11.121 11.119 11.109 11.118    0.025 0.032 0.022 0.023 0.026  A 33399
   2645.57083 11.074 11.130 11.081 11.091 11.096    0.031 0.033 0.024 0.023 0.026  A 33691
   2647.56625 11.113 11.118 11.084 11.083 11.071    0.032 0.036 0.031 0.032 0.035  A 33987
   2650.56984 11.119 11.142 11.123 11.125 11.127    0.029 0.033 0.023 0.023 0.025  A 34253
   2652.58344 11.182 11.162 11.185 11.181 11.177    0.028 0.030 0.027 0.031 0.035  A 34564
   2655.56431 11.209 11.222 11.218 11.201 11.217    0.028 0.033 0.025 0.028 0.031  A 35203
   2658.57488 11.257 11.251 11.272 11.277 11.301    0.032 0.031 0.030 0.032 0.036  A 35574
   2661.53658 11.265 11.277 11.255 11.247 11.240    0.027 0.034 0.023 0.026 0.028  A 36069
   2663.54026 11.265 11.292 11.268 11.276 11.274    0.031 0.036 0.027 0.029 0.031  A 36409
   2665.54463 11.287 11.311 11.299 11.303 11.299    0.025 0.030 0.021 0.023 0.025  A 36762
   2667.54849 11.306 11.293 11.304 11.300 11.310    0.027 0.031 0.022 0.025 0.026  A 37068
   2672.52741 11.331 11.338 11.329 11.330 11.334    0.028 0.028 0.025 0.028 0.031  A 37879
   2674.52428 11.316 11.311 11.302 11.305 11.312    0.030 0.030 0.026 0.030 0.033  A 38221
   2676.52514 11.302 11.312 11.305 11.315 11.326    0.028 0.030 0.026 0.027 0.031  A 38587
   2783.87132 11.081 11.107 11.093 11.084 11.086    0.033 0.041 0.028 0.030 0.033  A 56030
   2818.92820 11.358 11.363 11.356 11.354 11.367    0.027 0.026 0.022 0.023 0.024  A 61193
   2822.82909 11.442 11.403 11.482 11.493 11.462    0.067 0.064 0.065 0.073 0.085  D 61941
   2833.88849 11.471 11.488 11.515 11.533 11.544    0.032 0.028 0.025 0.028 0.031  A 63217
   2839.87384 11.674 11.655 11.736 11.770 11.733    0.078 0.075 0.080 0.085 0.095  D 64207
   2841.79647 11.521 11.542 11.524 11.530 11.546    0.032 0.025 0.024 0.024 0.023  A 64594
   2844.81643 11.599 11.566 11.589 11.632 11.647    0.029 0.025 0.022 0.026 0.023  A 65077
   2851.84045 11.517 11.521 11.516 11.500 11.500    0.029 0.023 0.022 0.025 0.024  A 65526
   2861.72846 11.391 11.402 11.414 11.430 11.440    0.036 0.028 0.030 0.034 0.033  A 67000
   2862.83232 11.406 11.427 11.408 11.423 11.447    0.034 0.033 0.029 0.033 0.036  A 67248
   2871.90394 11.338 11.284 11.328 11.324 11.329    0.028 0.032 0.022 0.021 0.023  A 68062
   2874.73685 11.229 11.243 11.233 11.233 11.234    0.029 0.024 0.021 0.024 0.023  A 68404
   2883.70201 11.174 11.221 11.196 11.198 11.209    0.027 0.025 0.019 0.019 0.020  A 69646
   2890.79856 11.276 11.281 11.265 11.282 11.283    0.063 0.067 0.059 0.061 0.068  D 70572
   2903.77054 11.387 11.439 11.400 11.412 11.391    0.033 0.032 0.029 0.032 0.034  A 72721
   2905.74388 11.493 11.446 11.469 11.474 11.465    0.026 0.028 0.019 0.020 0.020  A 73025
   2908.68472 11.490 11.495 11.494 11.503 11.513    0.031 0.029 0.024 0.029 0.026  A 73430
   2912.67476 11.507 11.483 11.524 11.526 11.515    0.032 0.032 0.023 0.027 0.026  A 74116
   2916.74378 11.485 11.513 11.508 11.526 11.545    0.027 0.036 0.023 0.026 0.030  A 74622
   2921.72174 11.502 11.506 11.500 11.490 11.512    0.033 0.029 0.030 0.035 0.040  A 75116
   2930.70213 11.479 11.488 11.485 11.472 11.460    0.025 0.034 0.021 0.021 0.023  A 76566
   2932.69139 11.419 11.454 11.404 11.379 11.377    0.032 0.030 0.031 0.034 0.037  A 76917
   2934.68370 11.501 11.508 11.490 11.474 11.472    0.025 0.029 0.020 0.021 0.023  A 77268
   2936.68679 11.450 11.453 11.476 11.471 11.493    0.038 0.045 0.037 0.041 0.046  A 77620
   2939.73219 11.528 11.547 11.541 11.540 11.541    0.023 0.025 0.020 0.021 0.023  A 77855
   2944.60196 11.523 11.552 11.538 11.542 11.534    0.027 0.028 0.021 0.022 0.025  A 78511
   2945.64389 11.576 11.569 11.600 11.617 11.653    0.030 0.033 0.029 0.032 0.037  A 78707
   2947.64804 11.577 11.555 11.582 11.581 11.584    0.030 0.053 0.026 0.028 0.031  A 79011
   2947.81838 11.582 11.608 11.583 11.590 11.610    0.035 0.046 0.031 0.034 0.038  A 79081
   2949.67495 11.486 11.512 11.501 11.498 11.518    0.065 0.056 0.068 0.069 0.072  D 79297
   2951.68918 11.577 11.618 11.601 11.611 11.598    0.029 0.029 0.027 0.030 0.035  A 79583
   2953.70826 11.508 11.536 11.488 11.457 11.487    0.041 0.042 0.043 0.051 0.059  B 79859
   2955.71767 11.491 11.507 11.485 11.473 11.461    0.032 0.031 0.028 0.032 0.037  A 80118
   2957.72708 11.461 11.486 11.457 11.449 11.445    0.029 0.029 0.025 0.028 0.032  A 80412
   2959.70980 11.415 11.411 11.456 11.545 11.584    0.074 0.067 0.087 0.107 0.125  D 80694
   2962.53734 11.537 11.461 11.534 11.501 11.457    0.082 0.072 0.087 0.096 0.103  D 81023
   2964.56434 11.468 11.430 11.431 11.447 11.455    0.027 0.028 0.023 0.025 0.028  A 81315
   2966.58395 11.407 11.430 11.418 11.420 11.431    0.029 0.029 0.023 0.026 0.028  A 81609
   2968.59420 11.373 11.420 11.360 11.357 11.373    0.086 0.071 0.087 0.087 0.088  D 81888
   2970.58556 11.356 11.333 11.355 11.351 11.362    0.025 0.029 0.021 0.022 0.026  A 82104
   2972.59563 11.377 11.414 11.369 11.361 11.358    0.027 0.036 0.024 0.026 0.030  A 82369
   2978.63783 11.600 11.677 11.574 11.550 11.523    0.031 0.035 0.027 0.030 0.034  A 83129
   2980.66211 11.340 11.386 11.342 11.323 11.301    0.028 0.031 0.027 0.032 0.037  A 83387
   2982.66647 11.391 11.394 11.424 11.436 11.451    0.040 0.041 0.040 0.047 0.056  B 83661
   2984.66609 11.342 11.375 11.349 11.337 11.355    0.029 0.031 0.028 0.032 0.037  A 83918
   2987.55614 11.372 11.360 11.360 11.348 11.360    0.028 0.035 0.022 0.024 0.026  A 84276
   2989.64590 11.389 11.374 11.374 11.361 11.361    0.035 0.033 0.036 0.040 0.044  A 84527
   2991.66928 11.501 11.453 11.475 11.457 11.464    0.081 0.058 0.075 0.076 0.078  D 84793
   2994.59341 11.343 11.309 11.344 11.333 11.348    0.039 0.056 0.037 0.042 0.048  A 85166
   2996.63405 11.428 11.393 11.406 11.391 11.379    0.027 0.027 0.023 0.026 0.029  A 85444
   2998.62519 11.345 11.351 11.337 11.333 11.343    0.029 0.027 0.023 0.025 0.030  A 85716
   3001.60406 11.356 11.361 11.364 11.362 11.362    0.027 0.026 0.023 0.025 0.029  A 85976
   3005.60446 11.330 11.331 11.337 11.350 11.362    0.028 0.030 0.024 0.028 0.030  A 86449
   3008.58924 11.311 11.313 11.300 11.288 11.272    0.032 0.032 0.028 0.031 0.035  A 86824
   3011.56727 11.310 11.314 11.346 11.327 11.317    0.035 0.033 0.034 0.040 0.044  A 87222
   3013.57800 11.323 11.329 11.319 11.324 11.340    0.030 0.033 0.029 0.033 0.039  A 87490
   3017.56544 11.341 11.316 11.324 11.323 11.331    0.029 0.035 0.024 0.027 0.031  A 87848
   3019.57206 11.396 11.386 11.418 11.437 11.444    0.037 0.037 0.037 0.042 0.048  A 88116
   3029.52948 11.299 11.306 11.305 11.324 11.339    0.061 0.065 0.067 0.072 0.078  D 88621
   3042.52564 11.076 11.048 11.059 11.075 11.094    0.037 0.037 0.035 0.041 0.048  A 89757
   3142.89610 10.902 10.923 10.895 10.888 10.874    0.046 0.040 0.052 0.057 0.061  B 103197
   3160.87236 11.003 11.024 11.029 11.036 11.061    0.043 0.043 0.045 0.054 0.062  B 104771
   3168.87642 11.032 11.007 11.007 11.024 11.021    0.027 0.027 0.024 0.026 0.030  A 105832
   3171.91239 11.004 11.024 11.012 11.012 11.018    0.031 0.033 0.029 0.034 0.039  A 106271
   3179.84387 10.930 10.936 10.919 10.936 10.939    0.026 0.028 0.024 0.026 0.029  A 107272
   3183.85501 10.908 10.895 10.908 10.915 10.928    0.030 0.030 0.028 0.032 0.036  A 107727
   3186.92634 10.874 10.898 10.874 10.875 10.894    0.029 0.031 0.026 0.030 0.036  A 108193
   3190.81693 10.838 10.785 10.854 10.862 10.859    0.053 0.057 0.055 0.059 0.061  B 108667
   3194.91334 10.850 10.840 10.851 10.858 10.848    0.035 0.046 0.028 0.031 0.034  A 109153
   3326.53505 11.263 11.252 11.247 11.237 11.235    0.025 0.035 0.023 0.024 0.028  A 121078
   3383.54513 11.894 11.913 11.876 11.851 11.846    0.034 0.049 0.034 0.038 0.041  A 125726
   3387.57362 11.964 11.957 11.977 11.984 11.982    0.035 0.051 0.035 0.038 0.043  A 126297
   3394.56501 11.900 11.902 11.930 11.946 11.911    0.030 0.045 0.032 0.040 0.045  A 127116
   3397.55518 11.849 11.831 11.876 11.897 11.885    0.028 0.039 0.029 0.034 0.039  A 127474
   3408.52133 11.568 11.616 11.557 11.584 11.649    0.074 0.067 0.079 0.094 0.108  D 128990
   3412.51662 11.312 11.331 11.311 11.315 11.323    0.034 0.043 0.035 0.041 0.047  A 129585
   3503.91045 11.244 11.233 11.226 11.235 11.230    0.062 0.072 0.066 0.082 0.098  D 142894
   3510.91375 11.341 11.358 11.345 11.347 11.346    0.027 0.038 0.022 0.023 0.026  A 143576
   3543.89024 11.448 11.439 11.475 11.483 11.484    0.038 0.057 0.033 0.036 0.040  A 147629
   3555.82726 11.162 11.129 11.179 11.182 11.184    0.045 0.059 0.046 0.050 0.053  B 148988
   3599.83720 11.059 11.068 11.083 11.107 11.126    0.030 0.027 0.026 0.029 0.033  A 155304
   3617.74423 11.225 11.237 11.236 11.254 11.268    0.038 0.044 0.030 0.033 0.038  A 157169
   3625.74161 11.192 11.180 11.177 11.172 11.157    0.032 0.031 0.026 0.032 0.038  A 158201
   3630.73944 11.147 11.140 11.145 11.147 11.164    0.034 0.037 0.030 0.034 0.039  A 158823
   3638.68823 11.105 11.101 11.107 11.112 11.126    0.032 0.036 0.029 0.033 0.036  A 159800
   3643.62895 11.121 11.117 11.147 11.159 11.164    0.029 0.036 0.023 0.025 0.027  A 160451
   3646.67258 11.147 11.157 11.163 11.172 11.174    0.034 0.036 0.027 0.028 0.031  A 160776
   3649.60904 11.194 11.153 11.195 11.217 11.246    0.036 0.053 0.031 0.035 0.040  A 161169
   3651.64850 11.197 11.223 11.186 11.184 11.187    0.030 0.048 0.025 0.026 0.029  A 161449
   3653.64134 11.311 11.319 11.303 11.302 11.307    0.032 0.042 0.031 0.036 0.041  A 161758
   3655.63152 11.199 11.224 11.194 11.199 11.212    0.034 0.065 0.029 0.032 0.034  A 162016
   3657.66384 11.230 11.277 11.230 11.223 11.215    0.035 0.056 0.030 0.033 0.036  A 162327
   3659.70029 11.200 11.183 11.212 11.224 11.238    0.036 0.052 0.030 0.035 0.041  A 162652
   3661.72908 11.237 11.219 11.233 11.249 11.269    0.033 0.042 0.032 0.038 0.044  A 162966
   3663.80756 11.174 11.214 11.165 11.140 11.110    0.031 0.036 0.033 0.038 0.047  A 163269
   3666.62429 11.253 11.248 11.251 11.259 11.273    0.029 0.041 0.024 0.025 0.029  A 163648
   3669.71773 11.238 11.254 11.241 11.243 11.245    0.026 0.029 0.021 0.023 0.025  A 164001
   3671.81186 11.283 11.242 11.260 11.264 11.267    0.032 0.036 0.027 0.031 0.036  A 164316
   3674.60513 11.295 11.340 11.295 11.292 11.300    0.031 0.043 0.024 0.026 0.028  A 164680
   3676.62800 11.265 11.314 11.284 11.287 11.286    0.027 0.035 0.023 0.025 0.028  A 164972
   3680.54759 11.267 11.220 11.258 11.261 11.274    0.030 0.049 0.024 0.026 0.028  A 165321
   3701.59920 10.809 10.802 10.814 10.815 10.814    0.039 0.046 0.042 0.046 0.052  B 168163
   3704.59140 10.780 10.779 10.782 10.792 10.795    0.029 0.049 0.027 0.032 0.038  A 168554
   3707.57602 10.792 10.779 10.789 10.783 10.781    0.034 0.066 0.027 0.029 0.032  A 168960
   3711.57758 10.814 10.857 10.814 10.821 10.817    0.033 0.053 0.026 0.027 0.030  A 169243
   3717.64773 10.809 10.812 10.811 10.822 10.822    0.035 0.050 0.037 0.045 0.054  B 170087
   3720.62628 10.919 10.908 10.920 10.900 10.881    0.031 0.044 0.032 0.037 0.042  A 170434
   3726.55349 10.925 10.891 10.927 10.929 10.933    0.036 0.047 0.035 0.041 0.046  A 171109
   3728.61155 10.971 10.922 10.987 10.996 11.004    0.031 0.048 0.031 0.036 0.042  A 171403
   3731.62268 11.035 11.042 11.030 11.033 11.045    0.034 0.044 0.034 0.037 0.043  A 171682
   3735.56683 11.101 11.076 11.105 11.111 11.111    0.026 0.035 0.025 0.029 0.032  A 172188
   3738.54011 11.153 11.159 11.160 11.152 11.139    0.027 0.044 0.024 0.026 0.030  A 172596
   3740.58747 11.206 11.224 11.199 11.200 11.189    0.028 0.041 0.026 0.028 0.031  A 172890
   3743.58772 11.258 11.279 11.258 11.262 11.246    0.031 0.042 0.029 0.034 0.038  A 173262
   3746.59145 11.285 11.297 11.300 11.313 11.340    0.036 0.040 0.039 0.047 0.057  B 173667
   3749.57899 11.355 11.380 11.353 11.361 11.398    0.036 0.044 0.040 0.051 0.063  B 174076
   3753.55869 11.371 11.360 11.387 11.396 11.414    0.037 0.052 0.037 0.039 0.042  A 174629
   3756.55121 11.382 11.383 11.382 11.380 11.375    0.037 0.038 0.040 0.048 0.056  B 175034
   3759.54138 11.347 11.392 11.318 11.277 11.246    0.032 0.042 0.035 0.041 0.048  A 175451
   3762.54422 11.372 11.354 11.380 11.386 11.384    0.036 0.047 0.037 0.043 0.050  A 175845
   3765.53755 11.379 11.396 11.367 11.354 11.340    0.031 0.045 0.028 0.031 0.035  A 176261
   3768.52910 11.358 11.345 11.373 11.375 11.374    0.030 0.043 0.030 0.036 0.042  A 176677
   3773.52424 11.344 11.303 11.347 11.335 11.325    0.038 0.041 0.039 0.047 0.056  B 177321
   3852.92447 11.163 11.214 11.164 11.177 11.175    0.039 0.053 0.038 0.046 0.054  B 187705
   3859.90858 11.238 11.221 11.232 11.231 11.239    0.035 0.046 0.033 0.039 0.043  A 188761
   3863.89582 11.344 11.371 11.349 11.344 11.358    0.037 0.066 0.032 0.033 0.036  A 189439
   3866.90252 11.355 11.314 11.357 11.360 11.374    0.034 0.053 0.030 0.033 0.037  A 189970
   3869.92414 11.300 11.345 11.305 11.309 11.315    0.046 0.075 0.047 0.053 0.061  B 190465
   3872.89916 11.433 11.471 11.429 11.442 11.444    0.042 0.067 0.039 0.045 0.050  A 191021
   3880.92256 11.640 11.674 11.646 11.653 11.675    0.033 0.053 0.032 0.037 0.043  A 191902
   3891.89907 11.898 11.885 11.910 11.935 11.975    0.029 0.035 0.024 0.026 0.031  A 193442
   3894.90113 11.914 11.898 11.931 11.940 11.936    0.030 0.033 0.023 0.026 0.028  A 193944
   3898.87878 11.902 11.890 11.913 11.926 11.954    0.032 0.039 0.029 0.034 0.040  A 194433
   3902.85833 11.937 11.984 11.947 11.970 11.993    0.030 0.054 0.027 0.031 0.035  A 195108
   3905.88477 11.916 11.931 11.912 11.909 11.887    0.033 0.056 0.030 0.033 0.036  A 195684
   3913.89887 11.774 11.687 11.803 11.812 11.806    0.055 0.103 0.043 0.042 0.043  D 197024
   4091.56911 11.540 11.565 11.568 11.560 11.566    0.032 0.050 0.027 0.030 0.035  A 209360
   4103.57887 11.325 11.316 11.282 11.256 11.253    0.045 0.064 0.037 0.040 0.046  A 210572
   4105.60672 11.256 11.223 11.268 11.289 11.290    0.030 0.045 0.031 0.037 0.042  A 210811
   4109.57448 11.069 11.060 11.082 11.087 11.084    0.036 0.060 0.031 0.034 0.036  A 211225
   4127.53831 10.784 10.719 10.788 10.792 10.794    0.031 0.046 0.028 0.031 0.034  A 211763
   4131.52683 10.766 10.779 10.758 10.747 10.737    0.030 0.035 0.029 0.034 0.038  A 212279
   4134.52875 10.869 10.870 10.882 10.900 10.915    0.052 0.056 0.057 0.068 0.074  D 212691
   4137.52399 10.830 10.842 10.810 10.804 10.797    0.026 0.035 0.025 0.028 0.032  A 213093
   4229.91930 11.361 11.302 11.336 11.319 11.304    0.037 0.059 0.030 0.032 0.036  A 223613
   4232.91303 11.374 11.412 11.400 11.404 11.438    0.046 0.051 0.044 0.047 0.052  B 224127
   4247.91512 11.598 11.567 11.604 11.611 11.619    0.043 0.047 0.047 0.052 0.054  B 226500
   4255.87867 11.428 11.441 11.408 11.372 11.367    0.087 0.077 0.087 0.092 0.096  D 227158
   4268.90374 11.129 11.160 11.172 11.191 11.206    0.053 0.055 0.049 0.050 0.056  B 228074
   4273.84432 11.088 11.089 11.097 11.086 11.086    0.036 0.039 0.030 0.032 0.034  A 228567
   4278.80490 11.016 10.990 11.019 11.031 11.045    0.066 0.065 0.070 0.073 0.079  D 229208
   4284.83948 11.019 11.014 11.026 11.024 11.022    0.041 0.058 0.033 0.035 0.039  A 229874
   4286.84530 10.935 10.950 10.904 10.867 10.846    0.072 0.067 0.080 0.095 0.108  D 230241
   4290.84624 11.078 11.045 11.092 11.105 11.090    0.051 0.053 0.048 0.050 0.049  B 230569
   4293.84022 11.089 11.098 11.105 11.121 11.143    0.051 0.050 0.048 0.052 0.057  B 231125
   4296.83358 11.190 11.151 11.203 11.200 11.188    0.038 0.043 0.035 0.041 0.048  A 231637
   4299.81180 11.115 11.129 11.115 11.119 11.123    0.048 0.053 0.046 0.040 0.043  B 232178
   4301.81921 11.168 11.150 11.170 11.174 11.164    0.050 0.098 0.042 0.042 0.045  D 232532
   4303.83847 11.141 11.164 11.157 11.149 11.149    0.046 0.046 0.041 0.045 0.049  A 232837
   4305.82161 11.191 11.208 99.999 99.999 99.999    0.035 0.038 0.029 0.031 0.032  C 233195
   4307.79173 11.226 11.248 11.242 11.243 11.247    0.035 0.044 0.030 0.032 0.034  A 233530
   4309.79042 11.258 11.266 11.281 11.284 11.287    0.031 0.034 0.027 0.030 0.033  A 233843
   4311.80225 11.290 11.321 11.288 11.287 11.283    0.060 0.060 0.060 0.063 0.067  D 234115
   4314.83268 11.382 11.314 11.328 11.323 11.306    0.079 0.077 0.075 0.076 0.079  D 234444
   4329.82293 11.436 11.424 11.446 11.438 11.414    0.055 0.056 0.055 0.059 0.063  B 235202
   4331.77028 11.407 11.432 11.418 11.420 11.418    0.069 0.068 0.066 0.067 0.068  D 235543
   4333.74681 11.368 11.421 11.398 11.403 11.414    0.029 0.034 0.024 0.025 0.029  A 235894
   4336.75326 11.427 11.463 11.412 11.417 11.422    0.044 0.044 0.046 0.055 0.058  B 236241
   4339.71190 11.489 11.434 11.459 11.449 11.447    0.032 0.037 0.027 0.030 0.035  A 236614
   4341.74413 11.504 11.441 11.498 11.485 11.476    0.046 0.048 0.044 0.049 0.055  B 236961
   4343.77017 11.416 11.417 11.362 11.345 11.343    0.058 0.056 0.062 0.066 0.071  D 237323
   4345.77338 11.434 11.479 11.458 11.482 11.522    0.060 0.066 0.063 0.069 0.074  D 237650
   4347.78078 11.428 11.464 11.420 11.412 11.398    0.051 0.050 0.051 0.054 0.055  B 238006
   4349.81514 11.476 11.444 11.486 11.502 11.507    0.038 0.053 0.032 0.034 0.038  A 238350
   4352.76113 11.442 11.443 11.459 11.451 11.431    0.032 0.033 0.026 0.028 0.030  A 238760
   4354.75972 11.422 11.488 11.451 11.486 11.497    0.044 0.094 0.038 0.051 0.041  D 239039
   4357.65765 11.459 11.504 11.468 11.471 11.461    0.037 0.037 0.031 0.033 0.037  A 239470
   4359.70889 11.441 11.422 11.466 11.461 11.470    0.040 0.041 0.037 0.043 0.050  A 239821
   4362.65414 11.535 11.498 11.517 11.532 11.538    0.030 0.033 0.023 0.027 0.030  A 240178
   4364.66672 11.510 11.501 11.521 11.535 11.541    0.032 0.034 0.025 0.027 0.028  A 240513
   4366.83128 11.548 11.484 11.529 11.524 11.523    0.036 0.039 0.031 0.035 0.038  A 240752
   4372.70164 11.589 11.571 11.597 11.629 11.639    0.037 0.048 0.036 0.043 0.050  A 241653
   4375.70221 11.636 11.646 11.608 11.590 11.576    0.033 0.035 0.030 0.036 0.041  A 241980
   4377.75337 11.649 11.608 11.650 11.633 11.600    0.041 0.064 0.038 0.042 0.048  A 242299
   4379.83213 11.682 11.650 11.659 11.660 11.651    0.036 0.047 0.029 0.031 0.035  A 242637
   4382.59830 11.580 11.592 11.600 11.608 11.624    0.031 0.034 0.024 0.026 0.028  A 243010
   4384.65075 11.584 11.626 11.610 11.619 11.653    0.035 0.039 0.030 0.034 0.038  A 243334
   4386.66317 11.582 11.607 11.585 11.584 11.577    0.032 0.033 0.025 0.026 0.028  A 243660
   4388.64313 11.523 11.528 11.527 11.528 11.517    0.030 0.033 0.025 0.028 0.030  A 243966
   4392.61371 11.461 11.499 11.453 11.459 11.454    0.037 0.053 0.032 0.036 0.041  A 244509
   4399.63985 11.454 11.516 11.434 11.412 11.377    0.041 0.066 0.037 0.043 0.049  A 244833
   4402.63648 11.364 11.313 11.370 11.364 99.999    0.044 0.071 0.038 0.042 0.045  C 245113
   4404.72247 11.282 11.275 11.288 11.304 11.318    0.030 0.030 0.026 0.030 0.034  A 245373
   4408.58628 11.261 11.230 11.270 11.285 11.289    0.041 0.053 0.034 0.037 0.043  A 245713
   4410.73050 11.264 11.324 11.277 11.287 11.294    0.050 0.086 0.043 0.044 0.046  B 245999
   4413.75120 11.197 11.201 11.219 11.218 11.210    0.033 0.035 0.028 0.031 0.033  A 246286
   4420.54290 11.149 11.169 11.171 11.175 11.184    0.039 0.047 0.037 0.043 0.049  A 246428
   4422.62795 11.133 11.085 11.118 11.117 11.121    0.042 0.072 0.034 0.035 0.037  A 246653
   4426.62851 11.179 11.142 11.170 11.166 11.184    0.035 0.045 0.036 0.042 0.049  A 246945
   4428.66568 11.126 11.128 11.119 11.116 11.120    0.035 0.043 0.034 0.041 0.048  A 247186
   4431.57955 11.150 11.120 11.142 11.142 11.141    0.034 0.045 0.030 0.033 0.038  A 247513
   4433.65956 11.129 11.115 11.126 11.130 11.136    0.033 0.040 0.032 0.037 0.044  A 247801
   4436.59765 11.167 11.151 11.173 11.177 11.187    0.035 0.059 0.030 0.032 0.035  A 248143
   4438.66506 11.197 11.213 11.200 11.197 11.199    0.035 0.039 0.034 0.037 0.042  A 248415
   4441.59647 11.283 11.242 11.287 11.302 11.314    0.051 0.082 0.037 0.039 0.042  B 248767
   4444.60225 11.341 11.316 11.329 11.326 11.327    0.038 0.041 0.034 0.036 0.039  A 249074
   4454.61114 11.406 11.371 11.392 11.377 11.360    0.046 0.066 0.049 0.055 0.060  B 250230
   4457.60716 11.477 11.472 11.454 11.442 11.439    0.044 0.055 0.044 0.051 0.060  B 250557
   4460.59610 11.513 11.462 11.494 11.481 11.475    0.030 0.035 0.027 0.031 0.036  A 250900
   4463.57792 11.503 11.475 11.500 11.503 11.513    0.042 0.053 0.038 0.037 0.040  A 251289
   4466.58482 11.512 11.519 11.508 11.509 11.523    0.033 0.038 0.031 0.035 0.040  A 251626
   4469.57495 11.588 11.575 11.589 11.587 11.584    0.037 0.043 0.035 0.039 0.044  A 251960
   4473.57605 11.660 11.648 11.649 11.653 11.677    0.030 0.042 0.028 0.032 0.036  A 252343
   4476.57106 11.648 11.655 11.648 11.650 11.671    0.034 0.047 0.033 0.036 0.040  A 252621
   4479.55505 11.711 11.676 11.705 11.724 11.736    0.052 0.059 0.053 0.058 0.062  B 252988
   4482.56036 11.700 11.730 11.714 11.744 11.761    0.034 0.043 0.033 0.039 0.045  A 253301
   4486.54725 11.765 11.738 11.767 11.772 11.786    0.036 0.045 0.036 0.042 0.049  A 253679
   4489.54330 11.802 11.768 11.818 11.836 11.849    0.033 0.050 0.030 0.034 0.039  A 254030
   4492.53928 11.802 11.771 11.815 11.813 11.819    0.050 0.092 0.038 0.040 0.045  D 254366
   4495.53808 11.735 11.745 11.724 11.712 11.725    0.042 0.048 0.044 0.054 0.064  B 254735
   4500.52239 11.811 11.772 11.854 11.871 11.876    0.043 0.058 0.041 0.045 0.050  A 255114
   4503.52349 11.705 11.709 11.718 11.752 11.797    0.033 0.038 0.029 0.032 0.035  A 255527
#ndata= 16
#dataset= 3 ; 1 F0045-48_091
#desig= 000819-4949.0
#cra=    0.138589  00:08:18.9
#cdec= -49.816752 -49:49:00.3
#class= 0
#cmag_0= 11.041
#cmer_0=  0.129
#nskip_0= 3
#cmag_1= 11.113
#cmer_1=  0.194
#nskip_1= 1
#cmag_2= 11.032
#cmer_2=  0.109
#nskip_2= 4
#cmag_3= 11.030
#cmer_3=  0.111
#nskip_3= 4
#cmag_4= 11.039
#cmer_4=  0.114
#nskip_4= 4
#ra=    0.138589  00:08:18.9
#dec= -49.816752 -49:49:00.3
#     HJD      MAG_1  MAG_0  MAG_2  MAG_3  MAG_4    MER_1 MER_0 MER_2 MER_3 MER_4 GRADE FRAME
   2143.74068 10.995 10.965 10.972 10.956 10.953    0.034 0.063 0.028 0.030 0.032  A 30844
   2452.83337 11.436 11.434 11.446 11.432 11.450    0.036 0.034 0.029 0.031 0.032  A 9534
   2453.77704 11.515 11.502 11.496 11.499 11.504    0.033 0.032 0.025 0.027 0.030  A 9693
   2465.84617 11.103 11.099 11.113 11.133 11.150    0.041 0.039 0.036 0.041 0.035  A 11150
   2468.88358 11.063 11.021 11.042 11.038 11.050    0.034 0.033 0.022 0.024 0.024  A 11820
   2470.81946 10.982 10.929 10.988 10.981 10.986    0.036 0.032 0.030 0.035 0.030  A 12075
   2473.84187 99.999 99.999 99.999 99.999 99.999    0.039 0.036 0.035 0.041 0.034  C 12772
   2481.82918 10.890 10.856 10.853 10.859 10.866    0.046 0.050 0.042 0.050 0.048  B 13032
   2486.78244 10.917 10.868 10.914 10.930 10.914    0.040 0.047 0.034 0.041 0.042  A 13386
   2490.78352 10.929 10.967 10.954 10.941 10.966    0.038 0.040 0.032 0.039 0.037  A 14129
   2549.60947 10.945 10.933 10.931 10.915 10.931    0.055 0.062 0.043 0.039 0.037  B 20766
   2783.87132 11.098 11.098 11.096 11.079 11.081    0.031 0.036 0.025 0.028 0.030  A 56030
   2886.79589 11.205 11.215 11.183 11.172 11.182    0.030 0.023 0.023 0.022 0.023  A 70304
   2890.79856 11.272 11.261 11.264 11.268 11.268    0.058 0.063 0.056 0.060 0.068  B 70572
   2916.76429 11.431 11.501 11.418 11.403 11.412    0.050 0.034 0.031 0.031 0.027  B 74631
   2947.81838 11.591 11.595 11.583 11.584 11.597    0.029 0.040 0.026 0.030 0.034  A 79081
#ndata= 1
#dataset= 4 ; 1 F2315-48_121
#desig= 000819-4949.0
#cra=    0.138573  00:08:18.9
#cdec= -49.816368 -49:48:58.9
#class= 0
#cmag_0= 11.117
#cmer_0=  0.000
#nskip_0= 0
#cmag_1= 11.108
#cmer_1=  0.000
#nskip_1= 0
#cmag_2= 11.095
#cmer_2=  0.000
#nskip_2= 0
#cmag_3= 11.091
#cmer_3=  0.000
#nskip_3= 0
#cmag_4= 11.135
#cmer_4=  0.000
#nskip_4= 0
#ra=    0.138573  00:08:18.9
#dec= -49.816368 -49:48:58.9
#     HJD      MAG_1  MAG_0  MAG_2  MAG_3  MAG_4    MER_1 MER_0 MER_2 MER_3 MER_4 GRADE FRAME
   2500.70884 11.108 11.117 11.096 11.091 11.136    0.057 0.060 0.049 0.051 0.048  B 15891
