#ndata= 1
#dataset= 1 ; 1 F0000-64_036
#desig= 001027-5635.0
#cra=    0.174244  00:10:27.3
#cdec= -56.583726 -56:35:01.4
#class= 0
#cmag_0=  9.098
#cmer_0=  0.000
#nskip_0= 0
#cmag_1=  9.189
#cmer_1=  0.000
#nskip_1= 0
#cmag_2=  9.232
#cmer_2=  0.000
#nskip_2= 0
#cmag_3=  9.270
#cmer_3=  0.000
#nskip_3= 0
#cmag_4=  9.296
#cmer_4=  0.000
#nskip_4= 0
#ra=    0.174244  00:10:27.3
#dec= -56.583726 -56:35:01.4
#     HJD      MAG_3  MAG_0  MAG_1  MAG_2  MAG_4    MER_3 MER_0 MER_1 MER_2 MER_4 GRADE FRAME
   3382.56257  9.271  9.098  9.190  9.232  9.296    0.077 0.077 0.069 0.074 0.081  D 125602
#ndata= 400
#dataset= 2 ; 1 F0000-56_060
#desig= 001027-5635.0
#cra=    0.174229  00:10:27.2
#cdec= -56.584094 -56:35:02.7
#class= 0
#cmag_0=  9.278
#cmer_0=  0.053
#nskip_0= 11
#cmag_1=  9.286
#cmer_1=  0.048
#nskip_1= 9
#cmag_2=  9.286
#cmer_2=  0.045
#nskip_2= 10
#cmag_3=  9.287
#cmer_3=  0.045
#nskip_3= 11
#cmag_4=  9.285
#cmer_4=  0.045
#nskip_4= 10
#ra=    0.174229  00:10:27.2
#dec= -56.584094 -56:35:02.7
#     HJD      MAG_3  MAG_0  MAG_1  MAG_2  MAG_4    MER_3 MER_0 MER_1 MER_2 MER_4 GRADE FRAME
   1869.52631  9.235  9.196  9.225  9.226  9.233    0.026 0.052 0.025 0.023 0.029  A 195
   1871.60178  9.197  9.135  9.189  9.195  9.203    0.025 0.068 0.027 0.023 0.028  A 505
   1873.58556  9.199  9.159  9.192  9.197  9.201    0.031 0.072 0.033 0.028 0.032  A 821
   1875.56877  9.437  9.342  9.443  9.443  9.432    0.024 0.058 0.024 0.021 0.026  A 1136
   1877.58089  9.310  9.335  9.308  9.306  9.309    0.026 0.055 0.027 0.023 0.028  A 1463
   1879.56168  9.351  9.347  9.352  9.347  9.351    0.024 0.047 0.024 0.022 0.026  A 1768
   1885.54125  9.281  9.268  9.290  9.286  9.282    0.025 0.048 0.025 0.024 0.030  A 2383
   1887.56869  9.229  9.193  9.220  9.226  9.229    0.028 0.055 0.028 0.025 0.031  A 2714
   1889.58266  9.214  9.180  9.194  9.208  9.213    0.031 0.056 0.031 0.026 0.036  A 3040
   1900.59951  9.340  9.346  9.328  9.337  9.339    0.025 0.044 0.027 0.022 0.027  A 3337
   1904.53037  9.316  9.287  9.317  9.319  9.314    0.025 0.044 0.025 0.022 0.028  A 3783
   1914.59501  9.285  9.271  9.275  9.278  9.286    0.029 0.059 0.033 0.027 0.032  A 4752
   1920.54565  9.311  9.296  9.326  9.318  9.304    0.024 0.040 0.027 0.023 0.027  A 5424
   1923.55651  9.316  9.286  9.328  9.318  9.314    0.026 0.042 0.031 0.024 0.029  A 5904
   1928.52702  9.324  9.333  9.308  9.323  9.322    0.030 0.043 0.031 0.026 0.033  A 6731
   1932.53276  9.256  9.220  9.258  9.253  9.256    0.027 0.040 0.031 0.025 0.031  A 7383
   2033.89423  9.264  9.263  9.261  9.265  9.264    0.024 0.039 0.027 0.023 0.028  A 18560
   2039.93785  9.287  9.333  9.295  9.291  9.285    0.039 0.067 0.035 0.034 0.046  A 19366
   2040.92675  9.299  9.257  9.293  9.299  9.314    0.043 0.089 0.045 0.039 0.047  B 19586
   2052.90546  9.354  9.331  9.342  9.342  9.356    0.031 0.066 0.033 0.030 0.033  A 19934
   2054.86437  9.300  9.215  9.289  9.296  9.299    0.033 0.076 0.036 0.031 0.037  A 20347
   2056.84916  9.241  9.195  9.235  9.238  9.239    0.029 0.068 0.030 0.026 0.032  A 20790
   2058.85485  9.256  9.226  9.259  9.247  9.256    0.027 0.044 0.027 0.024 0.030  A 21243
   2064.91972  9.314  9.371  9.332  9.319  9.317    0.031 0.073 0.034 0.028 0.033  A 21669
   2067.82065  9.361  9.482  9.375  9.364  9.369    0.033 0.066 0.032 0.028 0.036  A 21929
   2068.81731  9.310  9.277  9.319  9.309  9.312    0.052 0.080 0.046 0.046 0.059  B 22153
   2069.81751  9.366  9.355  9.364  9.364  9.359    0.032 0.068 0.031 0.028 0.035  A 22376
   2080.81773  9.131  9.064  9.115  9.127  9.134    0.028 0.063 0.031 0.026 0.031  A 22976
   2082.87388  9.190  9.131  9.180  9.185  9.191    0.029 0.061 0.032 0.026 0.031  A 23466
   2085.86567  9.261  9.226  9.262  9.261  9.263    0.026 0.048 0.030 0.024 0.029  A 23917
   2087.80395  9.289  9.258  9.284  9.287  9.290    0.041 0.070 0.038 0.036 0.047  A 24335
   2088.84198  9.317  9.236  9.302  9.312  9.310    0.027 0.068 0.030 0.026 0.030  A 24580
   2093.77354  9.314  9.275  9.305  9.308  9.314    0.031 0.072 0.032 0.029 0.035  A 24771
   2094.78821  9.350  9.383  9.359  9.351  9.353    0.058 0.077 0.047 0.049 0.064  B 25064
   2095.78218  9.291  9.226  9.282  9.292  9.292    0.042 0.074 0.038 0.037 0.048  A 25288
   2096.75360  9.279  9.233  9.265  9.277  9.289    0.043 0.067 0.040 0.038 0.048  A 25501
   2103.71699  9.257  9.285  9.261  9.256  9.261    0.029 0.066 0.039 0.030 0.031  A 25845
   2104.80491  9.265  9.187  9.253  9.262  9.267    0.028 0.063 0.033 0.027 0.031  A 26082
   2105.80411  9.240  9.192  9.232  9.239  9.236    0.027 0.063 0.031 0.026 0.030  A 26302
   2106.81844  9.311  9.393  9.321  9.310  9.309    0.026 0.059 0.030 0.024 0.028  A 26511
   2114.82692  9.252  9.209  9.250  9.252  9.250    0.031 0.048 0.034 0.030 0.033  A 26742
   2115.85753  9.254  9.207  9.255  9.260  9.252    0.025 0.033 0.030 0.025 0.027  A 26960
   2116.77647  9.245  9.216  9.220  9.238  9.244    0.028 0.049 0.032 0.026 0.030  A 27147
   2117.77290  9.255  9.212  9.247  9.251  9.257    0.029 0.060 0.034 0.027 0.031  A 27364
   2124.70356  9.249  9.278  9.251  9.251  9.247    0.064 0.077 0.051 0.055 0.071  B 27680
   2128.70657  9.304  9.237  9.300  9.304  9.303    0.031 0.058 0.032 0.028 0.033  A 27969
   2129.71927  9.357  9.400  9.369  9.356  9.352    0.029 0.069 0.033 0.027 0.032  A 28189
   2130.73210  9.378  9.501  9.394  9.375  9.382    0.030 0.063 0.032 0.027 0.032  A 28411
   2131.73805  9.332  9.267  9.319  9.329  9.336    0.028 0.061 0.030 0.025 0.031  A 28613
   2132.74962  9.370  9.460  9.392  9.374  9.367    0.028 0.069 0.033 0.026 0.031  A 28830
   2133.73595  9.339  9.334  9.366  9.352  9.336    0.025 0.041 0.028 0.023 0.029  A 29040
   2134.74053  9.339  9.391  9.355  9.343  9.341    0.028 0.056 0.033 0.027 0.030  A 29256
   2135.74132  9.328  9.291  9.333  9.333  9.325    0.035 0.065 0.035 0.031 0.039  A 29471
   2136.72584  9.306  9.330  9.306  9.305  9.305    0.026 0.052 0.029 0.023 0.028  A 29678
   2141.72233  9.214  9.141  9.197  9.212  9.220    0.029 0.062 0.034 0.027 0.032  A 30431
   2144.70930  9.275  9.281  9.283  9.267  9.270    0.029 0.062 0.032 0.028 0.032  A 31035
   2145.71172  9.280  9.483  9.314  9.287  9.278    0.027 0.054 0.032 0.026 0.031  A 31240
   2164.67608  9.243  9.225  9.232  9.236  9.241    0.028 0.047 0.035 0.027 0.031  A 31924
   2167.65328  9.306  9.274  9.317  9.306  9.304    0.029 0.050 0.032 0.026 0.031  A 32104
   2168.67414  9.321  9.311  9.294  9.320  9.323    0.026 0.048 0.031 0.024 0.030  A 32281
   2169.67212  9.331  9.288  9.341  9.326  9.324    0.027 0.043 0.032 0.025 0.029  A 32433
   2171.64969  9.372  9.364  9.397  9.374  9.358    0.029 0.050 0.037 0.028 0.032  A 32607
   2172.66271  9.364  9.343  9.389  9.360  9.358    0.030 0.050 0.037 0.029 0.033  A 32802
   2173.64648  9.361  9.353  9.351  9.362  9.360    0.029 0.049 0.034 0.028 0.032  A 32983
   2174.64710  9.332  9.314  9.341  9.328  9.325    0.046 0.053 0.042 0.040 0.051  B 33157
   2175.64302  9.326  9.291  9.340  9.321  9.320    0.032 0.052 0.039 0.031 0.035  A 33300
   2177.61461  9.295  9.274  9.304  9.293  9.296    0.038 0.053 0.041 0.035 0.041  A 33416
   2178.62614  9.290  9.265  9.256  9.273  9.285    0.028 0.044 0.036 0.027 0.030  A 33596
   2180.63044  9.268  9.256  9.241  9.269  9.277    0.031 0.045 0.035 0.028 0.034  A 33787
   2183.61525  9.263  9.268  9.276  9.258  9.257    0.032 0.050 0.038 0.030 0.035  A 33878
   2184.61924  9.261  9.266  9.276  9.265  9.258    0.031 0.044 0.037 0.029 0.034  A 34072
   2185.63003  9.256  9.253  9.226  9.254  9.262    0.033 0.045 0.037 0.030 0.035  A 34263
   2186.66501  9.252  9.245  9.269  9.261  9.249    0.031 0.042 0.037 0.030 0.033  A 34393
   2188.64980  9.260  9.240  9.238  9.261  9.270    0.033 0.045 0.039 0.031 0.031  A 34697
   2190.58017  9.306  9.275  9.309  9.313  9.304    0.027 0.046 0.036 0.027 0.029  A 34914
   2191.62072  9.310  9.307  9.309  9.308  9.313    0.028 0.042 0.033 0.026 0.030  A 35107
   2192.61317  9.320  9.297  9.289  9.317  9.323    0.026 0.039 0.031 0.023 0.028  A 35278
   2193.61877  9.340  9.351  9.343  9.345  9.337    0.030 0.048 0.038 0.030 0.031  A 35463
   2194.61656  9.337  9.285  9.318  9.332  9.336    0.029 0.044 0.035 0.027 0.030  A 35641
   2195.60514  9.345  9.327  9.328  9.344  9.343    0.029 0.045 0.036 0.027 0.031  A 35813
   2196.61093  9.348  9.328  9.319  9.345  9.350    0.030 0.044 0.035 0.027 0.032  A 35948
   2198.61179  9.354  9.316  9.337  9.340  9.349    0.026 0.039 0.034 0.025 0.029  A 36304
   2199.60111  9.357  9.381  9.378  9.350  9.359    0.030 0.044 0.038 0.029 0.030  A 36479
   2201.59435  9.324  9.299  9.337  9.321  9.321    0.030 0.045 0.038 0.029 0.031  A 36725
   2202.59504  9.290  9.264  9.256  9.292  9.291    0.029 0.039 0.034 0.027 0.030  A 36893
   2203.58472  9.278  9.258  9.283  9.293  9.288    0.030 0.042 0.037 0.028 0.031  A 37062
   2204.58264  9.236  9.225  9.245  9.251  9.242    0.035 0.046 0.041 0.033 0.037  A 37188
   2206.57677  9.228  9.206  9.232  9.237  9.230    0.029 0.044 0.038 0.029 0.032  A 37461
   2207.57780  9.248  9.258  9.258  9.261  9.262    0.078 0.071 0.063 0.065 0.090  D 37634
   2211.55798  9.295  9.301  9.328  9.314  9.284    0.038 0.048 0.044 0.034 0.035  A 37818
   2213.55290  9.349  9.303  9.337  9.339  9.345    0.031 0.039 0.038 0.030 0.034  A 38052
   2214.57929  9.351  9.339  9.333  9.334  9.353    0.035 0.040 0.037 0.030 0.034  A 38211
   2215.58363  9.374  9.331  9.360  9.369  9.360    0.039 0.038 0.039 0.031 0.034  A 38380
   2216.58166  9.425  9.421  9.398  9.396  9.409    0.036 0.049 0.037 0.031 0.034  A 38549
   2217.58133  9.382  9.367  9.357  9.373  9.378    0.035 0.043 0.039 0.031 0.033  A 38716
   2221.54154  9.306  9.295  9.314  9.324  9.328    0.032 0.041 0.036 0.028 0.032  A 38989
   2222.57809  9.325  9.312  9.286  9.303  9.313    0.035 0.043 0.037 0.030 0.032  A 39160
   2224.56636  9.255  9.262  9.295  9.290  9.266    0.038 0.047 0.041 0.033 0.036  A 39316
   2226.54869  9.269  9.248  9.258  9.266  9.268    0.038 0.043 0.038 0.031 0.034  A 39626
   2228.54101  9.250  9.247  9.244  9.264  9.260    0.035 0.041 0.036 0.031 0.033  A 39938
   2230.53947  9.294  9.278  9.264  9.276  9.286    0.036 0.043 0.036 0.029 0.034  A 40265
   2233.53688  9.323  9.319  9.300  9.316  9.321    0.038 0.042 0.039 0.032 0.036  A 40592
   2235.52837  9.298  9.307  9.291  9.306  9.309    0.033 0.044 0.038 0.030 0.031  A 40898
   2237.53151  9.315  9.343  9.354  9.342  9.308    0.042 0.049 0.042 0.035 0.038  A 41219
   2240.53405  9.267  9.277  9.311  9.309  9.296    0.039 0.047 0.043 0.035 0.035  A 41537
   2242.55960  9.294  9.286  9.320  9.320  9.290    0.043 0.048 0.044 0.037 0.041  A 41867
   2244.59630  9.279  9.285  9.287  9.302  9.290    0.047 0.055 0.049 0.042 0.045  B 42162
   2248.54665  9.292  9.282  9.304  9.302  9.276    0.043 0.052 0.045 0.037 0.042  A 42459
   2250.59412  9.271  9.271  9.293  9.292  9.284    0.041 0.052 0.044 0.036 0.037  A 42837
   2252.58324  9.324  9.315  9.330  9.333  9.319    0.041 0.050 0.042 0.036 0.038  A 43156
   2254.58385  9.380  9.343  9.349  9.363  9.352    0.045 0.056 0.048 0.038 0.042  B 43448
   2256.58502  9.336  9.349  9.346  9.350  9.333    0.045 0.053 0.047 0.039 0.044  A 43765
   2263.57844 29.999 29.999 29.999 29.999 29.999    0.057 0.076 0.062 0.050 0.059  D 44682
   2265.56951  9.300  9.305  9.325  9.318  9.280    0.057 0.079 0.060 0.048 0.058  B 44949
   2271.54783  9.193  9.176  9.195  9.203  9.177    0.063 0.075 0.062 0.053 0.065  D 45527
   2440.79475  9.336  9.298  9.355  9.341  9.319    0.022 0.032 0.031 0.021 0.023  A 8128
   2442.81475  9.394  9.383  9.405  9.390  9.377    0.052 0.049 0.050 0.046 0.055  B 8563
   2444.80707  9.390  9.377  9.402  9.386  9.382    0.024 0.026 0.031 0.023 0.022  A 8952
   2445.89221  9.379  9.372  9.365  9.382  9.377    0.025 0.025 0.028 0.022 0.025  A 9206
   2465.81031 99.999  9.240  9.240 99.999 99.999    0.032 0.030 0.034 0.027 0.027  C 11134
   2466.80399  9.275  9.262  9.258  9.267  9.275    0.025 0.029 0.031 0.023 0.024  A 11350
   2467.81005  9.293  9.284  9.279  9.289  9.290    0.024 0.026 0.029 0.022 0.024  A 11571
   2471.86102  9.255  9.280  9.272  9.280  9.278    0.042 0.037 0.040 0.035 0.034  A 12572
   2482.71088  9.287  9.308  9.309  9.307  9.294    0.044 0.046 0.042 0.037 0.037  A 13187
   2489.73864  9.365  9.384  9.366  9.376  9.361    0.033 0.035 0.035 0.030 0.033  A 13891
   2493.77033  9.254  9.261  9.260  9.276  9.251    0.046 0.051 0.047 0.041 0.040  B 14531
   2494.74389  9.266  9.280  9.281  9.280  9.284    0.073 0.083 0.074 0.068 0.072  D 14708
   2495.80245  9.253  9.275  9.231  9.227  9.256    0.044 0.043 0.042 0.037 0.034  A 14872
   2498.73137  9.307  9.276  9.289  9.281  9.292    0.035 0.038 0.039 0.032 0.030  A 15477
   2500.70170  9.252  9.269  9.253  9.267  9.248    0.031 0.032 0.033 0.028 0.028  A 15888
   2500.73530  9.276  9.261  9.287  9.273  9.273    0.033 0.040 0.038 0.030 0.029  A 15903
   2501.74229  9.289  9.283  9.283  9.292  9.293    0.029 0.030 0.031 0.026 0.023  A 16054
   2502.73329  9.353  9.303  9.328  9.350  9.341    0.043 0.044 0.041 0.036 0.036  A 16262
   2503.73577 99.999  9.387  9.339 99.999 99.999    0.071 0.083 0.073 0.065 0.068  D 16467
   2519.77468  9.291  9.277  9.300  9.295  9.283    0.022 0.034 0.034 0.022 0.019  A 18056
   2521.80698  9.296  9.331  9.321  9.297  9.304    0.024 0.030 0.031 0.023 0.023  A 18468
   2526.67082  9.384  9.300  9.380  9.358  9.375    0.025 0.040 0.031 0.025 0.026  A 18856
   2538.87501  9.374  9.285  9.336  9.353  9.368    0.068 0.081 0.062 0.057 0.067  D 19433
   2540.60834  9.328  9.337  9.325  9.330  9.334    0.027 0.037 0.035 0.026 0.027  A 19699
   2544.69590  9.342  9.367  9.337  9.339  9.341    0.029 0.031 0.036 0.032 0.028  A 20007
   2545.73012  9.738 10.149 10.047  9.851  9.697    0.021 0.031 0.030 0.023 0.022  A 20211
   2553.57968  9.293  9.297  9.290  9.300  9.297    0.030 0.036 0.038 0.030 0.028  A 21301
   2554.67224 29.999 29.999 29.999 29.999 29.999    0.045 0.055 0.047 0.040 0.048  C 21523
   2558.65031  9.268  9.255  9.255  9.262  9.265    0.020 0.028 0.028 0.019 0.020  A 22052
   2559.64865  9.264  9.260  9.246  9.262  9.263    0.021 0.034 0.032 0.021 0.022  A 22232
   2560.64706  9.301  9.319  9.307  9.304  9.296    0.023 0.027 0.022 0.021 0.026  A 22410
   2561.64067  9.318  9.328  9.314  9.316  9.318    0.025 0.056 0.026 0.022 0.026  A 22555
   2562.64169  9.332  9.293  9.330  9.330  9.330    0.022 0.031 0.025 0.020 0.024  A 22736
   2563.65796  9.353  9.334  9.362  9.356  9.347    0.022 0.036 0.031 0.022 0.024  A 22922
   2578.64013  9.291  9.279  9.311  9.271  9.274    0.024 0.031 0.033 0.024 0.023  A 24947
   2621.58961  9.317  9.283  9.304  9.319  9.317    0.026 0.030 0.030 0.028 0.026  A 29780
   2622.66626  9.298  9.283  9.296  9.298  9.297    0.027 0.039 0.026 0.024 0.030  A 29980
   2625.58897  9.258  9.293  9.265  9.260  9.257    0.027 0.045 0.029 0.024 0.030  A 30394
   2628.59324  9.273  9.284  9.281  9.278  9.268    0.034 0.055 0.031 0.030 0.037  A 30703
   2637.62655  9.715 10.039  9.839  9.747  9.710    0.021 0.028 0.023 0.019 0.023  A 32515
   2639.62429  9.316  9.326  9.320  9.317  9.312    0.022 0.030 0.023 0.020 0.024  A 32822
   2642.53537  9.274  9.262  9.260  9.274  9.272    0.024 0.030 0.027 0.023 0.024  A 33224
   2644.54271  9.274  9.287  9.277  9.273  9.264    0.027 0.039 0.025 0.024 0.029  A 33532
   2649.55611  9.304  9.281  9.313  9.295  9.297    0.023 0.032 0.025 0.021 0.025  A 34093
   2651.56598  9.323  9.319  9.319  9.321  9.321    0.027 0.038 0.027 0.024 0.030  A 34407
   2653.58191  9.317  9.332  9.318  9.317  9.315    0.025 0.031 0.025 0.023 0.028  A 34721
   2657.54511  9.294  9.269  9.267  9.297  9.290    0.030 0.039 0.028 0.025 0.035  A 35388
   2659.56320  9.275  9.269  9.264  9.277  9.268    0.026 0.028 0.024 0.023 0.030  A 35738
   2661.56011  9.252  9.277  9.248  9.252  9.249    0.026 0.037 0.026 0.023 0.029  A 36079
   2663.55895  9.246  9.232  9.251  9.246  9.251    0.029 0.034 0.028 0.027 0.030  A 36417
   2666.53053  9.248  9.273  9.239  9.254  9.246    0.035 0.030 0.031 0.030 0.039  A 36907
   2668.54081  9.219  9.205  9.226  9.213  9.225    0.034 0.035 0.031 0.030 0.039  A 37234
   2670.54115  9.263  9.259  9.268  9.266  9.261    0.026 0.032 0.026 0.023 0.027  A 37550
   2672.54417  9.304  9.291  9.315  9.308  9.298    0.024 0.025 0.024 0.022 0.027  A 37886
   2675.52380  9.334  9.329  9.355  9.341  9.339    0.031 0.030 0.028 0.027 0.034  A 38410
   2677.52725  9.376  9.357  9.354  9.364  9.374    0.028 0.032 0.028 0.025 0.031  A 38758
   2783.87868  9.285  9.297  9.299  9.292  9.283    0.025 0.033 0.025 0.023 0.028  A 56033
   2785.91441  9.290  9.287  9.263  9.286  9.283    0.045 0.045 0.042 0.042 0.047  A 56467
   2832.79336  9.277  9.281  9.265  9.284  9.277    0.035 0.028 0.034 0.033 0.034  A 63022
   2839.87150  9.274  9.263  9.274  9.267  9.266    0.079 0.067 0.071 0.072 0.086  D 64206
   2844.83070  9.310  9.290  9.309  9.301  9.303    0.024 0.023 0.027 0.021 0.024  A 65083
   2856.80082  9.268  9.255  9.288  9.272  9.266    0.028 0.028 0.032 0.026 0.030  A 66124
   2861.82122  9.273  9.266  9.278  9.268  9.276    0.044 0.031 0.042 0.039 0.043  A 67038
   2866.80508  9.285  9.298  9.279  9.288  9.283    0.037 0.030 0.035 0.034 0.039  A 67628
   2875.80552  9.238  9.208  9.247  9.240  9.232    0.025 0.027 0.031 0.025 0.024  A 68622
   2883.74966  9.304  9.250  9.314  9.301  9.298    0.024 0.032 0.028 0.021 0.023  A 69667
   2895.78837  9.206  9.234  9.201  9.197  9.203    0.029 0.029 0.032 0.029 0.029  A 71334
   2897.80462  9.252  9.251  9.276  9.259  9.250    0.023 0.023 0.025 0.021 0.026  A 71740
   2899.76699  9.318  9.294  9.327  9.320  9.310    0.027 0.034 0.030 0.027 0.026  A 72087
   2902.73578  9.340  9.341  9.352  9.353  9.339    0.026 0.025 0.028 0.026 0.027  A 72554
   2907.80798  9.323  9.292  9.310  9.321  9.323    0.052 0.047 0.042 0.044 0.058  B 73306
   2912.65114  9.220  9.211  9.207  9.223  9.223    0.022 0.030 0.023 0.020 0.024  A 74106
   2915.62598  9.290  9.261  9.297  9.285  9.284    0.029 0.026 0.035 0.026 0.027  A 74379
   2916.71772  9.323  9.308  9.342  9.303  9.305    0.025 0.026 0.028 0.023 0.026  A 74611
   2918.66788  9.342  9.365  9.334  9.339  9.341    0.027 0.027 0.027 0.024 0.030  A 74903
   2921.70865  9.366  9.355  9.377  9.367  9.365    0.035 0.028 0.029 0.029 0.040  A 75111
   2923.69777  9.358  9.344  9.360  9.357  9.357    0.032 0.031 0.033 0.032 0.034  A 75482
   2926.70136  9.326  9.322  9.323  9.326  9.320    0.023 0.023 0.025 0.022 0.026  A 75843
   2928.69830  9.308  9.308  9.311  9.300  9.312    0.036 0.034 0.037 0.034 0.040  A 76215
   2930.68219  9.315  9.299  9.317  9.307  9.311    0.023 0.027 0.028 0.024 0.025  A 76558
   2932.67262  9.307  9.305  9.313  9.311  9.305    0.030 0.029 0.031 0.028 0.033  A 76909
   2934.66719  9.309  9.251  9.321  9.315  9.302    0.027 0.032 0.040 0.030 0.029  A 77261
   2936.66947  9.321  9.281  9.296  9.316  9.324    0.058 0.045 0.044 0.049 0.068  B 77613
   2939.70082  9.318  9.303  9.316  9.312  9.320    0.023 0.030 0.024 0.021 0.026  A 77842
   2942.74754  9.349  9.367  9.322  9.344  9.352    0.025 0.033 0.031 0.024 0.028  A 78248
   2944.59018  9.349  9.321  9.372  9.354  9.345    0.025 0.026 0.028 0.023 0.027  A 78506
   2945.63212  9.357  9.375  9.389  9.360  9.345    0.042 0.041 0.044 0.038 0.046  A 78702
   2947.63314  9.356  9.305  9.349  9.354  9.355    0.031 0.048 0.045 0.031 0.034  A 79005
   2949.66180  9.327  9.331  9.304  9.325  9.329    0.027 0.029 0.026 0.024 0.031  A 79292
   2951.67386  9.305  9.294  9.300  9.304  9.301    0.030 0.026 0.026 0.026 0.034  A 79577
   2953.69047  9.265  9.268  9.272  9.269  9.260    0.044 0.034 0.035 0.037 0.052  B 79852
   2955.69448  9.284  9.270  9.285  9.279  9.278    0.027 0.025 0.026 0.024 0.029  A 80109
   2957.68821  9.282  9.260  9.300  9.281  9.278    0.028 0.023 0.025 0.023 0.031  A 80397
   2961.74046  9.288  9.309  9.287  9.293  9.287    0.032 0.035 0.031 0.030 0.035  A 80960
   2963.71384  9.334  9.342  9.334  9.325  9.335    0.029 0.031 0.029 0.026 0.033  A 81230
   2966.55106  9.297  9.285  9.292  9.298  9.293    0.023 0.026 0.025 0.021 0.025  A 81596
   2968.56369  9.232  9.235  9.247  9.238  9.239    0.039 0.037 0.038 0.038 0.044  A 81876
   2970.56252  9.224  9.221  9.235  9.230  9.228    0.024 0.024 0.025 0.021 0.027  A 82095
   2972.57530  9.205  9.205  9.212  9.210  9.197    0.030 0.026 0.027 0.025 0.033  A 82361
   2974.59897  9.212  9.176  9.232  9.204  9.204    0.028 0.027 0.027 0.024 0.031  A 82568
   2976.60627  9.239  9.217  9.240  9.240  9.237    0.027 0.028 0.028 0.024 0.032  A 82840
   2978.62503  9.276  9.266  9.284  9.277  9.271    0.034 0.025 0.028 0.028 0.040  A 83124
   2980.64918  9.318  9.338  9.322  9.318  9.318    0.032 0.027 0.027 0.026 0.037  A 83382
   2982.65794  9.346  9.314  9.363  9.338  9.335    0.051 0.037 0.039 0.041 0.059  B 83658
   2984.65761  9.312  9.314  9.315  9.315  9.312    0.029 0.030 0.025 0.025 0.034  A 83915
   2986.68494  9.282  9.296  9.287  9.281  9.281    0.030 0.029 0.026 0.025 0.036  A 84190
   2989.62233  9.240  9.249  9.265  9.248  9.233    0.026 0.027 0.025 0.023 0.029  A 84518
   2991.63836  9.244  9.244  9.231  9.248  9.241    0.027 0.024 0.027 0.024 0.030  A 84781
   2993.66662  9.270  9.244  9.282  9.268  9.266    0.028 0.029 0.028 0.025 0.031  A 85069
   2996.58526  9.248  9.277  9.235  9.251  9.244    0.038 0.042 0.039 0.036 0.041  A 85425
   2998.59466  9.271  9.265  9.268  9.270  9.274    0.028 0.026 0.026 0.024 0.031  A 85704
   3001.56931  9.284  9.288  9.263  9.282  9.282    0.025 0.028 0.025 0.023 0.028  A 85963
   3005.59122  9.276  9.259  9.291  9.268  9.271    0.028 0.029 0.026 0.024 0.032  A 86444
   3007.60318  9.254  9.270  9.254  9.251  9.253    0.031 0.028 0.030 0.028 0.036  A 86709
   3010.60017  9.296  9.300  9.297  9.299  9.299    0.041 0.031 0.032 0.034 0.047  A 87097
   3012.59684  9.305  9.279  9.300  9.285  9.304    0.041 0.032 0.034 0.036 0.049  A 87360
   3016.56762  9.272  9.272  9.277  9.275  9.268    0.051 0.096 0.054 0.048 0.056  B 87717
   3018.57910  9.258  9.291  9.258  9.261  9.258    0.043 0.038 0.039 0.040 0.047  A 87993
   3030.55316  9.320  9.341  9.304  9.318  9.319    0.030 0.027 0.027 0.026 0.034  A 88702
   3033.54691  9.301  9.334  9.291  9.299  9.301    0.049 0.030 0.038 0.044 0.053  B 88994
   3126.90844  9.324  9.318  9.312  9.324  9.319    0.099 0.079 0.085 0.093 0.104  D 100967
   3130.91130  9.297  9.310  9.295  9.291  9.298    0.043 0.046 0.037 0.038 0.048  A 101583
   3146.92576  9.267  9.228  9.269  9.255  9.271    0.043 0.035 0.036 0.038 0.047  A 103621
   3154.92418  9.339  9.350  9.327  9.338  9.336    0.029 0.025 0.026 0.025 0.032  A 104039
   3171.89583  9.264  9.260  9.273  9.267  9.262    0.037 0.030 0.030 0.031 0.042  A 106267
   3175.90871  9.309  9.253  9.304  9.300  9.308    0.053 0.040 0.043 0.048 0.057  B 106680
   3179.84660  9.272  9.275  9.261  9.269  9.267    0.027 0.027 0.026 0.024 0.031  A 107273
   3183.86047  9.309  9.291  9.317  9.316  9.307    0.032 0.028 0.027 0.027 0.036  A 107729
   3186.86993  9.357  9.324  9.346  9.356  9.368    0.074 0.050 0.057 0.064 0.078  D 108172
   3326.61989  9.218  9.194  9.228  9.225  9.217    0.028 0.036 0.025 0.024 0.030  A 121102
   3386.55712  9.274  9.244  9.261  9.262  9.274    0.039 0.075 0.039 0.035 0.042  A 126143
   3388.58650  9.290  9.318  9.278  9.287  9.294    0.033 0.062 0.033 0.030 0.037  A 126431
   3396.54661  9.290  9.276  9.288  9.287  9.292    0.040 0.037 0.029 0.032 0.045  A 127347
   3403.53115  9.265  9.258  9.260  9.261  9.262    0.039 0.033 0.030 0.033 0.045  A 128213
   3406.52932  9.246  9.212  9.239  9.243  9.243    0.029 0.038 0.025 0.025 0.033  A 128682
   3409.52298  9.226  9.205  9.227  9.227  9.223    0.031 0.037 0.027 0.027 0.035  A 129148
   3510.90752  9.267  9.230  9.272  9.267  9.264    0.025 0.032 0.030 0.023 0.028  A 143574
   3530.90434  9.230  9.218  9.216  9.231  9.227    0.035 0.037 0.032 0.032 0.039  A 146456
   3547.88860  9.293  9.258  9.284  9.296  9.289    0.063 0.055 0.050 0.054 0.073  B 148121
   3552.82789  9.261  9.218  9.266  9.263  9.260    0.031 0.049 0.031 0.028 0.034  A 148531
   3555.85209  9.301  9.286  9.303  9.296  9.308    0.061 0.063 0.054 0.057 0.064  D 148996
   3562.83263  9.250  9.245  9.256  9.252  9.254    0.030 0.045 0.029 0.027 0.033  A 149971
   3579.89315  9.277  9.249  9.287  9.282  9.277    0.027 0.045 0.031 0.026 0.029  A 152241
   3599.83949  9.313  9.283  9.310  9.309  9.311    0.031 0.030 0.031 0.027 0.035  A 155305
   3617.72316  9.224  9.194  9.188  9.212  9.224    0.038 0.050 0.041 0.035 0.043  A 157162
   3619.85074  9.249  9.275  9.265  9.252  9.250    0.050 0.059 0.044 0.045 0.056  B 157499
   3632.75905  9.295  9.273  9.301  9.297  9.298    0.035 0.036 0.030 0.030 0.041  A 159139
   3635.63955  9.325  9.269  9.332  9.317  9.320    0.077 0.064 0.068 0.066 0.089  D 159539
   3640.76339  9.307  9.281  9.319  9.309  9.305    0.029 0.039 0.030 0.026 0.032  A 160057
   3643.62060  9.289  9.285  9.285  9.287  9.283    0.025 0.028 0.027 0.022 0.028  A 160449
   3646.66951  9.253  9.238  9.231  9.245  9.251    0.026 0.031 0.031 0.025 0.028  A 160775
   3648.82059  9.242  9.246  9.242  9.244  9.246    0.081 0.076 0.073 0.074 0.089  D 161087
   3651.59947  9.231  9.207  9.240  9.231  9.227    0.027 0.044 0.031 0.025 0.030  A 161432
   3653.63820  9.231  9.224  9.214  9.224  9.231    0.037 0.043 0.031 0.030 0.044  A 161757
   3655.63684  9.253  9.295  9.290  9.268  9.249    0.029 0.045 0.030 0.025 0.032  A 162018
   3657.66580  9.260  9.248  9.254  9.253  9.255    0.031 0.054 0.033 0.027 0.035  A 162328
   3659.70205  9.293  9.301  9.274  9.292  9.289    0.031 0.031 0.029 0.027 0.036  A 162653
   3661.73097  9.317  9.285  9.334  9.322  9.320    0.035 0.042 0.033 0.031 0.040  A 162967
   3663.80953  9.364  9.372  9.365  9.363  9.364    0.040 0.032 0.033 0.033 0.048  A 163270
   3666.62606  9.315  9.317  9.312  9.313  9.313    0.026 0.050 0.030 0.024 0.028  A 163649
   3669.71960  9.243  9.214  9.245  9.239  9.240    0.024 0.035 0.028 0.022 0.026  A 164002
   3672.57497  9.197  9.181  9.188  9.194  9.192    0.026 0.037 0.030 0.024 0.030  A 164378
   3674.68391  9.186  9.175  9.200  9.192  9.186    0.026 0.033 0.025 0.023 0.028  A 164702
   3680.55818  9.278  9.268  9.259  9.273  9.276    0.025 0.032 0.027 0.023 0.028  A 165325
   3701.60749  9.234  9.166  9.231  9.231  9.227    0.047 0.064 0.044 0.042 0.052  B 168166
   3704.59708  9.247  9.267  9.244  9.241  9.237    0.042 0.036 0.034 0.034 0.048  A 168556
   3707.57815  9.214  9.205  9.181  9.207  9.209    0.027 0.047 0.029 0.024 0.029  A 168961
   3711.59305  9.232  9.248  9.237  9.232  9.234    0.030 0.054 0.031 0.027 0.032  A 169248
   3713.59261  9.230  9.189  9.220  9.224  9.227    0.028 0.040 0.028 0.025 0.031  A 169524
   3715.62602 99.999  9.135  9.217 99.999 99.999    0.050 0.082 0.046 0.043 0.056  C 169824
   3718.56497  9.460  9.468  9.476  9.463  9.458    0.040 0.050 0.036 0.036 0.043  A 170176
   3720.64693  9.283  9.283  9.285  9.281  9.289    0.040 0.046 0.035 0.034 0.046  A 170441
   3726.55921  9.248  9.206  9.251  9.251  9.251    0.039 0.051 0.034 0.034 0.044  A 171111
   3728.61667  9.243  9.287  9.252  9.248  9.240    0.050 0.086 0.052 0.046 0.055  B 171405
   3731.63618  9.183  9.200  9.185  9.182  9.182    0.046 0.051 0.041 0.041 0.050  B 171686
   3735.57336  9.242  9.315  9.242  9.242  9.239    0.030 0.066 0.033 0.027 0.033  A 172190
   3738.54252  9.246  9.224  9.242  9.245  9.240    0.027 0.044 0.028 0.024 0.029  A 172597
   3740.59011  9.276  9.276  9.257  9.272  9.278    0.028 0.036 0.028 0.025 0.030  A 172891
   3743.59018  9.281  9.283  9.277  9.277  9.277    0.031 0.033 0.027 0.026 0.034  A 173263
   3746.59414  9.277  9.288  9.293  9.285  9.278    0.047 0.043 0.035 0.038 0.055  B 173668
   3749.58168  9.279  9.294  9.266  9.274  9.276    0.054 0.047 0.040 0.042 0.064  B 174077
   3753.56144  9.198  9.213  9.187  9.190  9.197    0.039 0.041 0.034 0.035 0.045  A 174630
   3756.55388  9.232  9.251  9.244  9.233  9.240    0.045 0.039 0.035 0.038 0.053  B 175035
   3759.54399  9.305  9.304  9.298  9.299  9.298    0.045 0.043 0.034 0.036 0.052  B 175452
   3762.54684  9.332  9.324  9.330  9.329  9.334    0.041 0.042 0.034 0.036 0.048  A 175846
   3765.54021  9.253  9.211  9.243  9.246  9.255    0.036 0.046 0.031 0.032 0.041  A 176262
   3768.53264  9.207  9.198  9.211  9.212  9.205    0.037 0.049 0.031 0.033 0.042  A 176678
   3771.53398  9.214  9.204  9.208  9.209  9.214    0.040 0.038 0.030 0.034 0.047  A 177085
   3853.91192  9.263  9.238  9.249  9.258  9.262    0.031 0.052 0.032 0.029 0.035  A 187883
   3862.91648  9.276  9.272  9.274  9.274  9.274    0.030 0.047 0.030 0.027 0.033  A 189293
   3866.89175  9.282  9.306  9.268  9.274  9.282    0.032 0.058 0.036 0.029 0.035  A 189966
   3869.89468  9.260  9.241  9.270  9.265  9.259    0.051 0.056 0.041 0.042 0.060  B 190454
   3872.88849  9.234  9.195  9.235  9.234  9.227    0.039 0.061 0.039 0.035 0.042  A 191017
   3880.91630  9.267  9.246  9.275  9.269  9.267    0.038 0.038 0.030 0.031 0.043  A 191900
   3891.89693  9.243  9.249  9.233  9.245  9.239    0.029 0.043 0.031 0.026 0.032  A 193441
   3894.89907  9.212  9.209  9.203  9.211  9.213    0.025 0.031 0.030 0.023 0.028  A 193943
   3898.87667  9.243  9.238  9.245  9.244  9.241    0.043 0.079 0.043 0.039 0.047  B 194432
   3901.90154  9.287  9.269  9.270  9.285  9.291    0.036 0.042 0.033 0.030 0.041  A 194936
   3905.84873  9.316  9.239  9.315  9.313  9.311    0.036 0.063 0.036 0.033 0.039  A 195671
   3913.89234  9.175  9.166  9.162  9.173  9.174    0.041 0.071 0.042 0.039 0.044  A 197022
   3981.65084  9.281  9.316  9.334  9.317  9.225    0.027 0.037 0.028 0.024 0.031  A 203348
   4089.59605  9.238  9.242  9.221  9.229  9.240    0.028 0.042 0.028 0.025 0.031  A 209117
   4092.57706  9.242  9.227  9.248  9.244  9.239    0.034 0.043 0.031 0.029 0.038  A 209494
   4107.54374  9.237  9.248  9.226  9.231  9.239    0.024 0.040 0.025 0.021 0.027  A 211068
   4125.53884  9.276  9.271  9.293  9.278  9.275    0.038 0.062 0.059 0.039 0.041  B 211502
   4127.55509  9.267  9.237  9.277  9.268  9.264    0.032 0.042 0.031 0.028 0.035  A 211769
   4131.53307  9.271  9.255  9.278  9.279  9.262    0.035 0.038 0.030 0.030 0.039  A 212281
   4134.53496  9.303  9.301  9.305  9.305  9.300    0.040 0.075 0.038 0.033 0.045  A 212693
   4229.90830  9.331  9.316  9.322  9.327  9.325    0.033 0.049 0.037 0.030 0.037  A 223609
   4232.91114  9.374  9.308  9.372  9.374  9.374    0.044 0.044 0.041 0.040 0.049  A 224126
   4247.89820  9.283  9.251  9.263  9.267  9.283    0.031 0.035 0.033 0.028 0.036  A 226495
   4255.87665  9.304  9.290  9.305  9.297  9.302    0.041 0.036 0.034 0.034 0.047  A 227157
   4268.90155  9.201  9.199  9.214  9.208  9.203    0.048 0.045 0.047 0.044 0.052  B 228073
   4273.83964  9.193  9.199  9.175  9.202  9.200    0.032 0.036 0.036 0.029 0.035  A 228565
   4278.79447  9.277  9.227  9.303  9.279  9.273    0.036 0.040 0.034 0.032 0.042  A 229205
   4284.83136  9.295  9.249  9.313  9.292  9.295    0.031 0.047 0.035 0.028 0.035  A 229871
   4286.85226  9.409  9.310  9.363  9.391  9.431    0.086 0.060 0.064 0.073 0.099  D 230243
   4290.85893  9.276  9.287  9.272  9.287  9.297    0.044 0.054 0.048 0.041 0.042  B 230573
   4293.82588  9.333  9.264  9.317  9.315  9.323    0.049 0.045 0.042 0.043 0.051  B 231120
   4296.81596  9.262  9.255  9.270  9.259  9.259    0.047 0.047 0.042 0.040 0.055  B 231631
   4298.88408  9.265  9.248  9.282  9.274  9.264    0.053 0.045 0.045 0.045 0.062  B 232013
   4300.89040  9.269  9.245  9.276  9.267  9.269    0.047 0.043 0.042 0.042 0.052  B 232369
   4303.77625  9.350  9.321  9.355  9.347  9.338    0.042 0.044 0.043 0.038 0.044  A 232815
   4305.81236  9.318  9.321  9.314  9.320  9.315    0.031 0.039 0.037 0.030 0.033  A 233192
   4307.78587  9.323  9.342  9.303  9.317  9.323    0.033 0.042 0.035 0.031 0.035  A 233528
   4309.79339  9.354  9.369  9.316  9.352  9.358    0.031 0.036 0.032 0.027 0.035  A 233844
   4311.78468  9.393  9.357  9.357  9.365  9.389    0.069 0.048 0.047 0.054 0.076  B 234109
   4314.81393  9.333  9.299  9.347  9.331  9.319    0.030 0.035 0.035 0.029 0.033  A 234438
   4330.70133  9.236  9.225  9.216  9.223  9.234    0.040 0.044 0.042 0.038 0.042  A 235336
   4332.71926  9.197  9.190  9.178  9.196  9.198    0.030 0.032 0.030 0.026 0.032  A 235705
   4334.71015  9.243  9.202  9.255  9.247  9.238    0.044 0.036 0.037 0.040 0.046  A 236059
   4338.68302  9.257  9.283  9.262  9.268  9.260    0.031 0.036 0.036 0.029 0.033  A 236446
   4340.76517  9.293  9.281  9.317  9.297  9.286    0.034 0.036 0.035 0.030 0.039  A 236812
   4342.77275  9.361  9.331  9.285  9.339  9.367    0.083 0.078 0.072 0.076 0.089  D 237147
   4344.77744  9.282  9.274  9.283  9.279  9.281    0.103 0.077 0.083 0.088 0.111  D 237489
   4346.79320  9.299  9.288  9.324  9.304  9.299    0.087 0.080 0.085 0.085 0.089  D 237833
   4348.78011  9.267  9.218  9.300  9.270  9.266    0.054 0.069 0.053 0.050 0.056  B 238183
   4351.66639  9.241  9.228  9.245  9.244  9.242    0.044 0.046 0.039 0.038 0.052  B 238607
   4353.78463  9.261  9.256  9.274  9.268  9.259    0.026 0.032 0.030 0.024 0.029  A 238907
   4355.84603  9.234  9.232  9.212  9.233  9.235    0.028 0.029 0.029 0.024 0.031  A 239244
   4358.65582  9.172  9.163  9.205  9.171  9.168    0.034 0.041 0.039 0.033 0.036  A 239636
   4361.64102  9.237  9.205  9.251  9.227  9.218    0.028 0.038 0.035 0.028 0.029  A 240026
   4363.68231  9.246  9.229  9.254  9.249  9.242    0.030 0.031 0.031 0.026 0.032  A 240354
   4365.67961  9.307  9.266  9.331  9.305  9.295    0.028 0.030 0.029 0.024 0.030  A 240664
   4367.72340  9.337  9.341  9.330  9.332  9.337    0.042 0.043 0.039 0.036 0.049  A 240875
   4369.72226  9.369  9.340  9.383  9.364  9.345    0.040 0.039 0.038 0.035 0.045  A 241172
   4371.74551  9.309  9.307  9.317  9.311  9.305    0.038 0.049 0.036 0.032 0.044  A 241509
   4373.75812  9.283  9.289  9.274  9.280  9.284    0.037 0.061 0.038 0.033 0.042  A 241807
   4376.74774  9.241  9.219  9.229  9.238  9.243    0.037 0.039 0.034 0.031 0.043  A 242161
   4379.60007  9.245  9.227  9.241  9.245  9.246    0.029 0.032 0.029 0.025 0.031  A 242561
   4381.66077  9.236  9.248  9.224  9.231  9.238    0.038 0.036 0.035 0.034 0.043  A 242881
   4385.70092  9.345  9.330  9.393  9.352  9.334    0.027 0.039 0.034 0.025 0.028  A 243514
   4387.72962  9.311  9.308  9.294  9.303  9.314    0.038 0.043 0.040 0.035 0.042  A 243840
   4389.70832  9.288  9.269  9.267  9.275  9.287    0.042 0.040 0.039 0.036 0.048  A 244132
   4393.65704  9.280  9.260  9.311  9.286  9.279    0.058 0.069 0.051 0.050 0.067  B 244655
   4399.75180  9.326  9.341  9.316  9.327  9.323    0.043 0.040 0.035 0.035 0.052  B 244871
   4402.78872  9.360  9.306  9.372  9.356  9.349    0.039 0.058 0.038 0.034 0.045  A 245164
   4406.66635  9.343  9.334  9.345  9.340  9.340    0.041 0.053 0.041 0.037 0.045  A 245442
   4408.69686  9.307  9.333  9.296  9.304  9.309    0.032 0.053 0.035 0.028 0.036  A 245750
   4411.65720  9.258  9.231  9.254  9.255  9.257    0.040 0.072 0.041 0.038 0.043  A 246103
   4420.67929  9.248  9.269  9.240  9.245  9.251    0.051 0.058 0.043 0.044 0.056  B 246474
   4422.70977  9.768  9.999  9.929  9.831  9.753    0.028 0.033 0.026 0.025 0.032  A 246680
   4426.64960  9.294  9.286  9.301  9.290  9.296    0.045 0.049 0.038 0.037 0.052  B 246952
   4428.69839  9.315  9.327  9.293  9.308  9.312    0.043 0.045 0.034 0.035 0.050  A 247190
   4431.59452  9.322  9.304  9.289  9.317  9.322    0.034 0.041 0.034 0.030 0.038  A 247518
   4433.67316  9.319  9.328  9.318  9.320  9.314    0.038 0.038 0.032 0.032 0.045  A 247806
   4436.60855  9.283  9.267  9.296  9.287  9.280    0.050 0.085 0.055 0.049 0.052  B 248147
   4438.67329  9.248  9.259  9.253  9.249  9.246    0.041 0.043 0.036 0.036 0.045  A 248418
   4441.60399  9.225  9.233  9.216  9.224  9.223    0.050 0.096 0.067 0.047 0.040  D 248770
   4444.60978  9.219  9.214  9.209  9.213  9.220    0.036 0.036 0.036 0.033 0.038  A 249077
   4452.61474  9.257  9.232  9.262  9.252  9.254    0.028 0.038 0.028 0.026 0.031  A 250011
   4455.59782  9.264  9.279  9.249  9.263  9.262    0.039 0.038 0.032 0.033 0.045  A 250327
   4458.57819  9.266  9.282  9.263  9.259  9.269    0.039 0.041 0.033 0.033 0.046  A 250678
   4461.57735  9.303  9.311  9.286  9.300  9.301    0.038 0.051 0.047 0.045 0.033  B 251013
   4464.57377  9.313  9.320  9.302  9.310  9.307    0.032 0.037 0.033 0.030 0.035  A 251396
   4467.56419  9.358  9.284  9.341  9.355  9.352    0.043 0.048 0.037 0.039 0.046  A 251731
   4470.56602  9.278  9.269  9.278  9.273  9.277    0.034 0.041 0.033 0.031 0.038  A 252076
   4474.57368  9.281  9.291  9.273  9.279  9.282    0.035 0.037 0.029 0.029 0.039  A 252455
   4477.55253  9.307  9.305  9.268  9.301  9.306    0.031 0.040 0.030 0.027 0.036  A 252750
   4480.54852  9.272  9.291  9.265  9.273  9.276    0.094 0.075 0.082 0.086 0.099  D 253107
   4483.56457  9.266  9.280  9.264  9.265  9.261    0.093 0.084 0.086 0.089 0.096  D 253434
   4486.57740  9.285  9.293  9.272  9.288  9.286    0.044 0.043 0.035 0.036 0.051  A 253689
   4489.55975  9.297  9.316  9.275  9.295  9.300    0.036 0.042 0.033 0.031 0.042  A 254036
   4492.55491  9.308  9.340  9.287  9.299  9.307    0.035 0.038 0.032 0.030 0.041  A 254372
   4499.53330  9.216  9.159  9.225  9.216  9.209    0.036 0.047 0.033 0.033 0.040  A 254993
#ndata= 17
#dataset= 3 ; 1 F0048-56_061
#desig= 001027-5635.1
#cra=    0.174220  00:10:27.2
#cdec= -56.584977 -56:35:05.9
#class= 0
#cmag_0=  9.306
#cmer_0=  0.031
#nskip_0= 2
#cmag_1=  9.290
#cmer_1=  0.040
#nskip_1= 0
#cmag_2=  9.280
#cmer_2=  0.028
#nskip_2= 3
#cmag_3=  9.264
#cmer_3=  0.027
#nskip_3= 3
#cmag_4=  9.266
#cmer_4=  0.035
#nskip_4= 0
#ra=    0.174220  00:10:27.2
#dec= -56.584977 -56:35:05.9
#     HJD      MAG_3  MAG_0  MAG_1  MAG_2  MAG_4    MER_3 MER_0 MER_1 MER_2 MER_4 GRADE FRAME
   2143.74250  9.246  9.290  9.259  9.259  9.241    0.030 0.062 0.035 0.029 0.032  A 30845
   2452.81748  9.261  9.293  9.241  9.281  9.250    0.030 0.035 0.035 0.028 0.031  A 9527
   2453.77494  9.248  9.276  9.266  9.266  9.236    0.029 0.032 0.032 0.026 0.029  A 9692
   2465.85301  9.261  9.307  9.278  9.279  9.248    0.038 0.040 0.040 0.035 0.034  A 11153
   2468.90224  9.310  9.333  9.325  9.324  9.302    0.029 0.030 0.032 0.026 0.028  A 11828
   2470.80359  9.311  9.353  9.335  9.328  9.289    0.030 0.032 0.033 0.026 0.028  A 12068
   2473.86000  9.246  9.317  9.258  9.266  9.239    0.042 0.039 0.039 0.034 0.037  A 12780
   2481.82003  9.256  9.329  9.266  9.296  9.260    0.051 0.054 0.049 0.044 0.050  B 13028
   2486.78673  9.329  9.398  9.370  9.358  9.316    0.042 0.047 0.042 0.037 0.044  A 13388
   2490.78551  9.343  9.362  9.351  9.353  9.334    0.040 0.039 0.039 0.033 0.037  A 14130
   2500.73530  9.275  9.288  9.297  9.293  9.260    0.030 0.033 0.036 0.028 0.026  A 15903
   2783.87868  9.292  9.333  9.315  9.309  9.279    0.026 0.036 0.027 0.025 0.029  A 56033
   2886.81390  9.265  9.294  9.278  9.271  9.261    0.031 0.028 0.035 0.032 0.031  A 70312
   2894.66989  9.219  9.226  9.247  9.239  9.203    0.034 0.035 0.035 0.033 0.037  A 71091
   2947.80931  9.324  9.337  9.338  9.335  9.315    0.033 0.041 0.032 0.031 0.037  A 79078
   2976.63962  9.254  9.306  9.267  9.265  9.243    0.029 0.029 0.027 0.026 0.032  A 82853
   3366.63150  9.248  9.296  9.256  9.257  9.238    0.038 0.045 0.032 0.032 0.045  A 125169
#ndata= 2
#dataset= 4 ; 1 F2312-56_089
#desig= 001027-5635.0
#cra=    0.174152  00:10:26.9
#cdec= -56.583452 -56:35:00.4
#class= 0
#cmag_0=  9.283
#cmer_0=  0.051
#nskip_0= 0
#cmag_1=  9.274
#cmer_1=  0.050
#nskip_1= 0
#cmag_2=  9.262
#cmer_2=  0.024
#nskip_2= 0
#cmag_3=  9.255
#cmer_3=  0.031
#nskip_3= 0
#cmag_4=  9.259
#cmer_4=  0.035
#nskip_4= 0
#ra=    0.174152  00:10:26.9
#dec= -56.583452 -56:35:00.4
#     HJD      MAG_3  MAG_0  MAG_1  MAG_2  MAG_4    MER_3 MER_0 MER_1 MER_2 MER_4 GRADE FRAME
   2500.70170  9.233  9.247  9.239  9.245  9.234    0.034 0.040 0.039 0.031 0.033  A 15888
   2521.80698  9.278  9.321  9.309  9.279  9.286    0.030 0.038 0.038 0.028 0.032  A 18468
