#ndata= 1
#dataset= 1 ; 1 F0000-64_036
#desig= 001202-5440.0
#cra=    0.200514  00:12:01.9
#cdec= -54.666104 -54:39:58.0
#class= 0
#cmag_0= 12.479
#cmer_0=  0.000
#nskip_0= 0
#cmag_1= 12.397
#cmer_1=  0.000
#nskip_1= 0
#cmag_2= 12.384
#cmer_2=  0.000
#nskip_2= 0
#cmag_3= 12.447
#cmer_3=  0.000
#nskip_3= 0
#cmag_4= 12.514
#cmer_4=  0.000
#nskip_4= 0
#ra=    0.200514  00:12:01.9
#dec= -54.666104 -54:39:58.0
#     HJD      MAG_0  MAG_1  MAG_2  MAG_3  MAG_4    MER_0 MER_1 MER_2 MER_3 MER_4 GRADE FRAME
   3382.56257 12.480 12.397 12.384 12.447 12.514    0.077 0.069 0.074 0.077 0.081  D 125602
#ndata= 398
#dataset= 2 ; 1 F0000-56_060
#desig= 001202-5439.9
#cra=    0.200440  00:12:01.6
#cdec= -54.665771 -54:39:56.8
#class= 0
#cmag_0= 12.262
#cmer_0=  0.276
#nskip_0= 0
#cmag_1= 12.269
#cmer_1=  0.274
#nskip_1= 0
#cmag_2= 12.271
#cmer_2=  0.273
#nskip_2= 0
#cmag_3= 12.273
#cmer_3=  0.275
#nskip_3= 0
#cmag_4= 12.276
#cmer_4=  0.278
#nskip_4= 0
#ra=    0.200440  00:12:01.6
#dec= -54.665771 -54:39:56.8
#     HJD      MAG_0  MAG_1  MAG_2  MAG_3  MAG_4    MER_0 MER_1 MER_2 MER_3 MER_4 GRADE FRAME
   1869.52631 12.288 12.258 12.255 12.245 12.241    0.052 0.025 0.023 0.026 0.029  A 195
   1871.60178 12.155 12.247 12.262 12.273 12.292    0.068 0.027 0.023 0.025 0.028  A 505
   1873.58556 12.155 12.189 12.199 12.206 12.231    0.072 0.033 0.028 0.031 0.032  A 821
   1875.56877 12.236 12.287 12.288 12.268 12.257    0.058 0.024 0.021 0.024 0.026  A 1136
   1877.58089 12.297 12.329 12.327 12.313 12.275    0.055 0.027 0.023 0.026 0.028  A 1463
   1879.56168 12.229 12.274 12.264 12.254 12.233    0.047 0.024 0.022 0.024 0.026  A 1768
   1885.54125 12.290 12.295 12.287 12.280 12.276    0.048 0.025 0.024 0.025 0.030  A 2383
   1887.56869 12.266 12.323 12.345 12.343 12.322    0.055 0.028 0.025 0.028 0.031  A 2714
   1889.58266 12.322 12.314 12.358 12.365 12.371    0.056 0.031 0.026 0.031 0.036  A 3040
   1900.59951 12.440 12.417 12.451 12.473 12.519    0.044 0.027 0.022 0.025 0.027  A 3337
   1904.53037 12.425 12.376 12.365 12.373 12.374    0.044 0.025 0.022 0.025 0.028  A 3783
   1914.59501 12.557 12.483 12.443 12.425 12.432    0.059 0.033 0.027 0.029 0.032  A 4752
   1920.54565 12.556 12.550 12.543 12.560 12.543    0.040 0.027 0.023 0.024 0.027  A 5424
   1923.55651 12.537 12.531 12.558 12.549 12.512    0.042 0.031 0.024 0.026 0.029  A 5904
   1928.52702 12.451 12.489 12.456 12.442 12.450    0.043 0.031 0.026 0.030 0.033  A 6731
   1932.53276 12.451 12.540 12.570 12.596 12.624    0.040 0.031 0.025 0.027 0.031  A 7383
   2033.89423 12.660 12.626 12.647 12.649 12.645    0.039 0.027 0.023 0.024 0.028  A 18560
   2039.93785 12.603 12.526 12.532 12.590 12.655    0.067 0.035 0.034 0.039 0.046  A 19366
   2052.90546 12.617 12.641 12.658 12.670 12.669    0.066 0.033 0.030 0.031 0.033  A 19934
   2054.86437 12.654 12.686 12.697 12.673 12.669    0.076 0.036 0.031 0.033 0.037  A 20347
   2056.84916 12.556 12.588 12.568 12.523 12.544    0.068 0.030 0.026 0.029 0.032  A 20790
   2058.85485 13.089 13.012 12.926 12.890 12.845    0.044 0.027 0.024 0.027 0.030  A 21243
   2064.91972 12.441 12.362 12.353 12.352 12.387    0.073 0.034 0.028 0.031 0.033  A 21669
   2067.82065 12.304 12.213 12.179 12.186 12.234    0.066 0.032 0.028 0.033 0.036  A 21929
   2068.81731 12.066 12.105 12.143 12.196 12.192    0.080 0.046 0.046 0.052 0.059  B 22153
   2069.81751 12.205 12.151 12.144 12.123 12.106    0.068 0.031 0.028 0.032 0.035  A 22376
   2080.81773 11.822 11.896 11.897 11.897 11.906    0.063 0.031 0.026 0.028 0.031  A 22976
   2082.87388 11.865 11.882 11.883 11.878 11.859    0.061 0.032 0.026 0.029 0.031  A 23466
   2085.86567 11.894 11.925 11.893 11.872 11.861    0.048 0.030 0.024 0.026 0.029  A 23917
   2087.80395 11.922 11.959 11.952 11.958 11.988    0.070 0.038 0.036 0.041 0.047  A 24335
   2088.84198 11.961 11.943 11.947 11.925 11.928    0.068 0.030 0.026 0.027 0.030  A 24580
   2093.77354 11.914 11.939 11.946 11.949 11.987    0.072 0.032 0.029 0.031 0.035  A 24771
   2094.78821 12.161 12.106 12.069 12.104 12.076    0.077 0.047 0.049 0.058 0.064  B 25064
   2095.78218 11.959 11.976 11.956 11.942 11.960    0.074 0.038 0.037 0.042 0.048  A 25288
   2096.75360 11.937 11.979 11.993 12.013 12.011    0.067 0.040 0.038 0.043 0.048  A 25501
   2103.71699 12.017 12.050 12.049 12.060 12.066    0.066 0.039 0.030 0.029 0.031  A 25845
   2104.80491 12.045 12.028 12.025 12.033 12.032    0.063 0.033 0.027 0.028 0.031  A 26082
   2105.80411 12.037 12.063 12.074 12.075 12.085    0.063 0.031 0.026 0.027 0.030  A 26302
   2106.81844 12.041 12.063 12.091 12.117 12.125    0.059 0.030 0.024 0.026 0.028  A 26511
   2114.82692 12.110 12.144 12.161 12.166 12.152    0.048 0.034 0.030 0.031 0.033  A 26742
   2115.85753 12.143 12.129 12.134 12.134 12.119    0.033 0.030 0.025 0.025 0.027  A 26960
   2116.77647 12.204 12.217 12.237 12.271 12.289    0.049 0.032 0.026 0.028 0.030  A 27147
   2117.77290 12.310 12.287 12.279 12.286 12.317    0.060 0.034 0.027 0.029 0.031  A 27364
   2124.70356 12.154 12.218 12.282 12.339 12.301    0.077 0.051 0.055 0.064 0.071  B 27680
   2128.70657 12.492 12.516 12.560 12.623 12.658    0.058 0.032 0.028 0.031 0.033  A 27969
   2129.71927 12.554 12.518 12.507 12.499 12.500    0.069 0.033 0.027 0.029 0.032  A 28189
   2130.73210 12.485 12.503 12.500 12.487 12.477    0.063 0.032 0.027 0.030 0.032  A 28411
   2131.73805 12.580 12.625 12.635 12.651 12.691    0.061 0.030 0.025 0.028 0.031  A 28613
   2132.74962 12.714 12.666 12.672 12.688 12.670    0.069 0.033 0.026 0.028 0.031  A 28830
   2133.73595 12.608 12.645 12.631 12.621 12.615    0.041 0.028 0.023 0.025 0.029  A 29040
   2134.74053 12.654 12.658 12.658 12.659 12.615    0.056 0.033 0.027 0.028 0.030  A 29256
   2135.74132 12.815 12.750 12.740 12.736 12.707    0.065 0.035 0.031 0.035 0.039  A 29471
   2136.72584 12.711 12.701 12.712 12.724 12.717    0.052 0.029 0.023 0.026 0.028  A 29678
   2141.72233 13.008 12.943 12.924 12.911 12.915    0.062 0.034 0.027 0.029 0.032  A 30431
   2144.70930 12.865 12.917 12.910 12.869 12.844    0.062 0.032 0.028 0.029 0.032  A 31035
   2145.71172 12.833 12.874 12.950 13.041 13.123    0.054 0.032 0.026 0.027 0.031  A 31240
   2164.67608 12.684 12.712 12.717 12.728 12.685    0.047 0.035 0.027 0.028 0.031  A 31924
   2167.65328 12.584 12.590 12.540 12.501 12.529    0.050 0.032 0.026 0.029 0.031  A 32104
   2168.67414 12.568 12.597 12.635 12.634 12.617    0.048 0.031 0.024 0.026 0.030  A 32281
   2169.67212 12.478 12.554 12.556 12.552 12.510    0.043 0.032 0.025 0.027 0.029  A 32433
   2171.64969 12.424 12.467 12.445 12.436 12.492    0.050 0.037 0.028 0.029 0.032  A 32607
   2172.66271 12.353 12.405 12.487 12.585 12.622    0.050 0.037 0.029 0.030 0.033  A 32802
   2173.64648 12.358 12.368 12.378 12.368 12.357    0.049 0.034 0.028 0.029 0.032  A 32983
   2174.64710 12.395 12.423 12.345 12.365 12.411    0.053 0.042 0.040 0.046 0.051  B 33157
   2175.64302 12.249 12.275 12.285 12.309 12.310    0.052 0.039 0.031 0.032 0.035  A 33300
   2177.61461 12.158 12.140 12.135 12.077 12.071    0.053 0.041 0.035 0.038 0.041  A 33416
   2178.62614 12.121 12.182 12.170 12.161 12.164    0.044 0.036 0.027 0.028 0.030  A 33596
   2183.61525 11.825 11.850 11.890 11.896 11.867    0.050 0.038 0.030 0.032 0.035  A 33878
   2184.61924 11.842 11.907 11.942 11.998 12.008    0.044 0.037 0.029 0.031 0.034  A 34072
   2185.63003 11.933 11.954 11.971 12.007 12.049    0.045 0.037 0.030 0.033 0.035  A 34263
   2186.66501 11.893 11.875 11.861 11.868 11.857    0.042 0.037 0.030 0.031 0.033  A 34393
   2188.64980 11.784 11.810 11.816 11.833 11.841    0.045 0.039 0.031 0.033 0.031  A 34697
   2190.58017 11.869 11.931 11.950 11.962 11.899    0.046 0.036 0.027 0.027 0.029  A 34914
   2191.62072 11.913 11.889 11.878 11.871 11.851    0.042 0.033 0.026 0.028 0.030  A 35107
   2192.61317 11.960 11.988 11.991 12.001 11.999    0.039 0.031 0.023 0.026 0.028  A 35278
   2193.61877 11.870 11.870 11.904 11.908 11.917    0.048 0.038 0.030 0.030 0.031  A 35463
   2194.61656 11.871 11.910 11.944 11.984 11.957    0.044 0.035 0.027 0.029 0.030  A 35641
   2195.60514 11.904 11.917 11.903 11.912 11.897    0.045 0.036 0.027 0.029 0.031  A 35813
   2196.61093 11.904 11.858 11.851 11.837 11.815    0.044 0.035 0.027 0.030 0.032  A 35948
   2198.61179 11.898 11.915 11.923 11.950 11.973    0.039 0.034 0.025 0.026 0.029  A 36304
   2199.60111 11.946 11.953 11.928 11.924 11.912    0.044 0.038 0.029 0.030 0.030  A 36479
   2201.59435 11.892 11.913 11.969 11.984 12.036    0.045 0.038 0.029 0.030 0.031  A 36725
   2202.59504 11.843 11.856 11.907 11.923 11.950    0.039 0.034 0.027 0.029 0.030  A 36893
   2203.58472 11.921 11.946 11.981 12.002 11.981    0.042 0.037 0.028 0.030 0.031  A 37062
   2204.58264 11.770 11.788 11.813 11.816 11.813    0.046 0.041 0.033 0.035 0.037  A 37188
   2206.57677 11.919 11.940 11.950 11.944 11.922    0.044 0.038 0.029 0.029 0.032  A 37461
   2207.57780 29.999 29.999 29.999 29.999 29.999    0.071 0.063 0.065 0.078 0.090  D 37634
   2211.55798 11.954 11.968 11.984 11.952 11.976    0.048 0.044 0.034 0.038 0.035  A 37818
   2213.55290 12.020 12.044 12.041 12.022 12.006    0.039 0.038 0.030 0.031 0.034  A 38052
   2214.57929 11.937 11.991 11.998 11.988 11.965    0.040 0.037 0.030 0.035 0.034  A 38211
   2215.58363 29.999 29.999 29.999 29.999 29.999    0.038 0.039 0.031 0.039 0.034  C 38380
   2216.58166 29.999 29.999 29.999 29.999 29.999    0.049 0.037 0.031 0.036 0.034  C 38549
   2217.58133 11.956 11.980 12.014 12.033 12.058    0.043 0.039 0.031 0.035 0.033  A 38716
   2221.54154 12.181 12.215 12.200 12.224 12.170    0.041 0.036 0.028 0.032 0.032  A 38989
   2222.57809 12.194 12.246 12.276 12.293 12.289    0.043 0.037 0.030 0.035 0.032  A 39160
   2224.56636 29.999 29.999 29.999 29.999 29.999    0.047 0.041 0.033 0.038 0.036  C 39316
   2226.54869 12.120 12.164 12.158 12.161 12.118    0.043 0.038 0.031 0.038 0.034  A 39626
   2228.54101 29.999 29.999 29.999 29.999 29.999    0.041 0.036 0.031 0.035 0.033  C 39938
   2230.53947 12.441 12.459 12.445 12.438 12.436    0.043 0.036 0.029 0.036 0.034  A 40265
   2233.53688 12.366 12.430 12.415 12.390 12.459    0.042 0.039 0.032 0.038 0.036  A 40592
   2235.52837 12.468 12.538 12.478 12.452 12.413    0.044 0.038 0.030 0.033 0.031  A 40898
   2237.53151 12.343 12.404 12.455 12.514 12.527    0.049 0.042 0.035 0.042 0.038  A 41219
   2240.53405 12.540 12.475 12.536 12.581 12.713    0.047 0.043 0.035 0.039 0.035  A 41537
   2242.55960 12.535 12.490 12.499 12.557 12.579    0.048 0.044 0.037 0.043 0.041  A 41867
   2244.59630 29.999 29.999 29.999 29.999 29.999    0.055 0.049 0.042 0.047 0.045  C 42162
   2248.54665 29.999 29.999 29.999 29.999 29.999    0.052 0.045 0.037 0.043 0.042  C 42459
   2250.59412 12.750 12.782 12.799 12.849 12.836    0.052 0.044 0.036 0.041 0.037  A 42837
   2252.58324 29.999 29.999 29.999 29.999 29.999    0.050 0.042 0.036 0.041 0.038  C 43156
   2254.58385 12.453 12.547 12.620 12.697 12.708    0.056 0.048 0.038 0.045 0.042  B 43448
   2256.58502 29.999 29.999 29.999 29.999 29.999    0.053 0.047 0.039 0.045 0.044  C 43765
   2263.57844 29.999 29.999 29.999 29.999 29.999    0.076 0.062 0.050 0.057 0.059  D 44682
   2265.56951 29.999 29.999 29.999 29.999 29.999    0.079 0.060 0.048 0.057 0.058  C 44949
   2271.54783 29.999 29.999 29.999 29.999 29.999    0.075 0.062 0.053 0.063 0.065  D 45527
   2440.79475 12.219 12.234 12.239 12.246 12.252    0.032 0.031 0.021 0.022 0.023  A 8128
   2442.81475 12.300 12.247 12.311 12.358 12.314    0.049 0.050 0.046 0.052 0.055  B 8563
   2444.80707 12.311 12.317 12.312 12.332 12.344    0.026 0.031 0.023 0.024 0.022  A 8952
   2445.89221 12.231 12.235 12.239 12.256 12.269    0.025 0.028 0.022 0.025 0.025  A 9206
   2465.81031 12.481 12.528 99.999 99.999 99.999    0.030 0.034 0.027 0.032 0.027  C 11134
   2466.80399 12.483 12.508 12.521 12.561 12.585    0.029 0.031 0.023 0.025 0.024  A 11350
   2467.81005 12.527 12.554 12.542 12.567 12.584    0.026 0.029 0.022 0.024 0.024  A 11571
   2471.86102 12.511 12.514 12.565 12.552 12.583    0.037 0.040 0.035 0.042 0.034  A 12572
   2482.71088 12.646 12.710 12.765 12.800 12.776    0.046 0.042 0.037 0.044 0.037  A 13187
   2489.73864 12.527 12.563 12.574 12.529 12.538    0.035 0.035 0.030 0.033 0.033  A 13891
   2493.77033 12.601 12.586 12.636 12.673 12.717    0.051 0.047 0.041 0.046 0.040  B 14531
   2494.74389 29.999 29.999 29.999 29.999 29.999    0.083 0.074 0.068 0.073 0.072  D 14708
   2495.80245 12.635 12.661 12.688 12.704 12.715    0.043 0.042 0.037 0.044 0.034  A 14872
   2498.73137 12.556 12.573 12.567 12.597 12.637    0.038 0.039 0.032 0.035 0.030  A 15477
   2500.70170 12.599 12.591 12.608 12.612 12.655    0.032 0.033 0.028 0.031 0.028  A 15888
   2500.73530 12.436 12.479 12.509 12.542 12.541    0.040 0.038 0.030 0.033 0.029  A 15903
   2501.74229 12.470 12.450 12.511 12.595 12.662    0.030 0.031 0.026 0.029 0.023  A 16054
   2502.73329 12.418 12.433 12.482 12.476 12.468    0.044 0.041 0.036 0.043 0.036  A 16262
   2503.73577 29.999 29.999 29.999 29.999 29.999    0.083 0.073 0.065 0.071 0.068  D 16467
   2519.77468 11.909 11.905 11.917 11.920 11.920    0.034 0.034 0.022 0.022 0.019  A 18056
   2521.80698 11.880 11.849 11.859 11.876 11.888    0.030 0.031 0.023 0.024 0.023  A 18468
   2526.67082 11.910 11.921 11.923 11.918 11.893    0.040 0.031 0.025 0.025 0.026  A 18856
   2538.87501 29.999 29.999 29.999 29.999 29.999    0.081 0.062 0.057 0.068 0.067  D 19433
   2540.60834 12.062 12.063 12.084 12.082 12.076    0.037 0.035 0.026 0.027 0.027  A 19699
   2544.69590 12.080 12.152 12.173 12.168 12.155    0.031 0.036 0.032 0.029 0.028  A 20007
   2545.73012 12.125 12.116 12.106 12.096 12.118    0.031 0.030 0.023 0.021 0.022  A 20211
   2553.57968 12.190 12.222 12.184 12.179 12.186    0.036 0.038 0.030 0.030 0.028  A 21301
   2554.67224 29.999 29.999 29.999 29.999 29.999    0.055 0.047 0.040 0.045 0.048  C 21523
   2558.65031 12.223 12.262 12.249 12.246 12.246    0.028 0.028 0.019 0.020 0.020  A 22052
   2559.64865 12.229 12.278 12.261 12.258 12.270    0.034 0.032 0.021 0.021 0.022  A 22232
   2560.64706 12.288 12.315 12.327 12.358 12.389    0.027 0.022 0.021 0.023 0.026  A 22410
   2561.64067 12.260 12.306 12.320 12.317 12.317    0.056 0.026 0.022 0.025 0.026  A 22555
   2562.64169 12.309 12.265 12.280 12.298 12.301    0.031 0.025 0.020 0.022 0.024  A 22736
   2563.65796 12.360 12.439 12.437 12.446 12.462    0.036 0.031 0.022 0.022 0.024  A 22922
   2578.64013 12.672 12.651 12.624 12.575 12.557    0.031 0.033 0.024 0.024 0.023  A 24947
   2621.58961 12.035 11.977 11.951 11.949 11.973    0.030 0.030 0.028 0.026 0.026  A 29780
   2622.66626 11.932 11.957 11.984 12.002 11.999    0.039 0.026 0.024 0.027 0.030  A 29980
   2625.58897 11.911 11.857 11.811 11.780 11.789    0.045 0.029 0.024 0.027 0.030  A 30394
   2628.59324 11.878 11.890 11.897 11.901 11.881    0.055 0.031 0.030 0.034 0.037  A 30703
   2637.62655 11.944 11.913 11.923 11.924 11.925    0.028 0.023 0.019 0.021 0.023  A 32515
   2639.62429 11.955 11.940 11.940 11.935 11.938    0.030 0.023 0.020 0.022 0.024  A 32822
   2642.53537 11.902 11.934 11.932 11.945 11.953    0.030 0.027 0.023 0.024 0.024  A 33224
   2644.54271 12.013 11.968 11.974 11.987 11.991    0.039 0.025 0.024 0.027 0.029  A 33532
   2649.55611 11.967 11.920 11.922 11.931 11.934    0.032 0.025 0.021 0.023 0.025  A 34093
   2651.56598 11.963 12.005 12.012 12.010 12.036    0.038 0.027 0.024 0.027 0.030  A 34407
   2653.58191 11.955 11.965 11.965 11.959 11.964    0.031 0.025 0.023 0.025 0.028  A 34721
   2657.54511 12.047 12.026 12.014 12.019 12.005    0.039 0.028 0.025 0.030 0.035  A 35388
   2659.56320 12.085 12.081 12.071 12.050 12.069    0.028 0.024 0.023 0.026 0.030  A 35738
   2661.56011 12.075 12.096 12.089 12.073 12.085    0.037 0.026 0.023 0.026 0.029  A 36079
   2663.55895 12.196 12.160 12.145 12.125 12.112    0.034 0.028 0.027 0.029 0.030  A 36417
   2666.53053 12.254 12.267 12.257 12.265 12.271    0.030 0.031 0.030 0.035 0.039  A 36907
   2668.54081 12.233 12.193 12.191 12.198 12.219    0.035 0.031 0.030 0.034 0.039  A 37234
   2670.54115 12.289 12.341 12.310 12.297 12.291    0.032 0.026 0.023 0.026 0.027  A 37550
   2672.54417 12.352 12.319 12.304 12.322 12.336    0.025 0.024 0.022 0.024 0.027  A 37886
   2675.52380 12.486 12.484 12.478 12.461 12.455    0.030 0.028 0.027 0.031 0.034  A 38410
   2677.52725 12.556 12.546 12.548 12.534 12.489    0.032 0.028 0.025 0.028 0.031  A 38758
   2783.87868 12.380 12.386 12.381 12.384 12.396    0.033 0.025 0.023 0.025 0.028  A 56033
   2785.91441 12.395 12.413 12.480 12.533 12.532    0.045 0.042 0.042 0.045 0.047  A 56467
   2832.79336 12.494 12.532 12.562 12.593 12.585    0.028 0.034 0.033 0.035 0.034  A 63022
   2839.87150 12.186 12.236 12.193 12.174 12.160    0.067 0.071 0.072 0.079 0.086  D 64206
   2844.83070 12.065 12.041 12.040 12.035 12.059    0.023 0.027 0.021 0.024 0.024  A 65083
   2856.80082 11.802 11.772 11.795 11.796 11.790    0.028 0.032 0.026 0.028 0.030  A 66124
   2861.82122 11.804 11.785 11.809 11.838 11.847    0.031 0.042 0.039 0.044 0.043  A 67038
   2866.80508 11.914 11.916 11.895 11.885 11.881    0.030 0.035 0.034 0.037 0.039  A 67628
   2875.80552 11.982 12.017 12.000 12.013 12.006    0.027 0.031 0.025 0.025 0.024  A 68622
   2883.74966 12.212 12.134 12.165 12.158 12.147    0.032 0.028 0.021 0.024 0.023  A 69667
   2895.78837 12.454 12.430 12.429 12.414 12.400    0.029 0.032 0.029 0.029 0.029  A 71334
   2897.80462 12.450 12.467 12.454 12.442 12.471    0.023 0.025 0.021 0.023 0.026  A 71740
   2899.76699 12.572 12.580 12.552 12.517 12.563    0.034 0.030 0.027 0.027 0.026  A 72087
   2902.73578 12.642 12.578 12.567 12.573 12.527    0.025 0.028 0.026 0.026 0.027  A 72554
   2907.80798 12.741 12.690 12.678 12.680 12.692    0.047 0.042 0.044 0.052 0.058  B 73306
   2912.65114 12.902 12.902 12.889 12.860 12.819    0.030 0.023 0.020 0.022 0.024  A 74106
   2915.62598 12.854 12.824 12.816 12.797 12.801    0.026 0.035 0.026 0.029 0.027  A 74379
   2916.71772 12.943 12.915 12.865 12.784 12.787    0.026 0.028 0.023 0.025 0.026  A 74611
   2918.66788 12.864 12.828 12.818 12.796 12.731    0.027 0.027 0.024 0.027 0.030  A 74903
   2921.70865 12.820 12.829 12.764 12.705 12.704    0.028 0.029 0.029 0.035 0.040  A 75111
   2923.69777 12.815 12.776 12.768 12.776 12.788    0.031 0.033 0.032 0.032 0.034  A 75482
   2926.70136 12.733 12.735 12.706 12.672 12.652    0.023 0.025 0.022 0.023 0.026  A 75843
   2928.69830 12.913 12.925 12.913 12.906 12.950    0.034 0.037 0.034 0.036 0.040  A 76215
   2930.68219 12.715 12.745 12.746 12.732 12.704    0.027 0.028 0.024 0.023 0.025  A 76558
   2932.67262 12.657 12.620 12.599 12.567 12.579    0.029 0.031 0.028 0.030 0.033  A 76909
   2934.66719 12.571 12.587 12.558 12.527 12.487    0.032 0.040 0.030 0.027 0.029  A 77261
   2936.66947 12.613 12.561 12.532 12.551 12.512    0.045 0.044 0.049 0.058 0.068  B 77613
   2939.70082 12.630 12.619 12.611 12.613 12.610    0.030 0.024 0.021 0.023 0.026  A 77842
   2942.74754 12.560 12.548 12.548 12.541 12.531    0.033 0.031 0.024 0.025 0.028  A 78248
   2944.59018 12.558 12.572 12.545 12.558 12.570    0.026 0.028 0.023 0.025 0.027  A 78506
   2945.63212 12.483 12.510 12.508 12.511 12.469    0.041 0.044 0.038 0.042 0.046  A 78702
   2947.63314 12.480 12.510 12.546 12.589 12.650    0.048 0.045 0.031 0.031 0.034  A 79005
   2949.66180 12.457 12.477 12.504 12.518 12.550    0.029 0.026 0.024 0.027 0.031  A 79292
   2951.67386 12.443 12.485 12.474 12.485 12.519    0.026 0.026 0.026 0.030 0.034  A 79577
   2953.69047 12.264 12.254 12.279 12.270 12.240    0.034 0.035 0.037 0.044 0.052  B 79852
   2955.69448 12.253 12.205 12.219 12.228 12.240    0.025 0.026 0.024 0.027 0.029  A 80109
   2957.68821 12.147 12.136 12.098 12.069 12.059    0.023 0.025 0.023 0.028 0.031  A 80397
   2961.74046 12.006 11.994 11.992 11.987 11.992    0.035 0.031 0.030 0.032 0.035  A 80960
   2963.71384 11.952 11.923 11.914 11.904 11.889    0.031 0.029 0.026 0.029 0.033  A 81230
   2966.55106 11.957 11.969 11.961 11.992 11.997    0.026 0.025 0.021 0.023 0.025  A 81596
   2968.56369 11.942 11.952 11.952 11.948 11.947    0.037 0.038 0.038 0.039 0.044  A 81876
   2970.56252 11.849 11.855 11.852 11.851 11.856    0.024 0.025 0.021 0.024 0.027  A 82095
   2972.57530 11.929 11.933 11.921 11.911 11.911    0.026 0.027 0.025 0.030 0.033  A 82361
   2974.59897 11.920 11.869 11.865 11.881 11.905    0.027 0.027 0.024 0.028 0.031  A 82568
   2976.60627 11.981 11.946 11.935 11.929 11.919    0.028 0.028 0.024 0.027 0.032  A 82840
   2978.62503 11.957 11.999 12.024 12.073 12.087    0.025 0.028 0.028 0.034 0.040  A 83124
   2980.64918 12.017 12.017 12.028 12.033 12.008    0.027 0.027 0.026 0.032 0.037  A 83382
   2982.65794 11.979 11.999 11.972 11.967 11.971    0.037 0.039 0.041 0.051 0.059  B 83658
   2984.65761 12.113 12.079 12.069 12.061 12.076    0.030 0.025 0.025 0.029 0.034  A 83915
   2986.68494 12.047 12.050 12.055 12.054 12.074    0.029 0.026 0.025 0.030 0.036  A 84190
   2989.62233 12.164 12.140 12.126 12.134 12.130    0.027 0.025 0.023 0.026 0.029  A 84518
   2991.63836 12.114 12.133 12.117 12.135 12.132    0.024 0.027 0.024 0.027 0.030  A 84781
   2993.66662 12.104 12.113 12.102 12.088 12.083    0.029 0.028 0.025 0.028 0.031  A 85069
   2996.58526 12.160 12.226 12.228 12.228 12.228    0.042 0.039 0.036 0.038 0.041  A 85425
   2998.59466 12.200 12.192 12.158 12.126 12.093    0.026 0.026 0.024 0.028 0.031  A 85704
   3001.56931 12.282 12.297 12.294 12.300 12.304    0.028 0.025 0.023 0.025 0.028  A 85963
   3005.59122 12.335 12.351 12.343 12.338 12.303    0.029 0.026 0.024 0.028 0.032  A 86444
   3007.60318 12.306 12.341 12.321 12.345 12.369    0.028 0.030 0.028 0.031 0.036  A 86709
   3010.60017 12.403 12.408 12.443 12.457 12.450    0.031 0.032 0.034 0.041 0.047  A 87097
   3012.59684 12.400 12.446 12.436 12.451 12.560    0.032 0.034 0.036 0.041 0.049  A 87360
   3016.56762 12.507 12.559 12.592 12.638 12.651    0.096 0.054 0.048 0.051 0.056  B 87717
   3018.57910 12.628 12.586 12.589 12.576 12.574    0.038 0.039 0.040 0.043 0.047  A 87993
   3030.55316 12.603 12.576 12.607 12.668 12.699    0.027 0.027 0.026 0.030 0.034  A 88702
   3033.54691 12.567 12.535 12.488 12.425 12.401    0.030 0.038 0.044 0.049 0.053  B 88994
   3126.90844 12.329 12.283 12.260 12.285 12.300    0.079 0.085 0.093 0.099 0.104  D 100967
   3130.91130 12.429 12.408 12.370 12.318 12.285    0.046 0.037 0.038 0.043 0.048  A 101583
   3146.92576 12.559 12.541 12.494 12.434 12.386    0.035 0.036 0.038 0.043 0.047  A 103621
   3154.92418 12.632 12.650 12.647 12.654 12.699    0.025 0.026 0.025 0.029 0.032  A 104039
   3171.89583 12.640 12.616 12.598 12.596 12.608    0.030 0.030 0.031 0.037 0.042  A 106267
   3175.90871 12.485 12.428 12.384 12.334 12.360    0.040 0.043 0.048 0.053 0.057  B 106680
   3179.84660 12.411 12.396 12.386 12.365 12.370    0.027 0.026 0.024 0.027 0.031  A 107273
   3183.86047 12.355 12.368 12.388 12.382 12.369    0.028 0.027 0.027 0.032 0.036  A 107729
   3186.86993 12.228 12.209 12.187 12.186 12.140    0.050 0.057 0.064 0.074 0.078  D 108172
   3326.61989 11.985 12.017 11.989 11.962 11.956    0.036 0.025 0.024 0.028 0.030  A 121102
   3386.55712 12.764 12.783 12.744 12.709 12.714    0.075 0.039 0.035 0.039 0.042  A 126143
   3388.58650 12.667 12.657 12.655 12.658 12.629    0.062 0.033 0.030 0.033 0.037  A 126431
   3396.54661 12.724 12.744 12.784 12.836 12.814    0.037 0.029 0.032 0.040 0.045  A 127347
   3403.53115 12.476 12.471 12.470 12.476 12.495    0.033 0.030 0.033 0.039 0.045  A 128213
   3406.52932 12.402 12.366 12.365 12.369 12.370    0.038 0.025 0.025 0.029 0.033  A 128682
   3409.52298 12.318 12.296 12.281 12.266 12.289    0.037 0.027 0.027 0.031 0.035  A 129148
   3510.90752 12.609 12.715 12.710 12.739 12.773    0.032 0.030 0.023 0.025 0.028  A 143574
   3530.90434 11.947 11.941 11.971 11.990 12.047    0.037 0.032 0.032 0.035 0.039  A 146456
   3547.88860 11.927 11.933 11.927 11.933 11.934    0.055 0.050 0.054 0.063 0.073  B 148121
   3552.82789 11.927 11.959 11.954 11.948 11.950    0.049 0.031 0.028 0.031 0.034  A 148531
   3555.85209 11.983 11.960 11.944 11.931 11.904    0.063 0.054 0.057 0.061 0.064  D 148996
   3562.83263 12.046 12.057 12.046 12.032 12.030    0.045 0.029 0.027 0.030 0.033  A 149971
   3579.89315 12.393 12.364 12.363 12.387 12.417    0.045 0.031 0.026 0.027 0.029  A 152241
   3599.83949 12.872 12.818 12.806 12.766 12.725    0.030 0.031 0.027 0.031 0.035  A 155305
   3617.72316 12.955 12.899 12.924 12.968 12.991    0.050 0.041 0.035 0.038 0.043  A 157162
   3619.85074 12.887 12.872 12.864 12.837 12.768    0.059 0.044 0.045 0.050 0.056  B 157499
   3632.75905 12.320 12.309 12.319 12.294 12.276    0.036 0.030 0.030 0.035 0.041  A 159139
   3635.63955 12.371 12.382 12.383 12.385 12.404    0.064 0.068 0.066 0.077 0.089  D 159539
   3640.76339 12.226 12.202 12.220 12.222 12.259    0.039 0.030 0.026 0.029 0.032  A 160057
   3643.62060 12.093 12.114 12.116 12.138 12.173    0.028 0.027 0.022 0.025 0.028  A 160449
   3646.66951 12.086 12.075 12.085 12.105 12.103    0.031 0.031 0.025 0.026 0.028  A 160775
   3648.82059 12.111 12.096 12.107 12.113 12.130    0.076 0.073 0.074 0.081 0.089  D 161087
   3651.59947 12.054 12.020 12.043 12.046 12.053    0.044 0.031 0.025 0.027 0.030  A 161432
   3653.63820 12.024 12.063 12.037 12.020 12.028    0.043 0.031 0.030 0.037 0.044  A 161757
   3655.63684 12.045 12.029 12.056 12.074 12.128    0.045 0.030 0.025 0.029 0.032  A 162018
   3657.66580 12.067 12.008 12.016 12.025 12.045    0.054 0.033 0.027 0.031 0.035  A 162328
   3659.70205 11.976 12.021 12.034 12.049 12.052    0.031 0.029 0.027 0.031 0.036  A 162653
   3661.73097 12.005 12.024 12.019 12.021 12.007    0.042 0.033 0.031 0.035 0.040  A 162967
   3663.80953 11.961 11.943 11.952 11.963 11.981    0.032 0.033 0.033 0.040 0.048  A 163270
   3666.62606 11.952 12.005 11.977 11.957 11.941    0.050 0.030 0.024 0.026 0.028  A 163649
   3669.71960 12.051 12.014 12.026 12.037 12.036    0.035 0.028 0.022 0.024 0.026  A 164002
   3672.57497 12.032 12.016 12.001 11.995 11.993    0.037 0.030 0.024 0.026 0.030  A 164378
   3674.68391 12.096 12.103 12.125 12.147 12.169    0.033 0.025 0.023 0.026 0.028  A 164702
   3680.55818 12.392 12.422 12.369 12.315 12.276    0.032 0.027 0.023 0.025 0.028  A 165325
   3701.60749 12.207 12.255 12.274 12.297 12.327    0.064 0.044 0.042 0.047 0.052  B 168166
   3704.59708 12.395 12.458 12.454 12.459 12.469    0.036 0.034 0.034 0.042 0.048  A 168556
   3707.57815 12.366 12.421 12.407 12.398 12.414    0.047 0.029 0.024 0.027 0.029  A 168961
   3711.59305 12.472 12.455 12.459 12.479 12.498    0.054 0.031 0.027 0.030 0.032  A 169248
   3713.59261 12.472 12.494 12.520 12.545 12.595    0.040 0.028 0.025 0.028 0.031  A 169524
   3715.62602 12.488 12.519 99.999 99.999 99.999    0.082 0.046 0.043 0.050 0.056  C 169824
   3718.56497 12.569 12.588 12.612 12.654 12.737    0.050 0.036 0.036 0.040 0.043  A 170176
   3720.64693 12.574 12.526 12.491 12.474 12.465    0.046 0.035 0.034 0.040 0.046  A 170441
   3726.55921 12.550 12.610 12.631 12.657 12.641    0.051 0.034 0.034 0.039 0.044  A 171111
   3728.61667 12.763 12.691 12.688 12.626 12.497    0.086 0.052 0.046 0.050 0.055  B 171405
   3731.63618 12.606 12.556 12.553 12.539 12.469    0.051 0.041 0.041 0.046 0.050  B 171686
   3735.57336 12.646 12.604 12.592 12.593 12.604    0.066 0.033 0.027 0.030 0.033  A 172190
   3738.54252 12.410 12.447 12.431 12.412 12.386    0.044 0.028 0.024 0.027 0.029  A 172597
   3740.59011 12.498 12.483 12.490 12.508 12.533    0.036 0.028 0.025 0.028 0.030  A 172891
   3743.59018 12.473 12.477 12.496 12.508 12.528    0.033 0.027 0.026 0.031 0.034  A 173263
   3746.59414 12.254 12.202 12.178 12.126 12.084    0.043 0.035 0.038 0.047 0.055  B 173668
   3749.58168 12.289 12.273 12.261 12.252 12.245    0.047 0.040 0.042 0.054 0.064  B 174077
   3753.56144 12.108 12.141 12.140 12.127 12.139    0.041 0.034 0.035 0.039 0.045  A 174630
   3756.55388 12.053 12.120 12.198 12.260 12.300    0.039 0.035 0.038 0.045 0.053  B 175035
   3759.54399 11.986 11.990 11.961 11.928 11.888    0.043 0.034 0.036 0.045 0.052  B 175452
   3762.54684 11.962 11.951 11.958 11.976 11.949    0.042 0.034 0.036 0.041 0.048  A 175846
   3765.54021 11.951 11.944 11.958 11.987 11.988    0.046 0.031 0.032 0.036 0.041  A 176262
   3768.53264 11.951 11.957 11.963 11.985 12.023    0.049 0.031 0.033 0.037 0.042  A 176678
   3771.53398 11.946 11.964 12.001 12.059 12.105    0.038 0.030 0.034 0.040 0.047  A 177085
   3853.91192 12.429 12.440 12.441 12.437 12.415    0.052 0.032 0.029 0.031 0.035  A 187883
   3862.91648 12.219 12.251 12.244 12.229 12.225    0.047 0.030 0.027 0.030 0.033  A 189293
   3866.89175 12.064 12.094 12.095 12.124 12.147    0.058 0.036 0.029 0.032 0.035  A 189966
   3869.89468 11.891 11.879 11.922 11.955 11.954    0.056 0.041 0.042 0.051 0.060  B 190454
   3872.88849 11.928 11.948 11.930 11.903 11.917    0.061 0.039 0.035 0.039 0.042  A 191017
   3880.91630 11.966 11.945 11.922 11.887 11.872    0.038 0.030 0.031 0.038 0.043  A 191900
   3891.89693 12.002 11.968 11.970 11.989 12.006    0.043 0.031 0.026 0.029 0.032  A 193441
   3894.89907 12.032 12.036 12.007 11.981 11.956    0.031 0.030 0.023 0.025 0.028  A 193943
   3898.87667 12.093 12.076 12.087 12.100 12.119    0.079 0.043 0.039 0.043 0.047  B 194432
   3901.90154 11.994 12.017 12.039 12.041 11.965    0.042 0.033 0.030 0.036 0.041  A 194936
   3905.84873 12.158 12.108 12.095 12.099 12.116    0.063 0.036 0.033 0.036 0.039  A 195671
   3913.89234 12.185 12.195 12.211 12.238 12.273    0.071 0.042 0.039 0.041 0.044  A 197022
   3981.65084 12.165 12.163 12.135 12.142 12.145    0.037 0.028 0.024 0.027 0.031  A 203348
   4089.59605 12.295 12.277 12.262 12.245 12.271    0.042 0.028 0.025 0.028 0.031  A 209117
   4092.57706 12.258 12.278 12.278 12.286 12.282    0.043 0.031 0.029 0.034 0.038  A 209494
   4107.54374 11.990 11.985 11.991 11.984 11.981    0.040 0.025 0.021 0.024 0.027  A 211068
   4125.53884 11.997 12.026 12.023 12.023 12.038    0.062 0.059 0.039 0.038 0.041  B 211502
   4127.55509 11.995 11.973 11.977 11.954 11.963    0.042 0.031 0.028 0.032 0.035  A 211769
   4131.53307 12.560 12.490 12.421 12.409 12.398    0.038 0.030 0.030 0.035 0.039  A 212281
   4134.53496 12.102 12.077 12.059 11.989 11.928    0.075 0.038 0.033 0.040 0.045  A 212693
   4229.90830 11.952 11.909 11.954 11.944 11.988    0.049 0.037 0.030 0.033 0.037  A 223609
   4232.91114 11.925 11.971 11.938 11.897 11.858    0.044 0.041 0.040 0.044 0.049  A 224126
   4247.89820 12.134 12.186 12.176 12.172 12.165    0.035 0.033 0.028 0.031 0.036  A 226495
   4255.87665 12.210 12.208 12.247 12.345 12.388    0.036 0.034 0.034 0.041 0.047  A 227157
   4268.90155 12.675 12.651 12.691 12.677 12.650    0.045 0.047 0.044 0.048 0.052  B 228073
   4273.83964 12.378 12.389 12.382 12.365 12.351    0.036 0.036 0.029 0.032 0.035  A 228565
   4278.79447 12.411 12.391 12.323 12.321 12.317    0.040 0.034 0.032 0.036 0.042  A 229205
   4284.83136 12.313 12.366 12.390 12.410 12.459    0.047 0.035 0.028 0.031 0.035  A 229871
   4286.85226 12.622 12.622 12.664 12.679 12.823    0.060 0.064 0.073 0.086 0.099  D 230243
   4290.85893 12.372 12.388 12.359 12.333 12.299    0.054 0.048 0.041 0.044 0.042  B 230573
   4293.82588 12.220 12.258 12.242 12.246 12.235    0.045 0.042 0.043 0.049 0.051  B 231120
   4296.81596 12.239 12.216 12.271 12.262 12.295    0.047 0.042 0.040 0.047 0.055  B 231631
   4298.88408 29.999 29.999 29.999 29.999 29.999    0.045 0.045 0.045 0.053 0.062  C 232013
   4300.89040 12.258 12.291 12.312 12.306 12.285    0.043 0.042 0.042 0.047 0.052  B 232369
   4303.77625 12.320 12.263 12.229 12.200 12.224    0.044 0.043 0.038 0.042 0.044  A 232815
   4305.81236 12.313 12.300 12.324 12.307 12.326    0.039 0.037 0.030 0.031 0.033  A 233192
   4307.78587 12.286 12.286 12.309 12.313 12.349    0.042 0.035 0.031 0.033 0.035  A 233528
   4309.79339 12.205 12.179 12.174 12.144 12.139    0.036 0.032 0.027 0.031 0.035  A 233844
   4311.78468 12.417 12.375 12.328 12.245 12.211    0.048 0.047 0.054 0.069 0.076  B 234109
   4314.81393 12.154 12.142 12.116 12.088 12.131    0.035 0.035 0.029 0.030 0.033  A 234438
   4330.70133 11.967 12.049 11.994 11.964 11.963    0.044 0.042 0.038 0.040 0.042  A 235336
   4332.71926 11.984 12.008 12.027 12.019 12.019    0.032 0.030 0.026 0.030 0.032  A 235705
   4334.71015 11.908 11.869 11.890 11.883 11.846    0.036 0.037 0.040 0.044 0.046  A 236059
   4338.68302 12.022 12.034 12.039 12.062 12.092    0.036 0.036 0.029 0.031 0.033  A 236446
   4340.76517 12.007 11.987 11.999 11.986 12.001    0.036 0.035 0.030 0.034 0.039  A 236812
   4342.77275 11.923 11.972 11.962 11.968 11.941    0.078 0.072 0.076 0.083 0.089  D 237147
   4344.77744 11.989 11.979 12.069 12.192 12.215    0.077 0.083 0.088 0.103 0.111  D 237489
   4346.79320 12.034 12.009 12.050 12.084 12.085    0.080 0.085 0.085 0.087 0.089  D 237833
   4348.78011 12.162 12.148 12.097 12.048 12.023    0.069 0.053 0.050 0.054 0.056  B 238183
   4351.66639 12.202 12.193 12.211 12.212 12.215    0.046 0.039 0.038 0.044 0.052  B 238607
   4353.78463 12.187 12.207 12.217 12.214 12.290    0.032 0.030 0.024 0.026 0.029  A 238907
   4355.84603 12.080 12.080 12.119 12.136 12.140    0.029 0.029 0.024 0.028 0.031  A 239244
   4358.65582 12.206 12.204 12.208 12.169 12.134    0.041 0.039 0.033 0.034 0.036  A 239636
   4361.64102 12.309 12.247 12.247 12.233 12.274    0.038 0.035 0.028 0.028 0.029  A 240026
   4363.68231 12.217 12.247 12.256 12.311 12.340    0.031 0.031 0.026 0.030 0.032  A 240354
   4365.67961 12.201 12.238 12.269 12.259 12.237    0.030 0.029 0.024 0.028 0.030  A 240664
   4367.72340 12.275 12.329 12.328 12.339 12.384    0.043 0.039 0.036 0.042 0.049  A 240875
   4369.72226 12.155 12.241 12.302 12.349 12.434    0.039 0.038 0.035 0.040 0.045  A 241172
   4371.74551 12.327 12.403 12.360 12.331 12.317    0.049 0.036 0.032 0.038 0.044  A 241509
   4373.75812 12.384 12.393 12.389 12.410 12.455    0.061 0.038 0.033 0.037 0.042  A 241807
   4376.74774 12.332 12.296 12.321 12.317 12.343    0.039 0.034 0.031 0.037 0.043  A 242161
   4379.60007 12.356 12.317 12.334 12.356 12.354    0.032 0.029 0.025 0.029 0.031  A 242561
   4381.66077 12.553 12.581 12.613 12.581 12.528    0.036 0.035 0.034 0.038 0.043  A 242881
   4385.70092 12.486 12.470 12.484 12.492 12.531    0.039 0.034 0.025 0.027 0.028  A 243514
   4387.72962 12.385 12.429 12.411 12.398 12.438    0.043 0.040 0.035 0.038 0.042  A 243840
   4389.70832 12.390 12.432 12.415 12.446 12.485    0.040 0.039 0.036 0.042 0.048  A 244132
   4393.65704 12.151 12.235 12.259 12.192 12.071    0.069 0.051 0.050 0.058 0.067  B 244655
   4399.75180 12.331 12.336 12.302 12.265 12.298    0.040 0.035 0.035 0.043 0.052  B 244871
   4402.78872 12.257 12.228 12.240 12.242 12.204    0.058 0.038 0.034 0.039 0.045  A 245164
   4406.66635 12.418 12.477 12.432 12.471 12.464    0.053 0.041 0.037 0.041 0.045  A 245442
   4408.69686 12.256 12.316 12.292 12.287 12.310    0.053 0.035 0.028 0.032 0.036  A 245750
   4411.65720 12.394 12.416 12.435 12.481 12.518    0.072 0.041 0.038 0.040 0.043  A 246103
   4420.67929 12.267 12.297 12.288 12.260 12.267    0.058 0.043 0.044 0.051 0.056  B 246474
   4422.70977 12.283 12.307 12.321 12.338 12.337    0.033 0.026 0.025 0.028 0.032  A 246680
   4426.64960 11.988 12.028 12.029 12.038 12.034    0.049 0.038 0.037 0.045 0.052  B 246952
   4428.69839 12.016 12.068 12.051 12.036 12.064    0.045 0.034 0.035 0.043 0.050  A 247190
   4431.59452 12.014 11.990 11.990 11.973 11.978    0.041 0.034 0.030 0.034 0.038  A 247518
   4433.67316 11.846 11.914 11.896 11.920 11.928    0.038 0.032 0.032 0.038 0.045  A 247806
   4436.60855 11.894 11.873 11.895 11.909 11.904    0.085 0.055 0.049 0.050 0.052  B 248147
   4438.67329 11.931 11.942 11.942 11.931 11.917    0.043 0.036 0.036 0.041 0.045  A 248418
   4441.60399 11.856 11.857 11.874 11.893 11.889    0.096 0.067 0.047 0.050 0.040  D 248770
   4444.60978 11.895 11.884 11.910 11.948 11.947    0.036 0.036 0.033 0.036 0.038  A 249077
   4452.61474 11.965 12.031 12.020 12.029 12.042    0.038 0.028 0.026 0.028 0.031  A 250011
   4455.59782 12.093 12.103 12.057 12.034 12.041    0.038 0.032 0.033 0.039 0.045  A 250327
   4458.57819 12.041 12.092 12.082 12.085 12.089    0.041 0.033 0.033 0.039 0.046  A 250678
   4461.57735 12.176 12.194 12.184 12.211 12.230    0.051 0.047 0.045 0.038 0.033  B 251013
   4464.57377 12.162 12.152 12.148 12.127 12.123    0.037 0.033 0.030 0.032 0.035  A 251396
   4467.56419 12.122 12.169 12.146 12.147 12.148    0.048 0.037 0.039 0.043 0.046  A 251731
   4470.56602 12.217 12.216 12.199 12.166 12.151    0.041 0.033 0.031 0.034 0.038  A 252076
   4474.57368 12.218 12.168 12.171 12.158 12.160    0.037 0.029 0.029 0.035 0.039  A 252455
   4477.55253 12.207 12.175 12.185 12.179 12.181    0.040 0.030 0.027 0.031 0.036  A 252750
   4480.54852 12.505 12.532 12.490 12.463 12.431    0.075 0.082 0.086 0.094 0.099  D 253107
   4483.56457 12.285 12.205 12.153 12.117 12.158    0.084 0.086 0.089 0.093 0.096  D 253434
   4486.57740 12.224 12.226 12.227 12.257 12.406    0.043 0.035 0.036 0.044 0.051  A 253689
   4489.55975 12.243 12.245 12.246 12.191 12.142    0.042 0.033 0.031 0.036 0.042  A 254036
   4492.55491 12.341 12.352 12.375 12.390 12.404    0.038 0.032 0.030 0.035 0.041  A 254372
   4499.53330 12.405 12.392 12.467 12.511 12.533    0.047 0.033 0.033 0.036 0.040  A 254993
#ndata= 16
#dataset= 3 ; 1 F0048-56_061
#desig= 001202-5439.9
#cra=    0.200581  00:12:02.1
#cdec= -54.664967 -54:39:53.9
#class= 0
#cmag_0= 12.530
#cmer_0=  0.206
#nskip_0= 0
#cmag_1= 12.528
#cmer_1=  0.200
#nskip_1= 0
#cmag_2= 12.541
#cmer_2=  0.206
#nskip_2= 0
#cmag_3= 12.558
#cmer_3=  0.218
#nskip_3= 0
#cmag_4= 12.568
#cmer_4=  0.219
#nskip_4= 0
#ra=    0.200581  00:12:02.1
#dec= -54.664967 -54:39:53.9
#     HJD      MAG_0  MAG_1  MAG_2  MAG_3  MAG_4    MER_0 MER_1 MER_2 MER_3 MER_4 GRADE FRAME
   2143.74250 12.968 12.942 12.960 13.000 13.038    0.062 0.035 0.029 0.030 0.032  A 30845
   2452.81748 12.365 12.425 12.450 12.432 12.421    0.035 0.035 0.028 0.030 0.031  A 9527
   2453.77494 12.374 12.393 12.406 12.432 12.451    0.032 0.032 0.026 0.029 0.029  A 9692
   2465.85301 12.455 12.427 12.459 12.462 12.473    0.040 0.040 0.035 0.038 0.034  A 11153
   2468.90224 12.511 12.525 12.515 12.537 12.562    0.030 0.032 0.026 0.029 0.028  A 11828
   2470.80359 12.633 12.633 12.663 12.639 12.608    0.032 0.033 0.026 0.030 0.028  A 12068
   2473.86000 12.653 12.650 12.660 12.703 12.716    0.039 0.039 0.034 0.042 0.037  A 12780
   2481.82003 12.838 12.766 12.783 12.829 12.825    0.054 0.049 0.044 0.051 0.050  B 13028
   2486.78673 12.807 12.834 12.842 12.895 12.912    0.047 0.042 0.037 0.042 0.044  A 13388
   2490.78551 12.611 12.625 12.680 12.724 12.713    0.039 0.039 0.033 0.040 0.037  A 14130
   2500.73530 12.449 12.484 12.527 12.564 12.567    0.033 0.036 0.028 0.030 0.026  A 15903
   2783.87868 12.393 12.402 12.399 12.406 12.423    0.036 0.027 0.025 0.026 0.029  A 56033
   2886.81390 12.290 12.232 12.227 12.247 12.261    0.028 0.035 0.032 0.031 0.031  A 70312
   2894.66989 12.420 12.464 12.449 12.426 12.422    0.035 0.035 0.033 0.034 0.037  A 71091
   2947.80931 12.490 12.505 12.522 12.517 12.549    0.041 0.032 0.031 0.033 0.037  A 79078
   2976.63962 11.972 11.962 11.957 11.953 11.958    0.029 0.027 0.026 0.029 0.032  A 82853
#ndata= 2
#dataset= 4 ; 1 F2312-56_089
#desig= 001202-5439.9
#cra=    0.200464  00:12:01.7
#cdec= -54.665754 -54:39:56.7
#class= 0
#cmag_0= 12.228
#cmer_0=  0.503
#nskip_0= 0
#cmag_1= 12.222
#cmer_1=  0.530
#nskip_1= 0
#cmag_2= 12.221
#cmer_2=  0.531
#nskip_2= 0
#cmag_3= 12.233
#cmer_3=  0.523
#nskip_3= 0
#cmag_4= 12.257
#cmer_4=  0.545
#nskip_4= 0
#ra=    0.200464  00:12:01.7
#dec= -54.665754 -54:39:56.7
#     HJD      MAG_0  MAG_1  MAG_2  MAG_3  MAG_4    MER_0 MER_1 MER_2 MER_3 MER_4 GRADE FRAME
   2500.70170 12.583 12.595 12.596 12.602 12.641    0.040 0.039 0.031 0.034 0.033  A 15888
   2521.80698 11.874 11.850 11.848 11.866 11.874    0.038 0.038 0.028 0.030 0.032  A 18468
#ndata= 51
#dataset= 5 ; 1 F0000-48_090
#desig= 001202-5439.9
#cra=    0.200509  00:12:01.8
#cdec= -54.665035 -54:39:54.1
#class= 0
#cmag_0= 11.928
#cmer_0=  0.186
#nskip_0= 5
#cmag_1= 12.018
#cmer_1=  0.192
#nskip_1= 5
#cmag_2= 12.068
#cmer_2=  0.195
#nskip_2= 5
#cmag_3= 12.139
#cmer_3=  0.255
#nskip_3= 2
#cmag_4= 12.164
#cmer_4=  0.271
#nskip_4= 1
#ra=    0.200509  00:12:01.8
#dec= -54.665035 -54:39:54.1
#     HJD      MAG_0  MAG_1  MAG_2  MAG_3  MAG_4    MER_0 MER_1 MER_2 MER_3 MER_4 GRADE FRAME
   2040.86414 12.451 12.597 12.673 12.714 12.918    0.080 0.036 0.032 0.036 0.040  A 19559
   2156.67844 12.713 12.811 12.804 12.765 12.731    0.045 0.035 0.028 0.028 0.031  A 31666
   2164.67218 29.999 29.999 29.999 29.999 29.999    0.035 0.033 0.025 0.025 0.026  C 31922
   2167.65840 12.529 12.607 12.643 12.655 12.603    0.052 0.029 0.024 0.026 0.029  A 32106
   2168.67029 12.423 12.554 12.604 12.605 12.587    0.045 0.027 0.021 0.023 0.025  A 32279
   2169.67947 29.999 29.999 29.999 29.999 29.999    0.039 0.030 0.023 0.024 0.025  C 32436
   2171.65703 12.523 12.513 12.539 12.545 12.521    0.056 0.042 0.039 0.040 0.044  A 32610
   2172.65888 12.329 12.366 12.400 12.414 12.417    0.036 0.027 0.022 0.024 0.026  A 32800
   2173.65610 12.179 12.303 12.383 12.449 12.471    0.050 0.031 0.026 0.028 0.031  A 32987
   2174.65668 12.313 12.448 12.465 12.451 12.455    0.053 0.040 0.039 0.045 0.052  B 33161
   2175.63920 12.144 12.175 12.220 12.214 12.183    0.045 0.032 0.026 0.028 0.031  A 33298
   2177.62428 12.050 12.070 12.108 12.170 12.210    0.045 0.036 0.029 0.030 0.033  A 33420
   2178.63349 11.906 12.058 12.069 12.049 12.090    0.048 0.034 0.027 0.028 0.029  A 33599
   2183.58337 11.752 11.823 11.872 11.888 11.884    0.043 0.035 0.028 0.030 0.033  A 33864
   2184.62212 11.919 11.920 11.965 12.002 12.009    0.047 0.037 0.028 0.030 0.033  A 34073
   2185.63741 11.740 11.818 11.874 11.888 11.906    0.043 0.035 0.027 0.029 0.032  A 34266
   2186.65890 29.999 29.999 29.999 29.999 29.999    0.041 0.035 0.028 0.030 0.031  C 34390
   2188.65728 29.999 29.999 29.999 29.999 29.999    0.039 0.035 0.025 0.028 0.028  C 34700
   2190.57861 11.918 11.935 11.958 11.977 12.011    0.045 0.034 0.027 0.027 0.029  A 34913
   2191.63039 11.756 11.844 11.905 11.932 11.940    0.045 0.032 0.025 0.026 0.027  A 35111
   2192.62284 11.881 11.908 11.937 11.943 11.953    0.041 0.029 0.022 0.024 0.027  A 35282
   2193.63063 11.751 11.867 11.903 11.904 11.895    0.045 0.032 0.026 0.026 0.028  A 35468
   2194.61500 11.764 11.869 11.926 11.939 11.959    0.045 0.035 0.027 0.027 0.029  A 35640
   2195.61931 11.894 11.925 11.949 11.985 11.998    0.045 0.033 0.026 0.027 0.030  A 35819
   2196.62746 11.848 11.948 11.989 11.997 11.986    0.049 0.035 0.030 0.031 0.034  A 35955
   2197.61357 11.801 11.895 11.912 11.919 11.925    0.039 0.032 0.023 0.024 0.026  A 36133
   2198.60575 29.999 29.999 29.999 29.999 29.999    0.041 0.031 0.023 0.024 0.026  C 36301
   2201.59055 29.999 29.999 29.999 29.999 29.999    0.042 0.034 0.024 0.025 0.025  C 36723
   2202.60698 11.687 11.887 11.914 11.913 11.922    0.048 0.037 0.028 0.029 0.031  A 36898
   2203.60107 11.783 11.831 11.874 11.875 11.872    0.045 0.034 0.027 0.028 0.028  A 37069
   2206.59094 29.999 29.999 29.999 29.999 29.999    0.040 0.035 0.026 0.028 0.030  C 37467
   2207.59429 11.727 11.882 11.917 11.890 11.846    0.053 0.043 0.038 0.043 0.048  A 37641
   2211.56083 11.871 11.918 12.004 12.048 12.078    0.047 0.040 0.033 0.036 0.033  A 37819
   2213.55574 11.752 11.856 11.910 11.907 11.898    0.046 0.037 0.030 0.032 0.034  A 38053
   2214.58439 11.882 11.981 12.062 12.072 12.098    0.047 0.041 0.033 0.034 0.036  A 38213
   2215.60237 11.859 11.996 12.043 12.069 12.084    0.044 0.038 0.030 0.034 0.033  A 38388
   2216.58902 29.999 29.999 29.999 29.999 29.999    0.044 0.035 0.027 0.032 0.030  C 38552
   2217.58415 29.999 29.999 29.999 29.999 29.999    0.045 0.037 0.029 0.033 0.031  C 38717
   2219.55260 11.906 12.008 12.091 12.151 12.190    0.044 0.037 0.030 0.035 0.033  A 38877
   2221.56715 29.999 29.999 29.999 29.999 29.999    0.042 0.036 0.027 0.030 0.029  C 39000
   2224.54308 11.976 12.073 12.166 12.204 12.229    0.046 0.039 0.029 0.034 0.031  A 39307
   2226.55146 12.111 12.202 12.219 12.196 12.181    0.046 0.038 0.031 0.035 0.032  A 39627
   2228.55273 12.155 12.252 12.269 12.282 12.298    0.045 0.038 0.030 0.037 0.035  A 39943
   2230.53319 12.131 12.225 12.315 12.383 12.409    0.044 0.038 0.030 0.033 0.031  A 40262
   2233.53287 29.999 29.999 29.999 29.999 29.999    0.042 0.037 0.030 0.035 0.032  C 40590
   2235.52661 29.999 29.999 29.999 29.999 29.999    0.044 0.038 0.029 0.032 0.030  C 40897
   2237.53871 29.999 29.999 29.999 29.999 29.999    0.050 0.038 0.032 0.040 0.037  C 41222
   2240.54618 29.999 29.999 29.999 29.999 29.999    0.051 0.044 0.036 0.040 0.035  C 41542
   2242.55781 29.999 29.999 29.999 29.999 29.999    0.050 0.043 0.035 0.040 0.038  C 41866
   2244.60123 29.999 29.999 29.999 29.999 29.999    0.059 0.051 0.043 0.047 0.045  C 42164
   3387.57362 12.502 12.587 12.635 12.669 12.686    0.051 0.035 0.035 0.038 0.043  A 126297
#ndata= 2
#dataset= 6 ; 1 F0045-48_091
#desig= 001203-5439.9
#cra=    0.200710  00:12:02.6
#cdec= -54.664175 -54:39:51.0
#class= 0
#cmag_0= 12.512
#cmer_0=  0.208
#nskip_0= 0
#cmag_1= 12.503
#cmer_1=  0.212
#nskip_1= 0
#cmag_2= 12.520
#cmer_2=  0.241
#nskip_2= 0
#cmag_3= 12.512
#cmer_3=  0.268
#nskip_3= 0
#cmag_4= 12.542
#cmer_4=  0.324
#nskip_4= 0
#ra=    0.200710  00:12:02.6
#dec= -54.664175 -54:39:51.0
#     HJD      MAG_0  MAG_1  MAG_2  MAG_3  MAG_4    MER_0 MER_1 MER_2 MER_3 MER_4 GRADE FRAME
   3366.60879 12.366 12.353 12.351 12.323 12.313    0.043 0.033 0.032 0.039 0.046  A 125162
   3387.57676 12.659 12.653 12.691 12.701 12.770    0.061 0.035 0.032 0.038 0.042  A 126298
