#ndata= 60
#dataset= 1 ; 1 F0000-08_288
#desig= 001507-0320.1
#cra=    0.252057  00:15:07.4
#cdec=  -3.334876 -3:20:05.6
#class= 0
#cmag_0= 11.420
#cmer_0=  0.075
#nskip_0= 0
#cmag_1= 11.425
#cmer_1=  0.076
#nskip_1= 0
#cmag_2= 11.429
#cmer_2=  0.070
#nskip_2= 0
#cmag_3= 11.430
#cmer_3=  0.074
#nskip_3= 0
#cmag_4= 11.428
#cmer_4=  0.084
#nskip_4= 0
#ra=    0.252057  00:15:07.4
#dec=  -3.334876 -3:20:05.6
#     HJD      MAG_1  MAG_0  MAG_2  MAG_3  MAG_4    MER_1 MER_0 MER_2 MER_3 MER_4 GRADE FRAME
   1903.53840 11.488 11.501 11.519 11.530 11.548    0.028 0.054 0.024 0.025 0.027  A 3625
   2052.94158 11.467 11.454 11.482 11.453 11.440    0.035 0.054 0.036 0.043 0.050  A 19951
   2080.85719 11.530 11.521 11.558 11.564 11.575    0.023 0.046 0.021 0.024 0.026  A 22994
   2087.84883 11.339 11.303 11.338 11.337 11.316    0.041 0.057 0.042 0.047 0.049  A 24355
   2104.83722 11.372 11.351 11.366 11.331 11.326    0.029 0.061 0.025 0.028 0.029  A 26094
   2105.82182 11.464 11.449 11.461 11.468 11.436    0.031 0.059 0.026 0.027 0.030  A 26310
   2106.83164 11.563 11.536 11.566 11.564 11.569    0.027 0.051 0.023 0.024 0.027  A 26517
   2113.84513 11.353 11.361 11.360 11.362 11.352    0.024 0.036 0.020 0.023 0.025  A 26638
   2116.78553 11.558 11.554 11.563 11.555 11.534    0.024 0.039 0.021 0.024 0.027  A 27151
   2117.78882 11.563 11.550 11.580 11.573 11.570    0.024 0.046 0.021 0.023 0.026  A 27371
   2132.76394 11.426 11.388 11.444 11.457 11.447    0.025 0.046 0.021 0.024 0.027  A 28836
   2133.75714 11.546 11.519 11.537 11.547 11.569    0.024 0.038 0.021 0.024 0.026  A 29049
   2134.75723 11.552 11.487 11.555 11.574 11.597    0.025 0.043 0.022 0.025 0.027  A 29263
   2135.75582 11.531 11.518 11.549 11.573 11.665    0.037 0.058 0.038 0.045 0.052  A 29477
   2140.73943 11.420 11.483 11.421 11.403 11.388    0.042 0.067 0.041 0.047 0.056  B 30226
   2141.73927 11.467 11.410 11.481 11.467 11.484    0.027 0.048 0.023 0.026 0.028  A 30438
   2144.73101 11.535 11.520 11.546 11.536 11.535    0.029 0.055 0.025 0.027 0.031  A 31044
   2145.72896 11.479 11.494 11.488 11.502 11.522    0.024 0.041 0.021 0.024 0.026  A 31247
   2151.67201 11.625 11.626 11.619 11.655 11.672    0.061 0.082 0.062 0.075 0.087  D 31400
   2634.54940 11.339 11.394 11.366 11.350 11.365    0.039 0.037 0.023 0.024 0.023  A 32040
   2641.54370 11.373 11.357 11.367 11.377 11.398    0.028 0.030 0.023 0.024 0.025  A 33070
   2851.84965 11.427 11.401 11.441 11.455 11.468    0.028 0.024 0.022 0.024 0.024  A 65530
   2862.86505 11.389 11.402 11.438 11.461 11.471    0.030 0.032 0.025 0.028 0.032  A 67261
   2871.81709 11.409 11.424 11.425 11.434 11.421    0.024 0.025 0.018 0.019 0.021  A 68025
   2876.75192 11.413 11.410 11.422 11.413 11.402    0.020 0.031 0.016 0.017 0.018  A 68807
   2895.72756 11.400 11.392 11.400 11.375 11.338    0.028 0.025 0.022 0.026 0.028  A 71308
   2897.73013 11.361 11.390 11.375 11.381 11.376    0.029 0.025 0.022 0.026 0.026  A 71709
   2907.81506 11.350 11.386 11.356 11.413 11.499    0.061 0.061 0.070 0.088 0.103  D 73308
   2915.64472 11.452 11.442 11.475 11.463 11.426    0.029 0.027 0.022 0.024 0.024  A 74386
   2916.73678 11.531 11.481 11.495 11.506 11.510    0.029 0.030 0.026 0.028 0.029  A 74618
   2922.65247 11.344 11.379 11.351 11.337 11.304    0.035 0.031 0.030 0.035 0.042  A 75274
   2929.65807 11.429 11.434 11.427 11.416 11.441    0.028 0.023 0.020 0.024 0.023  A 76366
   2931.66338 11.285 11.309 11.296 11.295 11.297    0.039 0.028 0.024 0.029 0.028  A 76729
   2937.65471 11.381 11.377 11.407 11.395 11.364    0.041 0.032 0.026 0.029 0.029  A 77710
   2940.65659 11.334 11.325 11.344 11.319 11.337    0.031 0.030 0.024 0.026 0.028  A 78009
   2942.59692 11.437 11.425 11.396 11.390 11.377    0.035 0.034 0.031 0.038 0.039  A 78184
   2944.75512 11.359 11.358 11.341 11.322 11.298    0.028 0.031 0.025 0.030 0.035  A 78576
   2950.57440 11.372 11.378 11.400 11.416 11.431    0.039 0.035 0.034 0.040 0.047  A 79420
   2954.59447 11.406 11.377 11.384 11.357 11.327    0.025 0.024 0.022 0.026 0.031  A 79924
   2956.59336 11.446 11.483 11.445 11.451 11.470    0.025 0.025 0.020 0.023 0.025  A 80217
   2958.59208 11.391 11.352 11.384 11.376 11.394    0.025 0.023 0.021 0.023 0.026  A 80504
   2960.59316 11.474 11.466 11.450 11.411 11.384    0.035 0.039 0.031 0.035 0.039  A 80759
   2962.59986 11.355 11.326 11.355 11.344 11.324    0.028 0.030 0.027 0.030 0.034  A 81046
   2964.61123 11.423 11.445 11.419 11.412 11.431    0.024 0.027 0.021 0.024 0.027  A 81333
   2966.62114 11.412 11.368 11.382 11.374 11.370    0.024 0.029 0.021 0.025 0.028  A 81623
   2968.62828 11.425 11.441 11.434 11.465 11.481    0.025 0.035 0.021 0.024 0.026  A 81901
   2970.61711 11.520 11.548 11.499 11.467 11.439    0.066 0.077 0.067 0.070 0.071  D 82116
   2979.57341 11.410 11.386 11.417 11.412 11.385    0.025 0.029 0.025 0.032 0.037  A 83229
   2983.60780 11.400 11.356 11.407 11.414 11.401    0.027 0.031 0.024 0.028 0.032  A 83766
   2985.61374 11.293 11.280 11.335 11.353 11.356    0.059 0.069 0.060 0.062 0.065  B 84032
   2991.54080 11.429 11.404 11.418 11.399 11.394    0.023 0.030 0.021 0.023 0.025  A 84741
   2993.57647 11.337 11.346 11.348 11.347 11.350    0.024 0.025 0.022 0.025 0.029  A 85032
   2996.57184 11.413 11.449 11.432 11.426 11.417    0.025 0.026 0.022 0.024 0.026  A 85419
   2998.57817 11.361 11.351 11.373 11.375 11.382    0.026 0.026 0.022 0.025 0.027  A 85697
   3006.56637 11.388 11.343 11.398 11.417 11.412    0.026 0.028 0.025 0.029 0.033  A 86561
   3010.56628 11.321 11.366 11.357 11.386 11.390    0.029 0.030 0.029 0.034 0.039  A 87083
   3012.56641 11.441 11.471 11.461 11.486 11.489    0.036 0.035 0.036 0.044 0.052  A 87348
   3175.94070 11.501 11.478 11.521 11.488 11.453    0.055 0.059 0.051 0.051 0.055  B 106692
   3186.91786 11.337 11.346 11.355 11.385 11.411    0.039 0.032 0.033 0.037 0.043  A 108191
   3190.85032 29.999 29.999 29.999 29.999 29.999    0.068 0.071 0.061 0.063 0.066  D 108679
#ndata= 22
#dataset= 2 ; 1 F0032-08_289
#desig= 001508-0320.0
#cra=    0.252095  00:15:07.5
#cdec=  -3.332999 -3:19:58.8
#class= 0
#cmag_0= 11.478
#cmer_0=  0.098
#nskip_0= 0
#cmag_1= 11.497
#cmer_1=  0.089
#nskip_1= 0
#cmag_2= 11.482
#cmer_2=  0.096
#nskip_2= 0
#cmag_3= 11.476
#cmer_3=  0.109
#nskip_3= 0
#cmag_4= 11.470
#cmer_4=  0.119
#nskip_4= 0
#ra=    0.252095  00:15:07.5
#dec=  -3.332999 -3:19:58.8
#     HJD      MAG_1  MAG_0  MAG_2  MAG_3  MAG_4    MER_1 MER_0 MER_2 MER_3 MER_4 GRADE FRAME
   2052.94322 11.468 11.503 11.427 11.362 11.380    0.042 0.057 0.046 0.059 0.070  B 19952
   2054.91184 11.610 11.630 11.609 11.613 11.636    0.034 0.075 0.031 0.033 0.036  A 20369
   2087.88258 11.430 11.478 11.408 11.397 11.358    0.031 0.056 0.031 0.035 0.038  A 24370
   2093.89766 11.398 11.370 11.391 11.372 11.343    0.028 0.056 0.025 0.028 0.031  A 24888
   2105.84371 11.483 11.479 11.472 11.479 11.457    0.024 0.051 0.021 0.023 0.026  A 26320
   2106.85871 11.551 11.513 11.548 11.532 11.507    0.030 0.053 0.023 0.024 0.026  A 26529
   2115.79025 11.518 11.545 11.519 11.516 11.499    0.026 0.043 0.022 0.024 0.026  A 26931
   2116.80961 11.568 11.559 11.576 11.609 11.622    0.026 0.045 0.023 0.025 0.029  A 27162
   2117.81311 11.578 11.575 11.608 11.644 11.662    0.027 0.047 0.024 0.026 0.028  A 27382
   2133.77682 11.599 11.563 11.610 11.631 11.640    0.025 0.047 0.021 0.023 0.026  A 29058
   2134.77247 11.554 11.512 11.558 11.560 11.552    0.026 0.055 0.024 0.026 0.029  A 29270
   2135.77557 11.592 11.548 11.619 11.626 11.637    0.033 0.057 0.032 0.038 0.045  A 29486
   2140.78475 11.365 11.259 11.350 11.346 11.347    0.039 0.058 0.038 0.042 0.046  A 30246
   2143.75509 11.549 11.525 11.546 11.544 11.532    0.034 0.056 0.029 0.031 0.032  A 30850
   2151.69909 11.656 11.617 11.699 11.715 11.584    0.060 0.081 0.069 0.090 0.104  D 31412
   2829.92284 11.411 11.393 11.411 11.401 11.372    0.029 0.029 0.024 0.026 0.028  A 62406
   2831.85542 11.420 11.401 11.429 11.432 11.412    0.028 0.025 0.024 0.027 0.027  A 62823
   2886.81803 11.367 11.400 11.373 11.365 11.360    0.028 0.032 0.024 0.025 0.026  A 70313
   2916.76411 11.408 11.346 11.381 11.360 11.349    0.034 0.041 0.025 0.027 0.028  A 74630
   3177.93186 11.358 11.333 11.324 11.317 11.301    0.051 0.048 0.048 0.053 0.057  B 106998
   3367.58731 11.470 11.390 11.453 11.425 11.424    0.039 0.054 0.039 0.045 0.053  A 125245
   3382.53708 11.539 11.537 11.521 11.496 11.502    0.044 0.063 0.035 0.037 0.042  A 125593
#ndata= 174
#dataset= 3 ; 1 F0000+00_333
#desig= 001507-0320.1
#cra=    0.251827  00:15:06.6
#cdec=  -3.335560 -3:20:08.0
#class= 0
#cmag_0= 11.491
#cmer_0=  0.000
#nskip_0= 0
#cmag_1= 11.542
#cmer_1=  0.000
#nskip_1= 0
#cmag_2= 11.495
#cmer_2=  0.000
#nskip_2= 0
#cmag_3= 11.455
#cmer_3=  0.000
#nskip_3= 0
#cmag_4= 11.475
#cmer_4=  0.000
#nskip_4= 0
#ra=    0.251827  00:15:06.6
#dec=  -3.335560 -3:20:08.0
#     HJD      MAG_1  MAG_0  MAG_2  MAG_3  MAG_4    MER_1 MER_0 MER_2 MER_3 MER_4 GRADE FRAME
   2493.73660 11.542 11.491 11.496 11.455 11.476    0.077 0.084 0.072 0.078 0.075  D 14516
   3635.77409 29.999 29.999 29.999 29.999 29.999    0.095 0.087 0.112 0.151 0.180  D 159581
#dataset= 3 ; 2 F0000+00_333
#desig= 001508-0320.0
#cra=    0.252107  00:15:07.6
#cdec=  -3.333426 -3:20:00.3
#class= 0
#cmag_0= 11.427
#cmer_0=  0.079
#nskip_0= 2
#cmag_1= 11.422
#cmer_1=  0.074
#nskip_1= 3
#cmag_2= 11.428
#cmer_2=  0.074
#nskip_2= 1
#cmag_3= 11.432
#cmer_3=  0.076
#nskip_3= 1
#cmag_4= 11.437
#cmer_4=  0.077
#nskip_4= 1
#ra=    0.252107  00:15:07.6
#dec=  -3.333426 -3:20:00.3
#     HJD      MAG_1  MAG_0  MAG_2  MAG_3  MAG_4    MER_1 MER_0 MER_2 MER_3 MER_4 GRADE FRAME
   1868.53149 11.523 11.551 11.541 11.553 11.548    0.026 0.057 0.022 0.024 0.026  A 34
   1872.59118 11.410 11.415 11.414 11.412 11.421    0.029 0.066 0.025 0.027 0.029  A 662
   1874.57718 11.236 11.216 11.246 11.256 11.264    0.031 0.064 0.024 0.024 0.026  A 979
   1876.58593 11.411 11.394 11.417 11.420 11.417    0.029 0.057 0.024 0.026 0.029  A 1303
   1878.58017 11.521 11.561 11.510 11.503 11.509    0.030 0.047 0.024 0.025 0.026  A 1618
   1880.55842 11.464 11.451 11.483 11.498 11.498    0.036 0.062 0.027 0.027 0.030  A 1923
   1885.56425 11.486 11.418 11.503 11.520 11.539    0.031 0.049 0.028 0.031 0.034  A 2392
   1888.52971 11.586 11.603 11.584 11.586 11.567    0.026 0.057 0.024 0.027 0.030  A 2856
   1904.55051 11.560 11.566 11.558 11.545 11.520    0.028 0.058 0.022 0.025 0.027  A 3791
   2031.92922 11.370 11.326 11.367 11.366 11.377    0.042 0.051 0.045 0.054 0.063  B 18143
   2034.91955 11.378 11.381 11.376 11.385 11.397    0.028 0.047 0.023 0.025 0.028  A 18778
   2039.91142 11.468 11.455 11.444 11.442 11.477    0.030 0.062 0.028 0.031 0.035  A 19356
   2103.93461 11.295 11.248 11.316 11.321 11.326    0.033 0.060 0.031 0.033 0.037  A 25935
   2164.68730 11.355 11.361 11.359 11.362 11.367    0.037 0.054 0.029 0.029 0.031  A 31928
   2167.66899 11.411 11.485 11.390 11.378 11.376    0.036 0.055 0.030 0.030 0.031  A 32110
   2171.66788 11.499 11.514 11.497 11.514 11.522    0.035 0.049 0.028 0.029 0.031  A 32614
   2177.63978 11.488 11.476 11.494 11.482 11.469    0.037 0.050 0.031 0.030 0.034  A 33426
   2178.64674 11.468 11.491 11.481 11.492 11.509    0.037 0.049 0.030 0.030 0.033  A 33604
   2190.60351 11.308 11.363 11.328 11.323 11.325    0.037 0.046 0.028 0.027 0.029  A 34923
   2242.57143 11.441 11.462 11.464 11.481 11.488    0.044 0.049 0.035 0.038 0.038  A 41871
   2245.54314 11.265 11.310 11.300 11.316 11.324    0.045 0.049 0.034 0.039 0.038  A 42296
   2249.56856 11.508 11.536 11.514 11.499 11.487    0.042 0.047 0.035 0.040 0.037  A 42665
   2252.54180 11.368 11.403 11.386 11.376 11.370    0.041 0.047 0.033 0.038 0.036  A 43137
   2255.53855 11.349 11.343 11.379 11.394 11.409    0.048 0.045 0.038 0.040 0.037  A 43585
   2262.52722 11.255 11.239 11.278 11.278 11.289    0.060 0.070 0.049 0.051 0.051  A 44496
   2439.87373 11.399 11.337 11.397 11.419 11.430    0.028 0.024 0.020 0.019 0.020  A 7946
   2445.84394 11.402 11.382 11.389 11.388 11.380    0.026 0.027 0.018 0.020 0.021  A 9186
   2467.82941 11.530 11.511 11.497 11.488 11.498    0.029 0.024 0.020 0.020 0.019  A 11580
   2481.81337 11.444 11.467 11.442 11.435 11.413    0.049 0.054 0.046 0.053 0.051  A 13025
   2481.83341 11.430 11.508 11.422 11.429 11.427    0.047 0.050 0.043 0.053 0.050  A 13034
   2489.75688 11.446 11.398 11.448 11.469 11.503    0.042 0.036 0.033 0.033 0.032  A 13899
   2490.79930 11.369 11.361 11.354 11.324 11.338    0.039 0.042 0.035 0.043 0.037  A 14136
   2493.73660 11.511 11.469 11.509 11.487 11.455    0.077 0.084 0.072 0.078 0.075  D 14516
   2498.75456 11.354 11.408 11.386 11.390 11.391    0.031 0.028 0.024 0.028 0.025  A 15487
   2499.75796 11.355 11.324 11.340 11.353 11.350    0.031 0.027 0.025 0.029 0.024  A 15698
   2501.75671 11.301 11.379 11.343 11.347 11.357    0.033 0.029 0.026 0.029 0.023  A 16060
   2502.75447 11.350 11.364 11.387 11.398 11.404    0.039 0.039 0.034 0.041 0.034  A 16271
   2503.75240 11.580 11.620 11.570 11.556 11.593    0.062 0.065 0.057 0.064 0.061  B 16474
   2526.68727 11.350 11.383 11.365 11.369 11.370    0.032 0.028 0.026 0.025 0.025  A 18862
   2529.68056 11.518 11.585 11.515 11.494 11.513    0.043 0.055 0.033 0.038 0.033  A 19094
   2545.73731 11.369 11.378 11.379 11.357 11.363    0.024 0.034 0.020 0.019 0.021  A 20213
   2554.76408 11.330 11.329 11.343 11.355 11.366    0.041 0.046 0.034 0.039 0.039  A 21561
   2556.76291 11.433 11.459 11.483 11.520 11.531    0.038 0.040 0.033 0.038 0.029  A 21743
   2558.57806 11.398 11.428 11.411 11.405 11.411    0.030 0.029 0.020 0.021 0.019  A 22020
   2579.67552 11.371 11.398 11.342 11.320 11.348    0.039 0.038 0.029 0.030 0.027  A 25123
   2600.60248 11.504 11.397 11.528 11.534 11.544    0.049 0.051 0.042 0.047 0.049  A 27356
   2622.54224 11.443 11.408 11.429 11.408 11.401    0.028 0.033 0.025 0.028 0.031  A 29926
   2628.57407 11.462 11.443 11.467 11.473 11.489    0.040 0.059 0.034 0.037 0.039  A 30694
   2635.53605 11.395 11.414 11.408 11.412 11.420    0.029 0.028 0.021 0.022 0.024  A 32184
   2637.56647 11.421 11.490 11.432 11.442 11.448    0.025 0.039 0.019 0.021 0.023  A 32489
   2640.54115 11.374 11.390 11.409 11.429 11.430    0.044 0.039 0.025 0.026 0.025  A 32941
   2642.54370 11.404 11.394 11.396 11.391 11.391    0.025 0.035 0.019 0.021 0.022  A 33227
   2644.54861 11.458 11.433 11.461 11.455 11.456    0.023 0.028 0.022 0.024 0.027  A 33534
   2650.53349 11.427 11.351 11.408 11.410 11.417    0.026 0.034 0.024 0.027 0.030  A 34237
   2765.91792 11.405 11.389 11.445 11.441 11.463    0.033 0.025 0.028 0.030 0.032  A 54440
   2787.88953 11.393 11.380 11.381 11.384 11.387    0.023 0.023 0.020 0.022 0.025  A 56904
   2814.87295 11.403 11.386 11.383 11.383 11.376    0.029 0.026 0.024 0.024 0.025  A 60752
   2818.92437 11.373 11.390 11.351 11.367 11.396    0.025 0.024 0.020 0.022 0.024  A 61192
   2831.84591 11.416 11.377 11.424 11.443 11.463    0.025 0.025 0.019 0.021 0.025  A 62819
   2840.91584 11.468 11.422 11.427 11.449 11.418    0.034 0.028 0.027 0.031 0.031  A 64448
   2843.83181 99.999 99.999 99.999 99.999 99.999    0.028 0.027 0.023 0.025 0.026  C 64993
   2851.83765 11.367 11.359 11.352 11.356 11.372    0.024 0.023 0.017 0.019 0.020  A 65525
   2854.74803 11.417 11.376 11.399 11.411 11.407    0.024 0.021 0.018 0.020 0.020  A 65928
   2859.77071 11.402 11.442 11.426 11.448 11.451    0.023 0.024 0.017 0.019 0.022  A 66596
   2861.75571 11.372 11.346 11.355 11.369 11.403    0.026 0.028 0.023 0.027 0.031  A 67011
   2862.87221 11.371 11.368 11.399 11.440 11.482    0.029 0.032 0.024 0.027 0.032  A 67264
   2871.86408 11.350 11.364 11.378 11.384 11.399    0.027 0.023 0.018 0.019 0.021  A 68045
   2876.74956 11.417 11.418 11.449 11.467 11.492    0.026 0.031 0.019 0.022 0.021  A 68806
   2883.71469 11.351 11.325 11.354 11.351 11.337    0.029 0.032 0.019 0.019 0.020  A 69651
   2885.69112 11.394 11.413 11.397 11.420 11.430    0.037 0.026 0.025 0.027 0.023  A 70047
   2899.70921 11.455 11.435 11.445 11.452 11.452    0.032 0.027 0.025 0.030 0.028  A 72062
   2904.66921 11.275 11.309 11.276 11.271 11.246    0.058 0.057 0.057 0.063 0.064  B 72869
   2906.69112 11.348 11.385 11.377 11.398 11.406    0.029 0.027 0.019 0.019 0.021  A 73201
   2908.73114 11.470 11.474 11.436 11.453 99.999    0.025 0.037 0.018 0.020 0.021  C 73449
   2910.76053 11.332 11.329 11.346 11.346 11.355    0.027 0.034 0.019 0.022 0.023  A 73774
   2912.68146 11.447 11.433 11.449 11.453 11.455    0.020 0.040 0.017 0.019 0.021  A 74118
   2915.65623 11.332 11.382 11.375 11.388 11.417    0.030 0.024 0.020 0.021 0.022  A 74391
   2916.74826 11.402 11.356 11.413 11.433 11.450    0.023 0.034 0.020 0.021 0.023  A 74623
   2923.65008 11.349 11.316 11.388 11.400 11.425    0.040 0.032 0.033 0.040 0.039  A 75460
   2926.64609 11.417 11.436 11.426 11.416 11.425    0.034 0.027 0.029 0.035 0.030  A 75818
   2928.64599 11.436 11.444 11.425 11.424 11.438    0.030 0.028 0.026 0.033 0.031  A 76192
   2929.78658 11.394 11.397 11.402 11.423 11.423    0.024 0.032 0.021 0.023 0.026  A 76422
   2931.75056 11.353 11.372 11.353 11.335 11.336    0.022 0.027 0.020 0.022 0.025  A 76765
   2933.73504 11.361 11.412 11.374 11.380 11.359    0.023 0.025 0.022 0.024 0.028  A 77113
   2935.72501 11.419 11.401 11.408 11.415 11.402    0.027 0.028 0.021 0.023 0.026  A 77470
   2939.56922 11.389 11.422 11.394 11.395 11.414    0.030 0.036 0.019 0.018 0.020  A 77785
   2943.57846 11.409 11.418 11.391 11.367 11.357    0.028 0.025 0.022 0.026 0.028  A 78337
   2944.73003 11.346 11.397 11.378 11.365 11.348    0.032 0.029 0.025 0.027 0.029  A 78565
   2950.57710 11.404 11.398 11.387 11.375 11.327    0.033 0.028 0.029 0.033 0.038  A 79421
   2954.59712 11.382 11.335 11.367 11.360 11.379    0.025 0.030 0.022 0.025 0.030  A 79925
   2956.59600 11.405 11.460 11.430 11.422 11.442    0.023 0.028 0.021 0.023 0.027  A 80218
   2958.59474 11.304 11.340 11.320 11.330 11.345    0.024 0.026 0.021 0.024 0.026  A 80505
   2960.59581 11.469 11.500 11.459 11.463 11.477    0.027 0.038 0.025 0.029 0.032  A 80760
   2962.60254 11.432 11.430 11.416 11.389 11.384    0.034 0.034 0.031 0.033 0.037  A 81047
   2964.61388 11.419 11.370 11.427 11.437 11.441    0.027 0.029 0.022 0.024 0.028  A 81334
   2966.62383 11.341 11.347 11.341 11.355 11.369    0.024 0.026 0.022 0.023 0.025  A 81624
   2968.63095 11.401 11.389 11.389 11.380 11.381    0.027 0.031 0.021 0.023 0.026  A 81902
   2970.61980 11.389 11.411 11.382 11.401 11.420    0.023 0.034 0.021 0.023 0.025  A 82117
   2972.64691 11.430 11.384 11.437 11.454 11.450    0.029 0.028 0.025 0.028 0.032  A 82389
   2977.54144 11.415 11.411 11.445 11.458 11.427    0.067 0.055 0.070 0.071 0.075  D 82947
   2979.57613 11.337 11.373 11.368 11.389 11.404    0.029 0.035 0.025 0.030 0.034  A 83230
   2981.59574 11.461 11.423 11.435 11.448 11.446    0.036 0.037 0.032 0.039 0.046  A 83493
   2985.61655 11.360 11.344 11.344 11.361 11.378    0.026 0.031 0.022 0.024 0.029  A 84033
   2989.55957 11.286 11.334 11.301 11.303 11.282    0.025 0.040 0.020 0.023 0.027  A 84493
   2991.60003 11.390 11.390 11.383 11.373 11.373    0.029 0.027 0.023 0.026 0.029  A 84765
   2997.53760 11.393 11.410 11.382 11.404 11.429    0.024 0.030 0.021 0.025 0.028  A 85544
   3010.54099 11.306 11.361 11.312 11.307 11.328    0.032 0.031 0.029 0.033 0.039  A 87073
   3013.53592 11.422 11.395 11.402 11.398 11.409    0.028 0.030 0.027 0.030 0.034  A 87473
   3157.93198 11.375 11.421 11.384 11.383 11.356    0.078 0.077 0.075 0.079 0.084  D 104329
   3163.93332 11.441 11.411 11.425 11.404 11.417    0.039 0.048 0.038 0.042 0.048  A 105125
   3169.90214 11.378 11.351 11.356 11.380 11.387    0.054 0.061 0.051 0.053 0.056  A 106023
   3180.89195 11.447 11.449 11.435 11.426 11.429    0.056 0.058 0.055 0.058 0.060  B 107429
   3185.86507 11.404 11.396 11.417 11.426 11.441    0.080 0.086 0.078 0.081 0.087  D 108012
   3271.69450 11.302 11.276 11.305 11.325 11.329    0.025 0.029 0.021 0.025 0.029  A 115952
   3280.69873 11.420 11.518 11.445 11.438 11.447    0.056 0.069 0.059 0.067 0.074  B 117118
   3294.62751 11.425 11.438 11.440 11.459 11.492    0.032 0.037 0.022 0.022 0.023  A 118377
   3512.90731 11.398 11.448 11.350 11.301 11.272    0.033 0.040 0.030 0.032 0.037  A 143951
   3522.90479 11.458 11.468 11.501 11.546 11.581    0.033 0.049 0.033 0.039 0.046  A 145103
   3522.90975 11.516 11.550 11.527 11.563 11.577    0.031 0.032 0.034 0.042 0.051  A 145105
   3524.91820 11.500 11.452 11.539 11.574 11.564    0.059 0.090 0.063 0.076 0.089  D 145435
   3529.89639 11.572 11.570 11.586 11.608 11.635    0.040 0.040 0.039 0.042 0.047  A 146280
   3541.89499 11.480 11.492 11.511 11.508 11.497    0.041 0.048 0.035 0.039 0.045  A 147328
   3544.89303 11.390 11.419 11.387 11.395 11.394    0.032 0.041 0.032 0.036 0.040  A 147786
   3551.93337 11.439 11.464 11.456 11.474 11.483    0.027 0.034 0.027 0.029 0.032  A 148410
   3555.84393 11.541 11.541 11.553 11.566 11.571    0.032 0.045 0.027 0.029 0.032  A 148994
   3562.85537 11.451 11.427 11.445 11.449 11.462    0.033 0.054 0.031 0.033 0.034  A 149978
   3568.89930 11.493 11.485 11.493 11.489 11.476    0.031 0.030 0.024 0.024 0.027  A 150468
   3570.84269 11.406 11.418 11.410 11.402 11.390    0.029 0.031 0.025 0.027 0.030  A 150825
   3578.85517 11.437 11.397 11.443 11.466 11.466    0.034 0.065 0.029 0.031 0.033  A 152040
   3582.85663 11.579 11.595 11.558 11.566 11.554    0.036 0.061 0.030 0.032 0.035  A 152723
   3590.77921 11.525 11.509 11.526 11.513 11.504    0.027 0.032 0.025 0.027 0.029  A 154060
   3592.87329 11.485 11.485 11.478 11.473 11.442    0.029 0.045 0.028 0.030 0.032  A 154439
   3596.79774 11.407 11.308 11.416 11.424 11.436    0.034 0.047 0.032 0.033 0.034  A 155016
   3600.76506 11.526 11.540 11.470 11.380 11.346    0.083 0.076 0.098 0.123 0.148  D 155433
   3615.89829 11.434 11.388 11.414 11.423 11.411    0.039 0.044 0.038 0.043 0.049  A 156989
   3618.71070 11.610 11.588 11.626 11.638 11.637    0.037 0.053 0.034 0.035 0.039  A 157307
   3621.69874 11.481 11.480 11.475 11.464 11.446    0.044 0.072 0.041 0.043 0.045  A 157759
   3624.74135 11.427 11.404 11.438 11.445 11.449    0.032 0.028 0.025 0.024 0.027  A 158079
   3626.74037 11.576 11.536 11.568 11.560 11.562    0.031 0.029 0.025 0.028 0.032  A 158353
   3629.70078 11.452 11.430 11.483 11.509 11.533    0.038 0.051 0.034 0.038 0.042  A 158638
   3633.70596 11.442 11.437 11.450 11.461 11.410    0.067 0.063 0.071 0.083 0.102  D 159240
   3638.81175 11.502 11.443 11.471 11.466 11.486    0.034 0.036 0.026 0.027 0.029  A 159835
   3647.64469 11.474 11.493 11.483 11.493 11.493    0.031 0.028 0.027 0.027 0.029  A 160905
   3650.60695 11.379 11.402 11.390 11.396 11.396    0.028 0.032 0.024 0.025 0.028  A 161299
   3652.64617 11.577 11.544 11.561 11.527 11.485    0.027 0.033 0.028 0.031 0.034  A 161606
   3654.64119 11.539 11.522 11.558 11.565 11.581    0.035 0.053 0.037 0.045 0.051  A 161880
   3656.64104 11.482 11.495 11.484 11.499 11.517    0.032 0.054 0.030 0.033 0.036  A 162178
   3660.64113 11.464 11.474 11.497 11.515 11.553    0.043 0.074 0.043 0.049 0.057  A 162783
   3662.66189 11.579 11.644 11.554 11.572 11.589    0.043 0.068 0.041 0.046 0.055  A 163072
   3664.69975 11.508 11.518 11.503 11.508 11.502    0.038 0.067 0.033 0.035 0.040  A 163375
   3668.61305 11.369 11.329 11.366 11.362 11.368    0.028 0.034 0.024 0.024 0.026  A 163822
   3670.65348 11.515 11.566 11.537 11.525 11.533    0.032 0.040 0.024 0.025 0.027  A 164119
   3672.73317 11.495 11.534 11.496 11.475 11.429    0.036 0.052 0.031 0.032 0.036  A 164430
   3675.59196 11.405 11.453 11.419 11.416 11.407    0.043 0.084 0.037 0.038 0.039  A 164817
   3677.70870 11.359 11.368 11.365 11.361 11.358    0.036 0.069 0.029 0.029 0.030  A 165138
   3699.57025 11.535 11.509 11.540 11.541 11.522    0.036 0.071 0.031 0.034 0.035  A 167880
   3701.64156 11.409 11.378 11.413 11.438 11.451    0.041 0.058 0.042 0.047 0.055  A 168177
   3704.62198 11.421 11.408 11.421 11.442 11.463    0.037 0.040 0.035 0.036 0.038  A 168564
   3707.59939 11.558 11.596 11.562 11.569 11.566    0.038 0.075 0.030 0.030 0.032  A 168968
   3715.54069 11.607 11.573 11.589 11.561 11.582    0.053 0.093 0.049 0.053 0.057  B 169802
   3717.62018 11.540 11.579 11.568 11.579 11.587    0.043 0.079 0.045 0.054 0.062  B 170077
   3720.60302 11.317 11.319 11.315 11.334 11.378    0.032 0.048 0.034 0.039 0.044  A 170425
   3724.54583 11.569 11.561 11.592 11.594 11.575    0.040 0.070 0.036 0.038 0.041  A 170843
   3727.54763 11.457 11.504 11.479 11.515 11.519    0.043 0.071 0.043 0.050 0.059  B 171243
   3731.54418 11.686 11.724 11.667 11.682 11.699    0.033 0.060 0.033 0.037 0.042  A 171653
   3735.54563 11.482 11.480 11.516 11.545 11.567    0.038 0.077 0.032 0.034 0.036  A 172180
   3862.92357 11.300 11.292 11.318 11.324 11.309    0.032 0.034 0.031 0.034 0.039  A 189296
   3869.91821 11.340 11.375 11.350 11.367 11.336    0.038 0.041 0.043 0.052 0.062  B 190464
   3898.93314 11.401 11.413 11.401 11.403 11.423    0.034 0.050 0.030 0.034 0.039  A 194453
   3902.90870 11.541 11.571 11.551 11.520 99.999    0.029 0.033 0.028 0.030 0.034  C 195126
   3912.93953 11.451 11.432 11.459 11.464 11.494    0.031 0.057 0.028 0.031 0.033  A 196848
   4256.90432 99.999 99.999 99.999 99.999 99.999    0.057 0.053 0.062 0.069 0.074  C 227345
#ndata= 142
#dataset= 4 ; 1 F0032+00_334
#desig= 001508-0320.0
#cra=    0.252147  00:15:07.7
#cdec=  -3.333071 -3:19:59.1
#class= 0
#cmag_0= 11.453
#cmer_0=  0.100
#nskip_0= 0
#cmag_1= 11.464
#cmer_1=  0.087
#nskip_1= 1
#cmag_2= 11.466
#cmer_2=  0.087
#nskip_2= 1
#cmag_3= 11.474
#cmer_3=  0.091
#nskip_3= 1
#cmag_4= 11.475
#cmer_4=  0.097
#nskip_4= 1
#ra=    0.252147  00:15:07.7
#dec=  -3.333071 -3:19:59.1
#     HJD      MAG_1  MAG_0  MAG_2  MAG_3  MAG_4    MER_1 MER_0 MER_2 MER_3 MER_4 GRADE FRAME
   2040.92765 11.377 11.337 11.404 11.445 11.474    0.048 0.076 0.050 0.060 0.070  B 19588
   2053.90803 11.524 11.538 11.559 11.565 11.575    0.054 0.081 0.049 0.051 0.053  B 20142
   2465.86345 11.378 11.402 11.359 11.364 11.357    0.042 0.040 0.034 0.039 0.034  A 11158
   2470.83681 11.441 11.454 11.433 11.460 11.447    0.036 0.033 0.030 0.035 0.029  A 12083
   2481.83341 11.440 11.500 11.423 11.437 11.420    0.052 0.052 0.048 0.058 0.054  A 13034
   2490.79930 11.373 11.371 11.358 11.327 11.343    0.043 0.042 0.040 0.046 0.041  A 14136
   2553.80298 11.369 11.320 11.327 11.327 11.328    0.042 0.046 0.039 0.047 0.043  A 21393
   2628.57407 11.462 11.426 11.465 11.470 11.489    0.040 0.056 0.032 0.033 0.036  A 30694
   2787.90990 11.489 11.421 11.479 11.468 11.458    0.023 0.022 0.020 0.021 0.023  A 56913
   2809.90269 11.460 11.441 11.472 11.485 11.467    0.032 0.028 0.026 0.025 0.026  A 59617
   2820.87972 11.410 11.462 11.438 11.444 11.430    0.027 0.025 0.021 0.023 0.024  A 61613
   2829.91568 11.360 11.368 11.381 11.390 11.399    0.027 0.024 0.022 0.024 0.024  A 62403
   2831.86660 11.335 11.371 11.350 11.360 11.349    0.026 0.024 0.022 0.024 0.027  A 62828
   2834.82075 11.306 11.289 11.309 11.286 11.253    0.054 0.051 0.052 0.058 0.063  A 63414
   2854.77515 11.395 11.400 11.398 11.412 11.408    0.023 0.019 0.017 0.018 0.019  A 65940
   2858.77482 11.390 11.401 11.396 11.418 11.439    0.025 0.023 0.018 0.020 0.021  A 66379
   2879.74669 11.349 11.374 11.374 11.373 11.359    0.024 0.031 0.018 0.020 0.021  A 69299
   2886.82249 11.361 11.382 11.339 11.353 11.350    0.027 0.033 0.024 0.027 0.028  A 70315
   2916.76197 11.463 11.407 11.447 11.446 11.429    0.031 0.043 0.026 0.027 0.028  A 74629
   2942.76530 11.440 11.440 11.413 11.440 11.436    0.034 0.034 0.027 0.030 0.032  A 78254
   2955.61763 11.496 11.445 11.505 11.530 11.576    0.048 0.046 0.049 0.054 0.055  A 80079
   3164.91861 11.373 11.360 11.354 11.369 11.352    0.057 0.074 0.055 0.058 0.061  B 105297
   3266.71931 11.376 11.371 11.379 11.402 11.398    0.026 0.031 0.020 0.021 0.024  A 115214
   3268.71428 11.518 11.519 11.523 11.535 11.550    0.031 0.035 0.027 0.030 0.035  A 115515
   3272.70213 11.431 11.409 11.438 11.463 11.467    0.026 0.030 0.026 0.031 0.037  A 116089
   3274.71006 11.399 11.363 11.411 11.427 11.449    0.030 0.036 0.028 0.034 0.038  A 116351
   3278.71668 11.448 11.402 11.481 11.502 11.488    0.043 0.057 0.044 0.054 0.062  A 116858
   3280.74602 11.372 11.305 11.406 11.440 11.480    0.035 0.050 0.033 0.039 0.045  A 117132
   3363.58619 11.420 11.380 11.419 11.405 11.391    0.037 0.052 0.036 0.043 0.050  A 124932
   3367.58731 11.465 11.392 11.438 11.416 11.413    0.043 0.056 0.044 0.050 0.057  A 125245
   3389.53210 11.550 11.578 11.553 11.579 11.594    0.048 0.082 0.043 0.046 0.051  B 126545
   3525.91019 11.417 11.407 11.394 11.383 11.377    0.033 0.039 0.030 0.034 0.038  A 145587
   3529.91198 11.627 11.621 11.613 11.592 11.576    0.034 0.040 0.036 0.040 0.046  A 146286
   3541.93856 11.466 11.446 11.476 11.475 11.483    0.029 0.035 0.029 0.034 0.040  A 147342
   3552.89166 11.422 11.400 11.414 11.412 11.427    0.032 0.043 0.033 0.038 0.043  A 148553
   3563.86891 11.549 11.535 11.542 11.559 11.589    0.030 0.040 0.026 0.028 0.031  A 150163
   3568.90632 11.492 11.539 11.487 11.497 11.513    0.031 0.035 0.026 0.027 0.029  A 150471
   3571.84607 11.417 11.447 11.435 11.468 11.462    0.038 0.035 0.032 0.036 0.041  A 150972
   3574.83765 11.570 11.539 11.587 11.626 11.641    0.033 0.036 0.030 0.033 0.040  A 151355
   3578.87965 11.449 11.439 11.435 11.441 11.427    0.027 0.032 0.025 0.029 0.033  A 152048
   3582.88085 11.572 11.569 11.558 11.559 11.529    0.033 0.055 0.031 0.037 0.042  A 152732
   3585.81259 11.553 11.558 11.546 11.547 11.538    0.027 0.034 0.026 0.028 0.030  A 153239
   3587.85313 11.378 11.336 11.374 11.371 11.354    0.029 0.037 0.026 0.029 0.034  A 153596
   3590.80810 11.552 11.568 11.544 11.542 11.551    0.040 0.076 0.034 0.035 0.037  B 154070
   3595.80520 11.464 11.416 11.440 11.482 11.533    0.046 0.053 0.050 0.058 0.070  B 154876
   3597.79894 11.417 11.394 11.410 11.410 99.999    0.026 0.037 0.025 0.028 0.031  C 155183
   3600.87905 11.595 11.548 11.630 11.650 11.650    0.045 0.084 0.039 0.044 0.049  B 155468
   3615.90054 11.504 11.480 11.515 11.515 11.489    0.032 0.045 0.032 0.037 0.044  A 156990
   3618.72860 11.570 11.567 11.564 11.565 11.544    0.032 0.052 0.030 0.034 0.038  A 157313
   3621.71889 11.460 11.437 11.459 11.468 11.486    0.036 0.062 0.036 0.041 0.047  A 157766
   3624.74985 11.482 11.445 11.465 11.479 11.505    0.030 0.035 0.025 0.028 0.031  A 158082
   3626.74287 11.621 11.674 11.609 11.613 11.642    0.033 0.041 0.028 0.032 0.037  A 158354
   3629.71330 11.485 11.491 11.469 11.465 11.469    0.031 0.034 0.029 0.034 0.039  A 158642
   3633.73107 11.456 11.423 11.445 11.457 11.460    0.032 0.039 0.033 0.040 0.048  A 159248
   3639.67533 11.491 11.523 11.475 11.469 11.448    0.040 0.070 0.036 0.037 0.041  A 159948
   3642.69333 11.434 11.451 11.437 11.431 11.424    0.033 0.039 0.026 0.028 0.030  A 160335
   3644.76162 11.631 11.623 11.635 11.652 11.644    0.043 0.083 0.040 0.042 0.046  B 160648
   3648.64917 11.418 11.413 11.397 11.356 11.266    0.049 0.052 0.052 0.062 0.072  B 161034
   3650.70736 11.425 11.459 11.417 11.436 11.438    0.031 0.046 0.025 0.027 0.030  A 161334
   3652.70379 11.584 11.653 11.581 11.600 11.613    0.045 0.074 0.044 0.048 0.053  A 161625
   3654.67970 11.541 11.452 11.550 11.545 11.535    0.048 0.090 0.038 0.038 0.042  B 161893
   3656.65308 11.517 11.580 11.496 11.496 11.471    0.029 0.051 0.027 0.029 0.031  A 162182
   3661.65266 11.545 11.511 11.534 11.542 11.602    0.037 0.054 0.034 0.039 0.044  A 162940
   3663.66624 11.564 11.566 11.557 11.549 11.548    0.043 0.078 0.037 0.041 0.046  B 163221
   3665.72095 11.480 11.529 11.468 11.463 11.446    0.029 0.049 0.025 0.028 0.033  A 163531
   3669.64566 11.459 11.482 11.465 11.470 11.478    0.027 0.034 0.022 0.025 0.028  A 163976
   3671.73320 11.613 11.590 11.615 11.616 11.613    0.030 0.036 0.024 0.026 0.030  A 164289
   3673.71354 11.533 11.528 11.538 11.552 11.579    0.029 0.043 0.024 0.027 0.031  A 164570
   3675.76493 11.419 11.467 11.424 11.429 11.445    0.037 0.076 0.031 0.034 0.038  B 164872
   3678.59509 11.466 11.419 11.456 11.438 11.436    0.028 0.050 0.025 0.028 0.031  A 165218
   3701.62189 10.924 11.218 10.776 10.784 10.776    0.051 0.081 0.047 0.050 0.056  B 168170
   3704.60808 11.463 11.492 11.463 11.470 11.446    0.043 0.085 0.034 0.036 0.039  B 168559
   3707.58928 11.570 11.600 11.575 11.579 11.592    0.041 0.083 0.033 0.035 0.037  B 168964
   3717.62345 11.486 11.485 11.498 11.538 11.531    0.044 0.075 0.042 0.049 0.054  B 170078
   3720.60633 11.414 11.395 11.420 11.424 11.422    0.031 0.047 0.032 0.037 0.042  A 170426
   3726.54978 11.526 11.572 11.484 11.454 11.451    0.046 0.082 0.042 0.046 0.051  B 171107
   3736.56674 11.474 11.508 11.475 11.472 11.491    0.029 0.042 0.026 0.028 0.031  A 172325
   3889.93104 11.390 11.379 11.394 11.409 11.410    0.031 0.033 0.027 0.030 0.035  A 193089
   3893.91573 11.574 11.598 11.569 11.569 11.581    0.030 0.032 0.026 0.030 0.033  A 193805
   3900.92233 11.668 11.650 11.677 11.688 11.730    0.030 0.036 0.031 0.037 0.043  A 194748
   3907.89577 11.442 11.430 11.428 11.423 11.403    0.026 0.040 0.025 0.029 0.032  A 196076
   4105.56432 11.470 11.474 11.477 11.489 11.497    0.043 0.079 0.037 0.040 0.043  B 210795
   4109.54888 11.321 11.264 11.313 11.326 11.330    0.043 0.087 0.036 0.038 0.041  B 211216
   4246.91329 11.565 11.581 11.562 11.588 11.609    0.041 0.040 0.036 0.037 0.040  A 226313
   4258.93189 11.411 11.375 11.414 11.411 11.381    0.066 0.060 0.065 0.067 0.072  B 227617
   4273.92579 11.572 11.555 11.584 11.608 11.605    0.042 0.043 0.035 0.036 0.038  A 228595
   4283.88802 11.562 11.574 11.566 11.580 11.581    0.033 0.037 0.032 0.037 0.044  A 229720
   4292.87424 11.542 11.596 11.516 11.511 11.515    0.035 0.038 0.027 0.028 0.031  A 230957
   4295.86999 11.340 11.338 11.337 11.340 11.347    0.033 0.037 0.026 0.029 0.033  A 231475
   4303.88672 11.317 11.318 11.322 11.337 11.341    0.059 0.053 0.053 0.054 0.056  B 232854
   4305.86834 11.413 11.377 11.420 11.434 11.426    0.044 0.048 0.042 0.046 0.050  A 233212
   4307.83999 11.517 11.520 11.515 11.516 11.504    0.037 0.054 0.030 0.031 0.033  A 233547
   4309.83949 11.571 11.581 11.575 11.597 11.620    0.035 0.038 0.031 0.034 0.038  A 233860
   4311.86825 11.435 11.559 11.425 11.423 11.414    0.058 0.067 0.067 0.088 0.101  D 234138
   4316.88405 11.600 11.541 11.615 11.637 11.600    0.042 0.046 0.041 0.049 0.059  A 234728
   4329.81888 11.389 11.338 11.400 11.405 11.386    0.041 0.043 0.036 0.039 0.042  A 235201
   4331.79843 11.352 11.311 11.364 11.378 11.391    0.036 0.051 0.029 0.031 0.035  A 235552
   4333.78087 11.505 11.500 11.493 11.491 11.491    0.036 0.036 0.031 0.033 0.036  A 235906
   4336.77760 11.575 11.559 11.586 11.587 11.570    0.040 0.041 0.037 0.042 0.045  A 236250
   4339.75075 11.435 11.403 11.442 11.416 11.366    0.082 0.080 0.081 0.085 0.090  D 236627
   4344.78204 11.689 11.659 11.697 11.732 11.736    0.054 0.049 0.057 0.064 0.070  B 237490
   4346.79797 11.351 11.419 11.348 11.360 11.355    0.075 0.084 0.072 0.075 0.078  D 237834
   4348.78499 11.301 11.222 11.310 11.310 11.287    0.066 0.080 0.069 0.075 0.080  D 238184
   4351.72361 11.500 11.542 11.486 11.514 11.524    0.049 0.063 0.047 0.058 0.068  B 238626
   4354.70960 11.523 11.472 11.545 11.564 11.562    0.033 0.044 0.026 0.029 0.033  A 239022
   4356.75010 11.325 11.307 11.320 11.326 11.312    0.037 0.047 0.030 0.033 0.038  A 239382
   4359.70119 11.466 11.420 11.470 11.480 11.484    0.036 0.042 0.033 0.038 0.044  A 239818
   4362.69057 11.611 11.599 11.602 11.617 11.628    0.033 0.032 0.029 0.032 0.036  A 240190
   4364.69153 11.387 11.353 11.376 11.380 11.375    0.031 0.033 0.024 0.027 0.031  A 240521
   4366.84937 11.306 11.295 11.319 11.339 11.342    0.040 0.047 0.033 0.035 0.038  A 240758
   4371.71107 11.572 11.594 11.554 11.567 11.608    0.037 0.052 0.034 0.039 0.046  A 241496
   4373.72359 11.428 11.457 11.410 11.403 11.399    0.037 0.058 0.033 0.037 0.042  A 241794
   4376.71519 11.348 11.302 11.354 11.368 11.352    0.035 0.044 0.031 0.034 0.039  A 242148
   4378.81895 11.520 11.473 11.543 11.546 11.520    0.052 0.065 0.051 0.060 0.069  B 242479
   4381.63722 11.478 11.445 11.486 11.471 11.470    0.034 0.039 0.033 0.036 0.041  A 242873
   4383.67033 11.347 11.318 11.354 11.365 11.370    0.032 0.035 0.026 0.028 0.031  A 243189
   4385.68977 11.413 11.424 11.412 11.425 11.428    0.032 0.036 0.025 0.027 0.029  A 243509
   4387.71336 11.534 11.515 11.544 11.551 11.532    0.035 0.039 0.029 0.032 0.035  A 243833
   4389.69223 11.529 11.521 11.505 11.494 11.466    0.040 0.045 0.036 0.041 0.048  A 244125
   4393.63816 11.394 11.435 11.380 11.369 11.330    0.043 0.054 0.044 0.050 0.057  A 244648
   4399.63136 11.480 11.537 11.459 11.470 11.483    0.041 0.067 0.039 0.047 0.055  A 244829
   4404.69192 11.436 11.423 11.435 11.442 11.435    0.034 0.046 0.027 0.031 0.035  A 245362
   4408.59705 11.428 11.432 11.404 11.391 11.390    0.032 0.046 0.028 0.032 0.037  A 245716
   4411.60412 11.385 11.360 11.402 11.452 11.450    0.052 0.095 0.042 0.042 0.046  B 246084
   4419.65644 11.342 11.344 11.338 11.345 11.354    0.040 0.053 0.037 0.043 0.049  A 246405
   4426.55697 11.355 11.332 11.344 11.330 11.331    0.043 0.074 0.041 0.048 0.057  A 246919
   4428.61908 11.414 11.405 11.416 11.426 11.457    0.049 0.077 0.045 0.051 0.061  B 247169
   4430.68874 11.431 11.418 11.442 11.458 11.459    0.039 0.055 0.037 0.043 0.051  A 247428
   4433.59813 11.608 11.640 11.610 11.637 11.646    0.042 0.073 0.034 0.036 0.038  A 247780
   4435.63354 11.429 11.396 11.433 11.469 11.499    0.037 0.061 0.030 0.033 0.036  A 248031
   4438.61177 11.327 11.259 11.337 11.336 11.331    0.037 0.058 0.032 0.036 0.040  A 248396
   4440.65246 11.486 11.497 11.506 11.535 11.533    0.038 0.056 0.031 0.034 0.038  A 248668
   4443.62787 11.427 11.427 11.441 11.459 11.439    0.036 0.042 0.033 0.034 0.037  A 248980
   4456.61074 11.391 11.359 11.379 11.425 11.434    0.043 0.063 0.042 0.050 0.059  A 250441
   4459.59122 11.617 11.592 11.628 11.636 11.667    0.042 0.063 0.038 0.043 0.050  A 250793
   4462.58570 11.357 11.332 11.351 11.352 11.335    0.032 0.042 0.029 0.033 0.039  A 251158
   4465.57681 11.300 11.252 11.307 11.319 11.320    0.036 0.041 0.033 0.038 0.044  A 251506
   4468.57014 11.550 11.572 11.544 11.550 11.559    0.036 0.058 0.031 0.033 0.038  A 251845
   4473.54710 11.387 11.426 11.393 11.417 11.439    0.037 0.062 0.031 0.034 0.039  A 252333
   4476.54843 11.527 11.445 11.543 11.557 11.563    0.046 0.075 0.042 0.047 0.049  B 252613
   4482.53635 11.375 11.380 11.353 11.365 11.361    0.044 0.074 0.039 0.044 0.049  A 253292
   4486.53743 11.548 11.502 11.585 11.633 11.682    0.054 0.080 0.056 0.064 0.068  B 253675
