#ndata= 2
#dataset= 1 ; 1 F0000-80_006
#desig= 001513-6851.1
#cra=    0.253635  00:15:13.1
#cdec= -68.851424 -68:51:05.1
#class= 0
#cmag_0=  8.643
#cmer_0=  0.046
#nskip_0= 0
#cmag_1=  8.682
#cmer_1=  0.021
#nskip_1= 0
#cmag_2=  8.706
#cmer_2=  0.023
#nskip_2= 0
#cmag_3=  8.725
#cmer_3=  0.025
#nskip_3= 0
#cmag_4=  8.726
#cmer_4=  0.026
#nskip_4= 0
#ra=    0.253635  00:15:13.1
#dec= -68.851424 -68:51:05.1
#     HJD      MAG_4  MAG_0  MAG_1  MAG_2  MAG_3    MER_4 MER_0 MER_1 MER_2 MER_3 GRADE FRAME
   2122.75720  8.746  8.677  8.699  8.724  8.744    0.043 0.060 0.039 0.035 0.039  A 27490
   2137.72049  8.707  8.610  8.667  8.689  8.708    0.035 0.048 0.030 0.028 0.032  A 29876
#ndata= 331
#dataset= 2 ; 1 F0000-72_018
#desig= 001512-6851.0
#cra=    0.253405  00:15:12.3
#cdec= -68.849518 -68:50:58.3
#class= 0
#cmag_0=  8.705
#cmer_0=  0.061
#nskip_0= 4
#cmag_1=  8.709
#cmer_1=  0.056
#nskip_1= 1
#cmag_2=  8.709
#cmer_2=  0.053
#nskip_2= 0
#cmag_3=  8.709
#cmer_3=  0.054
#nskip_3= 0
#cmag_4=  8.711
#cmer_4=  0.052
#nskip_4= 0
#ra=    0.253405  00:15:12.3
#dec= -68.849518 -68:50:58.3
#     HJD      MAG_4  MAG_0  MAG_1  MAG_2  MAG_3    MER_4 MER_0 MER_1 MER_2 MER_3 GRADE FRAME
   1868.53668  8.731  8.774  8.732  8.725  8.725    0.036 0.070 0.036 0.031 0.033  A 38
   1870.52171  8.750  8.760  8.757  8.755  8.749    0.032 0.048 0.031 0.028 0.030  A 354
   1872.58069  8.764  8.785  8.747  8.755  8.760    0.029 0.044 0.025 0.023 0.026  A 659
   1874.53078  8.767  8.724  8.755  8.761  8.764    0.034 0.077 0.036 0.031 0.033  A 962
   1876.54833  8.768  8.727  8.732  8.754  8.764    0.029 0.055 0.028 0.025 0.026  A 1288
   1884.52234  8.790  8.794  8.807  8.797  8.790    0.047 0.065 0.036 0.036 0.041  A 2214
   1886.57003  8.798  8.756  8.760  8.790  8.797    0.031 0.044 0.029 0.024 0.026  A 2555
   1888.58380  8.798  8.807  8.788  8.794  8.800    0.035 0.063 0.033 0.029 0.031  A 2881
   1900.58557  8.761  8.711  8.762  8.757  8.758    0.033 0.045 0.032 0.028 0.029  A 3331
   1903.60469  8.787  8.812  8.754  8.778  8.786    0.029 0.049 0.032 0.027 0.028  A 3655
   1906.54886  8.777  8.757  8.785  8.777  8.772    0.027 0.042 0.027 0.023 0.024  A 4115
   1914.59058  8.757  8.790  8.768  8.759  8.756    0.032 0.049 0.032 0.026 0.028  A 4750
   1919.59862  8.707  8.684  8.728  8.715  8.715    0.038 0.041 0.036 0.030 0.034  A 5287
   1923.53314  8.685  8.714  8.662  8.678  8.686    0.032 0.048 0.032 0.028 0.029  A 5894
   1927.52503  8.661  8.665  8.659  8.669  8.660    0.038 0.041 0.034 0.031 0.035  A 6566
   1931.52662  8.647  8.675  8.650  8.649  8.648    0.061 0.057 0.060 0.052 0.057  B 7216
   1950.51590  8.649  8.678  8.641  8.650  8.640    0.051 0.057 0.048 0.040 0.045  A 9314
   2014.92383 29.999 29.999 29.999 29.999 29.999    0.057 0.066 0.055 0.049 0.056  C 15870
   2026.89529  8.675  8.672  8.672  8.671  8.665    0.037 0.058 0.032 0.031 0.034  A 17521
   2030.93934  8.653  8.695  8.667  8.661  8.654    0.080 0.060 0.051 0.056 0.069  D 17934
   2032.90395  8.654  8.640  8.650  8.653  8.658    0.033 0.044 0.029 0.027 0.030  A 18352
   2039.90425  8.639  8.584  8.636  8.642  8.644    0.045 0.086 0.048 0.041 0.042  D 19351
   2052.89274  8.737  8.681  8.725  8.735  8.734    0.031 0.050 0.026 0.025 0.027  A 19928
   2054.85151  8.714  8.744  8.725  8.715  8.717    0.035 0.057 0.032 0.029 0.031  A 20341
   2055.89102  8.701  8.636  8.685  8.689  8.691    0.033 0.057 0.031 0.028 0.030  A 20579
   2057.84888  8.662  8.683  8.665  8.665  8.662    0.032 0.052 0.031 0.027 0.029  A 21016
   2064.90911  8.751  8.782  8.745  8.752  8.757    0.035 0.062 0.031 0.029 0.031  A 21664
   2067.80998  8.794  8.817  8.788  8.786  8.795    0.042 0.073 0.038 0.035 0.038  A 21924
   2068.80661  8.792  8.745  8.791  8.793  8.788    0.064 0.075 0.048 0.049 0.056  A 22148
   2069.80191  8.763  8.768  8.765  8.765  8.764    0.039 0.069 0.035 0.032 0.035  A 22369
   2070.80255  8.727  8.751  8.746  8.739  8.735    0.124 0.082 0.074 0.082 0.103  D 22589
   2080.81118  8.710  8.751  8.709  8.707  8.711    0.033 0.068 0.035 0.028 0.029  A 22973
   2085.86362  8.753  8.729  8.741  8.751  8.752    0.029 0.038 0.031 0.025 0.027  A 23916
   2086.94205  8.776  8.765  8.786  8.778  8.777    0.030 0.030 0.026 0.026 0.027  A 24172
   2087.89409  8.792  8.736  8.774  8.786  8.791    0.034 0.053 0.032 0.028 0.031  A 24374
   2088.84888  8.803  8.775  8.787  8.798  8.800    0.030 0.053 0.030 0.026 0.028  A 24583
   2093.76209  8.839  8.901  8.844  8.840  8.839    0.041 0.081 0.041 0.034 0.036  B 24766
   2094.77907  8.841  8.867  8.851  8.845  8.841    0.041 0.070 0.039 0.035 0.038  A 25060
   2095.77066  8.817  8.835  8.821  8.818  8.812    0.058 0.081 0.047 0.045 0.050  B 25283
   2096.74659  8.831  8.867  8.831  8.823  8.830    0.067 0.081 0.056 0.056 0.062  B 25498
   2104.73851  8.745  8.744  8.749  8.743  8.745    0.034 0.060 0.034 0.028 0.030  A 26053
   2105.79020  8.725  8.699  8.734  8.728  8.726    0.037 0.068 0.036 0.031 0.032  A 26296
   2106.80649  8.710  8.679  8.681  8.702  8.710    0.033 0.060 0.035 0.029 0.031  A 26506
   2113.83338  8.695  8.653  8.680  8.689  8.691    0.030 0.051 0.033 0.027 0.028  A 26633
   2114.85420  8.706  8.691  8.701  8.697  8.702    0.040 0.050 0.039 0.035 0.037  A 26754
   2115.90201  8.698  8.697  8.694  8.696  8.695    0.039 0.042 0.037 0.033 0.035  A 26977
   2116.78035  8.717  8.693  8.732  8.722  8.716    0.034 0.053 0.033 0.029 0.031  A 27149
   2117.76554  8.728  8.696  8.730  8.726  8.726    0.035 0.060 0.035 0.030 0.030  A 27361
   2128.70127  8.766  8.742  8.743  8.752  8.763    0.035 0.058 0.034 0.030 0.032  A 27967
   2129.71619  8.758  8.726  8.758  8.755  8.759    0.034 0.051 0.032 0.028 0.031  A 28188
   2130.72447  8.733  8.746  8.738  8.744  8.741    0.034 0.050 0.035 0.030 0.031  A 28408
   2131.73048  8.758  8.776  8.756  8.757  8.754    0.037 0.073 0.036 0.031 0.033  A 28610
   2132.74192  8.747  8.717  8.765  8.752  8.746    0.033 0.064 0.033 0.028 0.031  A 28827
   2133.73279  8.739  8.713  8.718  8.734  8.739    0.031 0.047 0.032 0.027 0.029  A 29039
   2134.73735  8.755  8.733  8.711  8.740  8.748    0.032 0.048 0.033 0.028 0.028  A 29255
   2135.73357  8.738  8.673  8.729  8.737  8.742    0.052 0.069 0.042 0.040 0.046  A 29468
   2136.73154  8.749  8.748  8.745  8.745  8.746    0.033 0.056 0.034 0.029 0.031  A 29681
   2140.71229  8.727  8.703  8.711  8.723  8.724    0.033 0.053 0.037 0.030 0.030  A 30215
   2141.71678  8.719  8.704  8.724  8.718  8.717    0.031 0.045 0.032 0.028 0.028  A 30429
   2143.71326  8.688  8.677  8.677  8.683  8.684    0.036 0.068 0.038 0.032 0.034  A 30833
   2144.70594  8.669  8.663  8.650  8.659  8.665    0.036 0.069 0.036 0.031 0.033  A 31034
   2145.70834  8.679  8.647  8.678  8.678  8.675    0.033 0.054 0.032 0.029 0.031  A 31239
   2445.87183  8.756  8.741  8.735  8.758  8.756    0.024 0.031 0.028 0.021 0.022  A 9197
   2446.90274  8.762  8.723  8.745  8.753  8.757    0.029 0.034 0.033 0.026 0.027  A 9370
   2465.80335  8.693  8.684  8.688  8.689  8.689    0.027 0.035 0.033 0.026 0.028  A 11131
   2466.79701  8.716  8.685  8.734  8.720  8.722    0.027 0.033 0.033 0.026 0.029  A 11347
   2467.80081  8.701  8.671  8.681  8.692  8.701    0.021 0.031 0.032 0.022 0.022  A 11567
   2471.84906  8.671  8.687  8.674  8.671  8.656    0.030 0.039 0.037 0.032 0.037  A 12567
   2473.77318  8.695  8.668  8.659  8.685  8.677    0.033 0.038 0.039 0.034 0.039  A 12742
   2482.70581  8.762  8.741  8.763  8.755  8.759    0.041 0.049 0.045 0.040 0.048  A 13185
   2489.73109  8.738  8.729  8.718  8.721  8.731    0.027 0.037 0.036 0.027 0.028  A 13888
   2492.81366  8.718  8.697  8.701  8.716  8.720    0.045 0.051 0.047 0.042 0.049  A 14359
   2493.76724  8.730  8.705  8.711  8.716  8.713    0.049 0.062 0.057 0.050 0.054  B 14530
   2495.80382  8.727  8.729  8.698  8.717  8.738    0.034 0.044 0.043 0.037 0.041  A 14873
   2498.72821  8.708  8.685  8.696  8.703  8.695    0.031 0.037 0.037 0.030 0.033  A 15476
   2499.72794 99.999  8.706  8.691  8.699  8.711    0.028 0.035 0.034 0.028 0.030  C 15686
   2501.73226  8.707  8.700  8.694  8.694  8.709    0.025 0.035 0.036 0.029 0.032  A 16050
   2502.73005 99.999  8.656  8.641 99.999 99.999    0.038 0.047 0.043 0.038 0.044  C 16261
   2503.73250  8.661  8.673  8.669  8.648  8.647    0.071 0.081 0.072 0.066 0.075  D 16466
   2519.78260  8.771  8.746  8.729  8.760  8.761    0.022 0.036 0.034 0.023 0.023  A 18060
   2523.73033  8.746  8.745  8.773  8.756  8.755    0.027 0.038 0.036 0.028 0.030  A 18522
   2526.66501  8.730  8.729  8.767  8.766  8.743    0.029 0.040 0.035 0.032 0.029  A 18854
   2544.82403  8.647  8.689  8.644  8.642  8.642    0.028 0.031 0.027 0.023 0.024  A 20062
   2548.64923  8.702  8.722  8.718  8.716  8.704    0.032 0.033 0.034 0.029 0.031  A 20598
   2553.57071  8.731  8.757  8.715  8.717  8.716    0.031 0.041 0.040 0.033 0.032  A 21298
   2554.66629  8.745  8.724  8.725  8.729  8.743    0.044 0.053 0.046 0.039 0.042  A 21521
   2558.64660  8.734  8.715  8.758  8.736  8.735    0.022 0.031 0.029 0.020 0.020  A 22051
   2559.64012  8.735  8.703  8.741  8.734  8.736    0.025 0.040 0.034 0.023 0.024  A 22229
   2560.64335  8.731  8.725  8.746  8.727  8.738    0.030 0.036 0.031 0.028 0.030  A 22409
   2561.62790  8.701  8.693  8.713  8.710  8.704    0.033 0.042 0.033 0.031 0.032  A 22550
   2562.63347  8.710  8.718  8.707  8.710  8.715    0.025 0.033 0.027 0.022 0.023  A 22733
   2563.65204  8.703  8.711  8.710  8.707  8.702    0.029 0.048 0.036 0.028 0.027  A 22920
   2564.65350  8.719  8.726  8.743  8.729  8.717    0.031 0.043 0.036 0.029 0.028  A 23100
   2565.67629  8.712  8.695  8.720  8.699  8.714    0.028 0.037 0.032 0.026 0.026  A 23288
   2566.68883  8.708  8.722  8.728  8.712  8.709    0.029 0.038 0.038 0.029 0.029  A 23472
   2578.58042  8.704  8.726  8.683  8.698  8.695    0.021 0.042 0.035 0.024 0.022  A 24922
   2579.58438  8.706  8.692  8.718  8.709  8.708    0.026 0.047 0.043 0.033 0.028  A 25087
   2601.61825  8.807  8.785  8.829  8.815  8.835    0.053 0.083 0.064 0.052 0.056  D 27413
   2622.57446  8.800  8.804  8.811  8.803  8.800    0.030 0.036 0.034 0.028 0.029  A 29941
   2624.62360  8.811  8.868  8.822  8.816  8.814    0.034 0.052 0.030 0.028 0.030  A 30246
   2627.62769  8.807  8.821  8.808  8.810  8.806    0.036 0.050 0.032 0.030 0.032  A 30568
   2629.62718  8.812  8.861  8.813  8.806  8.806    0.034 0.046 0.031 0.030 0.032  A 30869
   2634.56632  8.721  8.718  8.719  8.727  8.724    0.029 0.034 0.027 0.025 0.026  A 32048
   2636.59308  8.719  8.838  8.739  8.725  8.718    0.029 0.038 0.028 0.025 0.026  A 32363
   2638.60272  8.713  8.671  8.709  8.715  8.713    0.029 0.052 0.027 0.025 0.027  A 32658
   2640.60321  8.674  8.624  8.686  8.672  8.675    0.029 0.054 0.034 0.027 0.028  A 32968
   2642.60107  8.674  8.794  8.691  8.674  8.674    0.033 0.045 0.032 0.028 0.029  A 33252
   2644.59696  8.689  8.649  8.679  8.682  8.687    0.034 0.045 0.029 0.026 0.030  A 33555
   2646.57866  8.694  8.669  8.696  8.701  8.693    0.030 0.040 0.030 0.026 0.027  A 33849
   2649.57512  8.669  8.683  8.693  8.678  8.673    0.028 0.033 0.030 0.025 0.026  A 34101
   2651.58026  8.676  8.660  8.676  8.670  8.674    0.033 0.049 0.033 0.028 0.031  A 34413
   2653.59436  8.662  8.676  8.656  8.657  8.657    0.036 0.047 0.036 0.031 0.033  A 34726
   2659.56815  8.631  8.613  8.635  8.629  8.633    0.033 0.037 0.029 0.027 0.030  A 35740
   2661.56510  8.641  8.732  8.659  8.643  8.636    0.029 0.036 0.027 0.024 0.026  A 36081
   2663.56399  8.645  8.636  8.641  8.643  8.643    0.032 0.040 0.031 0.028 0.030  A 36419
   2665.56391  8.651  8.661  8.642  8.647  8.653    0.033 0.050 0.033 0.030 0.031  A 36770
   2667.56335  8.690  8.622  8.678  8.677  8.686    0.034 0.050 0.032 0.028 0.031  A 37074
   2670.53027  8.698  8.695  8.683  8.700  8.700    0.032 0.038 0.030 0.026 0.030  A 37545
   2672.53560  8.672  8.776  8.707  8.684  8.673    0.029 0.043 0.028 0.025 0.027  A 37882
   2674.53029  8.669  8.663  8.684  8.685  8.672    0.032 0.038 0.031 0.027 0.029  A 38223
   2676.52856  8.668  8.645  8.655  8.674  8.669    0.031 0.041 0.028 0.025 0.028  A 38588
   2678.53033  8.663  8.675  8.676  8.664  8.663    0.034 0.032 0.030 0.027 0.030  A 38931
   2683.51799  8.627  8.615  8.645  8.636  8.624    0.053 0.044 0.040 0.041 0.046  A 39765
   2687.51800  8.614  8.652  8.616  8.623  8.621    0.044 0.044 0.034 0.033 0.038  A 40495
   2783.84898  8.680  8.711  8.675  8.684  8.678    0.026 0.032 0.028 0.026 0.027  A 56020
   2785.90612  8.681  8.686  8.712  8.703  8.691    0.052 0.044 0.049 0.047 0.050  A 56463
   2790.91064  8.652  8.715  8.638  8.651  8.643    0.034 0.031 0.037 0.031 0.034  A 57442
   2809.79391  8.688  8.718  8.676  8.682  8.684    0.028 0.035 0.028 0.025 0.025  A 59570
   2818.94236  8.660  8.679  8.646  8.674  8.665    0.038 0.036 0.037 0.032 0.036  A 61199
   2833.89274  8.734  8.732  8.713  8.729  8.727    0.037 0.032 0.032 0.027 0.031  A 63219
   2839.85289  8.708  8.700  8.716  8.718  8.721    0.114 0.076 0.078 0.086 0.098  D 64198
   2841.79123  8.728  8.697  8.722  8.722  8.723    0.029 0.030 0.031 0.024 0.026  A 64592
   2844.81094  8.729  8.709  8.710  8.723  8.725    0.029 0.025 0.030 0.026 0.030  A 65075
   2851.85105  8.777  8.741  8.790  8.771  8.780    0.037 0.032 0.037 0.031 0.038  A 65531
   2854.70162  8.782  8.753  8.771  8.768  8.788    0.027 0.026 0.029 0.023 0.026  A 65909
   2862.82648  8.750  8.730  8.743  8.746  8.749    0.035 0.032 0.033 0.027 0.031  A 67246
   2871.82164  8.758  8.745  8.783  8.765  8.763    0.025 0.027 0.031 0.024 0.024  A 68028
   2874.72762  8.768  8.782  8.766  8.770  8.767    0.024 0.029 0.026 0.022 0.022  A 68401
   2883.69571  8.801  8.836  8.793  8.797  8.796    0.023 0.030 0.025 0.021 0.021  A 69644
   2895.78235  8.790  8.794  8.795  8.787  8.787    0.028 0.034 0.027 0.024 0.026  A 71332
   2897.79855  8.793  8.802  8.814  8.804  8.797    0.029 0.033 0.029 0.025 0.026  A 71738
   2899.76092  8.773  8.822  8.729  8.756  8.756    0.031 0.031 0.034 0.030 0.032  A 72085
   2902.72971  8.776  8.776  8.768  8.775  8.771    0.026 0.032 0.025 0.022 0.024  A 72552
   2907.80197  8.742  8.766  8.738  8.733  8.739    0.058 0.056 0.049 0.049 0.054  A 73304
   2916.71398  8.713  8.731  8.708  8.710  8.718    0.030 0.032 0.028 0.025 0.027  A 74610
   2918.66114  8.751  8.743  8.742  8.742  8.744    0.036 0.032 0.028 0.027 0.032  A 74901
   2921.69903  8.809  8.805  8.813  8.798  8.793    0.081 0.058 0.067 0.068 0.074  D 75108
   2923.68676  8.815  8.774  8.831  8.831  8.823    0.034 0.040 0.029 0.027 0.030  A 75478
   2926.68805  8.830  8.843  8.832  8.830  8.828    0.029 0.031 0.027 0.023 0.026  A 75838
   2928.68145  8.775  8.796  8.791  8.790  8.791    0.076 0.065 0.064 0.066 0.072  D 76209
   2929.82021  8.806  8.787  8.822  8.816  8.814    0.047 0.048 0.036 0.036 0.042  A 76438
   2931.77135  8.790  8.795  8.793  8.780  8.787    0.040 0.037 0.034 0.032 0.035  A 76775
   2933.73962  8.758  8.772  8.770  8.754  8.762    0.037 0.037 0.032 0.030 0.033  A 77117
   2935.73444  8.738  8.737  8.743  8.744  8.736    0.035 0.035 0.030 0.027 0.030  A 77476
   2939.55504  8.716  8.701  8.697  8.707  8.714    0.026 0.031 0.026 0.022 0.023  A 77781
   2940.78927  8.710  8.681  8.719  8.715  8.710    0.041 0.041 0.037 0.036 0.038  A 78068
   2942.65553  8.733  8.702  8.735  8.726  8.730    0.036 0.031 0.034 0.033 0.035  A 78210
   2945.61943  8.712  8.659  8.702  8.712  8.702    0.047 0.052 0.040 0.039 0.043  A 78697
   2948.61326  8.727  8.716  8.721  8.730  8.729    0.040 0.039 0.032 0.031 0.035  A 79130
   2950.64789  8.735  8.742  8.750  8.738  8.733    0.036 0.034 0.031 0.028 0.032  A 79449
   2952.66854  8.749  8.772  8.741  8.745  8.747    0.044 0.035 0.034 0.033 0.039  A 79700
   2954.66720  8.746  8.771  8.754  8.748  8.750    0.040 0.037 0.034 0.033 0.036  A 79954
   2958.66184  8.794  8.788  8.809  8.797  8.796    0.028 0.028 0.026 0.023 0.026  A 80534
   2960.66050  8.801  8.810  8.808  8.799  8.802    0.068 0.051 0.050 0.052 0.060  B 80788
   2962.67287  8.812  8.809  8.833  8.823  8.816    0.030 0.031 0.028 0.025 0.027  A 81077
   2964.67817  8.807  8.846  8.799  8.808  8.811    0.029 0.029 0.027 0.024 0.026  A 81362
   2968.68631  8.809  8.827  8.813  8.816  8.813    0.030 0.030 0.028 0.024 0.027  A 81926
   2971.52347  8.815  8.814  8.815  8.812  8.811    0.030 0.031 0.026 0.025 0.027  A 82203
   2973.54677  8.783  8.808  8.795  8.779  8.782    0.029 0.029 0.025 0.022 0.025  A 82433
   2975.57236  8.774  8.773  8.780  8.777  8.774    0.033 0.035 0.029 0.026 0.029  A 82690
   2977.59803  8.740  8.735  8.740  8.746  8.741    0.033 0.035 0.030 0.027 0.030  A 82971
   2979.61865  8.720  8.717  8.731  8.723  8.720    0.037 0.037 0.033 0.030 0.032  A 83248
   2981.63532  8.693  8.723  8.702  8.689  8.691    0.044 0.037 0.034 0.034 0.039  A 83510
   2983.64898  8.679  8.707  8.676  8.675  8.673    0.042 0.035 0.032 0.031 0.037  A 83783
   2985.65833  8.677  8.644  8.686  8.662  8.674    0.034 0.034 0.031 0.027 0.031  A 84050
   2987.68455  8.687  8.719  8.688  8.687  8.685    0.036 0.040 0.032 0.029 0.032  A 84325
   2990.65154  8.728  8.765  8.716  8.721  8.723    0.035 0.037 0.031 0.028 0.031  A 84650
   2992.65218  8.743  8.749  8.741  8.741  8.744    0.033 0.032 0.029 0.025 0.029  A 84926
   2995.58003  8.767  8.801  8.747  8.770  8.764    0.032 0.033 0.032 0.026 0.029  A 85287
   2997.60600  8.760  8.779  8.766  8.764  8.760    0.031 0.037 0.029 0.025 0.028  A 85572
   3000.59440  8.747  8.782  8.751  8.760  8.752    0.032 0.037 0.029 0.025 0.028  A 85840
   3006.60654  8.749  8.761  8.752  8.748  8.743    0.060 0.050 0.045 0.049 0.054  A 86577
   3008.62398  8.683  8.689  8.698  8.699  8.688    0.038 0.033 0.032 0.030 0.033  A 86838
   3011.58525  8.684  8.654  8.701  8.683  8.686    0.065 0.044 0.043 0.046 0.056  A 87229
   3013.59536  8.659  8.647  8.679  8.664  8.656    0.048 0.034 0.033 0.033 0.041  A 87497
   3016.60729  8.642  8.631  8.643  8.643  8.641    0.035 0.036 0.030 0.028 0.032  A 87733
   3019.56488  8.607  8.606  8.618  8.617  8.619    0.055 0.039 0.039 0.042 0.048  A 88113
   3023.56649  8.652  8.630  8.660  8.654  8.647    0.035 0.039 0.031 0.029 0.031  A 88272
   3028.56621  8.688  8.667  8.697  8.699  8.692    0.034 0.042 0.032 0.028 0.031  A 88547
   3031.55079  8.710  8.695  8.711  8.713  8.709    0.033 0.033 0.029 0.027 0.030  A 88821
   3034.55896  8.712  8.686  8.704  8.714  8.702    0.040 0.036 0.032 0.031 0.035  A 89108
   3039.53555  8.706  8.667  8.680  8.692  8.702    0.046 0.041 0.041 0.034 0.040  A 89516
   3043.53399  8.714  8.688  8.716  8.720  8.716    0.060 0.038 0.046 0.048 0.054  A 89892
   3047.52544  8.686  8.686  8.701  8.699  8.705    0.044 0.032 0.033 0.032 0.038  A 90427
   3052.51452  8.770  8.641  8.679  8.714  8.753    0.120 0.077 0.081 0.096 0.112  D 91091
   3105.91998  8.668  8.658  8.668  8.672  8.666    0.077 0.070 0.068 0.066 0.071  D 98164
   3130.89125  8.680  8.720  8.692  8.678  8.676    0.097 0.082 0.072 0.078 0.086  D 101576
   3146.90854  8.677  8.649  8.680  8.676  8.674    0.044 0.032 0.030 0.032 0.038  A 103615
   3182.89261  8.712  8.726  8.700  8.708  8.705    0.046 0.033 0.033 0.033 0.039  A 107594
   3193.90802  8.817  8.819  8.809  8.802  8.811    0.035 0.042 0.033 0.028 0.031  A 108982
   3211.91860  8.758  8.728  8.764  8.748  8.753    0.052 0.042 0.042 0.042 0.048  A 109539
   3356.58657  8.784  8.788  8.781  8.781  8.781    0.038 0.043 0.028 0.029 0.034  A 124458
   3382.57444  8.733  8.731  8.735  8.738  8.740    0.098 0.082 0.093 0.095 0.096  D 125606
   3394.53037  8.617  8.571  8.612  8.618  8.614    0.076 0.070 0.060 0.063 0.069  D 127104
   3397.53980  8.628  8.604  8.614  8.616  8.622    0.039 0.042 0.031 0.031 0.034  A 127468
   3400.53798 99.999 99.999 99.999 99.999 99.999    0.040 0.041 0.031 0.032 0.037  C 127876
   3404.52805  8.662  8.661  8.652  8.655  8.659    0.032 0.038 0.027 0.026 0.028  A 128368
   3407.52681  8.677  8.719  8.685  8.681  8.680    0.075 0.073 0.066 0.066 0.071  D 128839
   3410.52309  8.719  8.717  8.712  8.704  8.707    0.057 0.077 0.042 0.044 0.050  A 129309
   3413.51974  8.688  8.668  8.685  8.682  8.678    0.083 0.060 0.057 0.062 0.072  D 129737
   3546.88678  8.748  8.731  8.753  8.751  8.742    0.114 0.063 0.068 0.075 0.094  D 147942
   3551.92913  8.790  8.753  8.771  8.785  8.788    0.035 0.048 0.035 0.030 0.031  A 148408
   3561.83971  8.773  8.743  8.762  8.770  8.771    0.033 0.044 0.031 0.028 0.029  A 149811
   3568.88598  8.744  8.728  8.700  8.737  8.738    0.031 0.039 0.035 0.027 0.029  A 150463
   3578.82966  8.696  8.685  8.682  8.694  8.695    0.035 0.041 0.033 0.028 0.031  A 152032
   3582.84463  8.636  8.617  8.663  8.644  8.637    0.038 0.047 0.035 0.031 0.035  A 152719
   3592.83067  8.734  8.722  8.735  8.748  8.741    0.037 0.035 0.030 0.030 0.034  A 154425
   3599.84206  8.741  8.714  8.748  8.738  8.734    0.037 0.035 0.032 0.029 0.032  A 155306
   3601.81708  8.727  8.718  8.739  8.733  8.725    0.040 0.034 0.032 0.030 0.034  A 155615
   3615.82597  8.685  8.687  8.689  8.672  8.673    0.058 0.046 0.043 0.045 0.050  A 156967
   3618.68888  8.689  8.658  8.678  8.689  8.687    0.040 0.047 0.037 0.034 0.036  A 157301
   3629.68099  8.747  8.737  8.737  8.730  8.732    0.044 0.039 0.037 0.034 0.038  A 158633
   3631.70052  8.727  8.722  8.707  8.719  8.723    0.043 0.041 0.036 0.033 0.038  A 158977
   3633.71886  8.704  8.699  8.691  8.690  8.689    0.043 0.035 0.033 0.032 0.037  A 159245
   3635.78317  8.587  8.612  8.612  8.612  8.630    0.126 0.066 0.072 0.087 0.108  D 159585
   3638.82310  8.629  8.617  8.627  8.614  8.627    0.032 0.033 0.031 0.025 0.028  A 159840
   3641.71884  8.628  8.619  8.617  8.627  8.626    0.030 0.036 0.030 0.026 0.027  A 160207
   3643.80697  8.623  8.623  8.641  8.632  8.639    0.046 0.048 0.041 0.041 0.043  A 160511
   3647.63698  8.739  8.704  8.727  8.728  8.735    0.029 0.034 0.034 0.028 0.028  A 160904
   3650.59269  8.711  8.695  8.686  8.709  8.713    0.030 0.035 0.033 0.026 0.028  A 161296
   3652.64533  8.703  8.735  8.682  8.691  8.700    0.036 0.038 0.032 0.029 0.033  A 161607
   3654.64678  8.663  8.693  8.665  8.660  8.662    0.043 0.049 0.040 0.038 0.039  A 161883
   3656.62040  8.682  8.697  8.685  8.678  8.682    0.035 0.042 0.032 0.028 0.031  A 162173
   3658.64504  8.647  8.636  8.649  8.652  8.646    0.035 0.042 0.031 0.029 0.032  A 162477
   3660.67051  8.678  8.631  8.659  8.665  8.676    0.045 0.040 0.034 0.034 0.039  A 162794
   3662.69410  8.665  8.678  8.675  8.672  8.665    0.062 0.046 0.039 0.042 0.052  A 163085
   3664.72744  8.669  8.668  8.666  8.662  8.666    0.039 0.038 0.029 0.029 0.033  A 163386
   3668.61226  8.695  8.689  8.692  8.693  8.696    0.030 0.036 0.032 0.026 0.027  A 163823
   3670.65250  8.709  8.713  8.681  8.702  8.706    0.030 0.030 0.030 0.025 0.027  A 164120
   3672.73902  8.700  8.665  8.695  8.706  8.699    0.040 0.059 0.039 0.033 0.036  A 164433
   3675.59093  8.731  8.746  8.726  8.726  8.728    0.031 0.037 0.030 0.026 0.029  A 164818
   3677.70776  8.722  8.700  8.720  8.720  8.720    0.032 0.040 0.029 0.026 0.028  A 165139
   3700.57592  8.662  8.583  8.663  8.664  8.659    0.041 0.055 0.039 0.034 0.037  A 168021
   3702.70659  8.696  8.691  8.700  8.700  8.696    0.036 0.034 0.030 0.028 0.032  A 168324
   3705.60529  8.666  8.677  8.646  8.650  8.662    0.039 0.038 0.036 0.035 0.036  A 168697
   3707.68417  8.680  8.679  8.661  8.673  8.680    0.034 0.034 0.030 0.029 0.031  A 168999
   3711.68614  8.641  8.621  8.617  8.636  8.635    0.035 0.050 0.032 0.029 0.032  A 169281
   3713.62626  8.631  8.634  8.648  8.632  8.636    0.045 0.062 0.043 0.039 0.041  A 169536
   3715.65677  8.654  8.644  8.636  8.642  8.650    0.059 0.052 0.044 0.044 0.051  A 169834
   3718.57113  8.673  8.622  8.673  8.676  8.673    0.050 0.048 0.040 0.039 0.045  A 170178
   3720.65249  8.672  8.650  8.637  8.658  8.664    0.049 0.056 0.039 0.037 0.042  A 170443
   3726.56496  8.651  8.638  8.653  8.649  8.655    0.044 0.044 0.034 0.035 0.039  A 171113
   3728.62234  8.633  8.647  8.638  8.635  8.639    0.048 0.048 0.038 0.037 0.042  A 171407
   3731.64240  8.645  8.654  8.641  8.641  8.641    0.050 0.045 0.040 0.041 0.045  A 171688
   3735.57581  8.638  8.623  8.616  8.626  8.633    0.035 0.040 0.032 0.030 0.032  A 172191
   3738.54512  8.647  8.661  8.657  8.650  8.648    0.033 0.042 0.031 0.028 0.030  A 172598
   3740.59284  8.653  8.637  8.632  8.640  8.647    0.034 0.049 0.035 0.031 0.032  A 172892
   3743.59293  8.678  8.696  8.673  8.671  8.677    0.042 0.048 0.035 0.034 0.038  A 173264
   3749.58464  8.695  8.699  8.698  8.697  8.694    0.065 0.051 0.042 0.046 0.056  A 174078
   3753.56443  8.665  8.668  8.656  8.659  8.659    0.048 0.046 0.038 0.040 0.043  A 174631
   3756.55698  8.730  8.729  8.719  8.725  8.727    0.058 0.043 0.039 0.040 0.048  A 175036
   3759.54805  8.709  8.673  8.696  8.705  8.704    0.048 0.046 0.035 0.037 0.043  A 175453
   3762.55008  8.679  8.688  8.667  8.674  8.678    0.049 0.052 0.039 0.041 0.043  A 175847
   3765.54346  8.581  8.569  8.580  8.583  8.585    0.046 0.046 0.038 0.038 0.043  A 176263
   3768.53748  8.610  8.613  8.643  8.606  8.606    0.057 0.086 0.058 0.050 0.053  D 176679
   3771.53731  8.848  8.865  8.869  8.861  8.849    0.048 0.038 0.035 0.037 0.042  A 177086
   3775.53023  8.739  8.735  8.745  8.747  8.742    0.068 0.049 0.040 0.046 0.055  B 177607
   3778.52332  8.787  8.757  8.769  8.773  8.771    0.060 0.047 0.038 0.042 0.052  A 178064
   3862.90432  8.673  8.668  8.668  8.672  8.670    0.036 0.042 0.031 0.030 0.033  A 189288
   3898.86517  8.783  8.776  8.816  8.802  8.792    0.043 0.041 0.035 0.034 0.039  A 194428
   3912.91844  8.705  8.734  8.693  8.692  8.697    0.036 0.050 0.034 0.029 0.032  A 196841
   4090.59261  8.702  8.749  8.691  8.704  8.709    0.060 0.091 0.053 0.051 0.055  D 209244
   4092.66553 29.999 29.999 29.999 29.999 29.999    0.076 0.117 0.056 0.054 0.064  D 209525
   4104.61151  8.707  8.707  8.715  8.701  8.698    0.049 0.043 0.036 0.036 0.042  A 210691
   4107.55340  8.698  8.701  8.688  8.702  8.702    0.037 0.044 0.034 0.031 0.034  A 211071
   4111.56343  8.655  8.566  8.640  8.644  8.647    0.061 0.100 0.052 0.050 0.054  D 211359
   4125.55662  8.633  8.613  8.615  8.626  8.624    0.043 0.045 0.037 0.036 0.039  A 211508
   4128.54449  8.670  8.668  8.676  8.662  8.663    0.037 0.047 0.034 0.031 0.034  A 211900
   4131.54592  8.626  8.666  8.658  8.654  8.636    0.047 0.059 0.038 0.037 0.042  A 212285
   4134.54864  8.692  8.696  8.700  8.705  8.702    0.048 0.057 0.032 0.034 0.042  A 212697
   4137.53983  8.701  8.717  8.698  8.706  8.707    0.036 0.052 0.030 0.032 0.033  A 213098
   4339.69386  8.757  8.722  8.726  8.735  8.750    0.049 0.041 0.042 0.041 0.044  A 236609
   4341.74564  8.738  8.715  8.713  8.730  8.736    0.060 0.046 0.049 0.049 0.055  A 236962
   4343.75272  8.722  8.695  8.725  8.725  8.723    0.040 0.053 0.039 0.032 0.035  A 237318
   4345.75746  8.739  8.729  8.719  8.723  8.737    0.039 0.057 0.038 0.033 0.035  A 237645
   4347.75650  8.726  8.757  8.710  8.704  8.714    0.036 0.055 0.041 0.032 0.033  A 237998
   4349.78275  8.725  8.738  8.708  8.718  8.721    0.037 0.048 0.041 0.036 0.038  A 238341
   4352.74512  8.736  8.719  8.683  8.726  8.725    0.050 0.037 0.038 0.036 0.042  A 238755
   4365.67139  8.712  8.707  8.722  8.705  8.725    0.035 0.046 0.036 0.029 0.032  A 240662
   4371.74064  8.713  8.715  8.681  8.714  8.711    0.047 0.065 0.043 0.037 0.042  A 241508
   4373.75321  8.627  8.603  8.638  8.624  8.620    0.043 0.059 0.038 0.034 0.038  A 241806
   4376.74373  8.629  8.600  8.619  8.626  8.623    0.046 0.047 0.037 0.033 0.039  A 242160
   4379.58873  8.657  8.617  8.641  8.646  8.655    0.033 0.034 0.033 0.027 0.029  A 242558
   4381.65090  8.654  8.593  8.611  8.634  8.645    0.043 0.039 0.039 0.036 0.038  A 242879
   4383.67706  8.655  8.645  8.640  8.653  8.653    0.038 0.038 0.033 0.028 0.030  A 243193
   4385.69705  8.687  8.650  8.673  8.672  8.681    0.031 0.034 0.032 0.027 0.029  A 243513
   4387.72569  8.678  8.662  8.698  8.678  8.685    0.049 0.056 0.049 0.045 0.046  A 243839
   4389.70136  8.725  8.672  8.728  8.723  8.722    0.046 0.046 0.042 0.039 0.045  A 244130
   4393.65232  8.695  8.681  8.660  8.681  8.698    0.060 0.046 0.042 0.044 0.051  A 244654
   4398.73531  8.695  8.671  8.682  8.684  8.689    0.057 0.070 0.047 0.045 0.051  A 244749
   4400.70960 99.999 99.999 99.999 99.999 99.999    0.098 0.087 0.065 0.067 0.082  D 244995
   4403.74024  8.627  8.639  8.623  8.624  8.626    0.042 0.047 0.039 0.035 0.038  A 245295
   4407.73502  8.626  8.606  8.598  8.624  8.619    0.045 0.045 0.041 0.038 0.041  A 245613
   4410.61180  8.646  8.630  8.626  8.637  8.642    0.033 0.035 0.029 0.027 0.029  A 245961
   4413.65371  8.661  8.646  8.634  8.650  8.648    0.036 0.033 0.031 0.027 0.032  A 246255
   4419.61830  8.687  8.671  8.660  8.682  8.684    0.047 0.044 0.037 0.035 0.041  A 246395
   4422.59085  8.716  8.702  8.707  8.710  8.714    0.036 0.037 0.031 0.028 0.032  A 246641
   4425.74131  8.683  8.654  8.711  8.695  8.684    0.058 0.052 0.039 0.043 0.050  A 246871
   4428.56943  8.692  8.664  8.704  8.689  8.696    0.058 0.041 0.040 0.040 0.048  A 247154
   4430.63011  8.689  8.670  8.661  8.689  8.689    0.053 0.044 0.037 0.038 0.044  A 247410
   4432.68037  8.700  8.689  8.696  8.703  8.702    0.034 0.037 0.030 0.028 0.031  A 247682
   4437.57907  8.671  8.672  8.679  8.675  8.671    0.033 0.036 0.031 0.029 0.030  A 248260
   4439.65686  8.636  8.685  8.665  8.656  8.647    0.041 0.073 0.052 0.045 0.050  B 248535
   4442.64976  8.634  8.611  8.602  8.631  8.634    0.041 0.063 0.042 0.037 0.038  A 248872
   4453.56948  8.687  8.689  8.668  8.679  8.685    0.038 0.041 0.032 0.029 0.033  A 250102
   4455.63684  8.678  8.673  8.649  8.666  8.672    0.049 0.061 0.037 0.036 0.043  A 250340
   4458.60945  8.669  8.676  8.662  8.675  8.671    0.049 0.042 0.038 0.038 0.043  A 250689
   4461.59899  8.667  8.658  8.625  8.657  8.661    0.038 0.034 0.033 0.030 0.034  A 251021
   4463.64774  8.829  8.898  8.954  8.886  8.837    0.044 0.047 0.036 0.034 0.038  A 251312
   4466.60170  8.634  8.635  8.655  8.628  8.628    0.042 0.044 0.036 0.033 0.037  A 251632
   4469.59388 99.999  8.621  8.632 99.999 99.999    0.044 0.040 0.039 0.036 0.040  C 251966
   4473.59362  8.647  8.639  8.657  8.649  8.645    0.039 0.049 0.035 0.033 0.035  A 252349
   4476.58887  8.643  8.608  8.648  8.642  8.643    0.041 0.041 0.036 0.033 0.036  A 252627
   4479.56676  8.659  8.637  8.628  8.639  8.649    0.037 0.044 0.032 0.030 0.033  A 252992
   4482.57194  8.720  8.675  8.703  8.709  8.718    0.074 0.055 0.057 0.063 0.068  D 253305
   4486.55379  8.822  8.778  8.839  8.841  8.823    0.084 0.066 0.063 0.067 0.076  D 253681
   4489.54909  8.669  8.624  8.650  8.660  8.667    0.043 0.043 0.034 0.034 0.038  A 254032
   4492.54513  8.609  8.582  8.614  8.598  8.599    0.043 0.041 0.038 0.038 0.040  A 254368
   4499.53945  8.640  8.639  8.648  8.643  8.629    0.048 0.067 0.057 0.044 0.046  B 254995
   4505.53774  8.761  8.765  8.805  8.778  8.760    0.050 0.048 0.040 0.038 0.044  A 255818
   4510.51928  8.664  8.683  8.676  8.669  8.663    0.069 0.057 0.047 0.050 0.059  B 256511
#ndata= 5
#dataset= 3 ; 1 F0120-72_019
#desig= 001512-6850.9
#cra=    0.253392  00:15:12.2
#cdec= -68.848371 -68:50:54.1
#class= 0
#cmag_0=  8.676
#cmer_0=  0.022
#nskip_0= 0
#cmag_1=  8.686
#cmer_1=  0.012
#nskip_1= 0
#cmag_2=  8.701
#cmer_2=  0.012
#nskip_2= 0
#cmag_3=  8.719
#cmer_3=  0.018
#nskip_3= 0
#cmag_4=  8.732
#cmer_4=  0.017
#nskip_4= 0
#ra=    0.253392  00:15:12.2
#dec= -68.848371 -68:50:54.1
#     HJD      MAG_4  MAG_0  MAG_1  MAG_2  MAG_3    MER_4 MER_0 MER_1 MER_2 MER_3 GRADE FRAME
   2143.75721  8.721  8.706  8.692  8.695  8.703    0.037 0.044 0.033 0.030 0.033  A 30852
   2490.80045  8.755  8.652  8.692  8.713  8.742    0.036 0.051 0.044 0.035 0.036  A 14137
   2894.69433  8.791  8.730  8.745  8.773  8.771    0.046 0.036 0.040 0.038 0.045  A 71102
   2947.82112  8.716  8.686  8.679  8.691  8.705    0.036 0.042 0.036 0.032 0.033  A 79083
   3177.90239  8.705  8.630  8.627  8.648  8.688    0.095 0.062 0.066 0.071 0.082  D 106987
#ndata= 1
#dataset= 4 ; 1 F2120-72_034
#desig= 001513-6851.0
#cra=    0.253542  00:15:12.8
#cdec= -68.849884 -68:50:59.6
#class= 0
#cmag_0=  9.129
#cmer_0=  0.000
#nskip_0= 0
#cmag_1=  8.949
#cmer_1=  0.000
#nskip_1= 0
#cmag_2=  8.811
#cmer_2=  0.000
#nskip_2= 0
#cmag_3=  8.736
#cmer_3=  0.000
#nskip_3= 0
#cmag_4=  8.713
#cmer_4=  0.000
#nskip_4= 0
#ra=    0.253542  00:15:12.8
#dec= -68.849884 -68:50:59.6
#     HJD      MAG_4  MAG_0  MAG_1  MAG_2  MAG_3    MER_4 MER_0 MER_1 MER_2 MER_3 GRADE FRAME
   4084.53585  8.713  9.130  8.949  8.812  8.736    0.038 0.186 0.085 0.044 0.037  D 208452
#ndata= 184
#dataset= 5 ; 1 F0000-64_036
#desig= 001512-6851.0
#cra=    0.253346  00:15:12.0
#cdec= -68.849551 -68:50:58.4
#class= 0
#cmag_0=  8.670
#cmer_0=  0.064
#nskip_0= 6
#cmag_1=  8.666
#cmer_1=  0.060
#nskip_1= 1
#cmag_2=  8.676
#cmer_2=  0.058
#nskip_2= 7
#cmag_3=  8.688
#cmer_3=  0.060
#nskip_3= 10
#cmag_4=  8.689
#cmer_4=  0.060
#nskip_4= 8
#ra=    0.253346  00:15:12.0
#dec= -68.849551 -68:50:58.4
#     HJD      MAG_4  MAG_0  MAG_1  MAG_2  MAG_3    MER_4 MER_0 MER_1 MER_2 MER_3 GRADE FRAME
   1877.57151  8.755  8.756  8.732  8.735  8.751    0.028 0.045 0.027 0.025 0.027  A 1459
   1889.58014  8.764  8.804  8.748  8.749  8.745    0.038 0.060 0.033 0.031 0.036  A 3039
   2040.91353  8.651  8.591  8.627  8.644  8.655    0.040 0.078 0.037 0.034 0.037  B 19580
   2164.66423  8.792  8.790  8.759  8.774  8.774    0.029 0.038 0.029 0.024 0.026  A 31919
   2167.63898  8.763  8.688  8.726  8.745  8.754    0.031 0.046 0.032 0.027 0.028  A 32098
   2168.66227  9.046  9.131  9.139  9.097  9.063    0.028 0.040 0.030 0.024 0.025  A 32276
   2169.67366  8.735  8.732  8.721  8.722  8.725    0.030 0.044 0.032 0.026 0.027  A 32434
   2171.64230  8.675  8.735  8.674  8.679  8.686    0.039 0.049 0.037 0.032 0.035  A 32604
   2172.64577  8.656  8.603  8.618  8.643  8.654    0.028 0.038 0.030 0.025 0.026  A 32795
   2173.64801  8.635  8.645  8.623  8.639  8.640    0.031 0.050 0.034 0.027 0.028  A 32984
   2174.65311  8.621  8.602  8.603  8.606  8.619    0.092 0.071 0.064 0.066 0.077  D 33160
   2175.63338  8.617  8.615  8.601  8.598  8.600    0.036 0.051 0.039 0.031 0.032  A 33296
   2177.61613  8.584  8.545  8.538  8.568  8.576    0.040 0.053 0.040 0.034 0.036  A 33417
   2178.61872  8.588  8.570  8.563  8.571  8.576    0.028 0.037 0.031 0.025 0.026  A 33593
   2180.63195  8.585  8.563  8.578  8.572  8.585    0.036 0.051 0.037 0.031 0.033  A 33788
   2183.60287  8.609  8.564  8.600  8.597  8.597    0.034 0.047 0.041 0.032 0.033  A 33873
   2184.62298  8.606  8.604  8.611  8.605  8.608    0.032 0.045 0.037 0.029 0.031  A 34074
   2185.63380  8.642  8.628  8.624  8.618  8.632    0.034 0.044 0.036 0.030 0.032  A 34265
   2186.65529  8.616  8.581  8.549  8.599  8.610    0.032 0.043 0.037 0.031 0.032  A 34389
   2188.65367  8.666  8.638  8.658  8.651  8.663    0.029 0.042 0.035 0.028 0.028  A 34699
   2190.56600  8.672  8.620  8.657  8.668  8.673    0.031 0.047 0.034 0.029 0.029  A 34908
   2191.62225  8.689  8.643  8.651  8.663  8.688    0.029 0.046 0.034 0.027 0.027  A 35108
   2192.61696  8.718  8.733  8.659  8.688  8.710    0.028 0.041 0.032 0.024 0.026  A 35280
   2193.61135  8.700  8.654  8.652  8.686  8.701    0.029 0.045 0.036 0.028 0.028  A 35460
   2194.60469  8.748  8.713  8.699  8.725  8.745    0.029 0.039 0.032 0.025 0.027  A 35636
   2195.60893  8.770  8.794  8.743  8.745  8.764    0.029 0.045 0.035 0.027 0.028  A 35815
   2196.62155  8.766  8.679  8.758  8.749  8.756    0.031 0.043 0.034 0.027 0.028  A 35953
   2197.60997  8.787  8.789  8.744  8.767  8.784    0.030 0.046 0.038 0.029 0.029  A 36132
   2198.59989  8.766  8.751  8.747  8.758  8.765    0.029 0.041 0.033 0.026 0.026  A 36299
   2199.60492  8.783  8.785  8.789  8.774  8.782    0.029 0.044 0.037 0.028 0.028  A 36481
   2201.58250  8.762  8.747  8.764  8.755  8.766    0.029 0.041 0.033 0.026 0.027  A 36720
   2202.59657  8.748  8.719  8.704  8.723  8.747    0.033 0.043 0.036 0.030 0.031  A 36894
   2203.59076  8.736  8.706  8.710  8.729  8.744    0.031 0.044 0.036 0.029 0.030  A 37065
   2204.57749  8.725  8.664  8.697  8.705  8.716    0.031 0.047 0.039 0.030 0.031  A 37186
   2205.57102  8.665  8.625  8.693  8.673  8.675    0.103 0.085 0.080 0.083 0.095  D 37315
   2206.58058  8.685  8.642  8.638  8.664  8.681    0.030 0.043 0.034 0.028 0.030  A 37463
   2207.58162  8.689  8.650  8.687  8.673  8.680    0.072 0.065 0.061 0.058 0.063  D 37636
   2211.54377  8.601  8.573  8.606  8.600  8.609    0.034 0.047 0.041 0.034 0.038  A 37812
   2212.57488  8.625  8.564  8.623  8.621  8.620    0.034 0.048 0.038 0.031 0.032  A 37892
   2213.62838  8.620  8.580  8.584  8.602  8.614    0.030 0.036 0.036 0.029 0.032  A 38085
   2214.58544  8.630  8.623  8.584  8.610  8.631    0.035 0.048 0.038 0.031 0.034  A 38214
   2215.57627  8.637  8.618  8.624  8.630  8.637    0.035 0.045 0.039 0.032 0.035  A 38377
   2216.57426  8.657  8.636  8.604  8.627  8.642    0.032 0.042 0.036 0.029 0.033  A 38546
   2217.57618  8.658  8.636  8.593  8.622  8.643    0.032 0.048 0.037 0.030 0.034  A 38714
   2219.54679  8.665  8.628  8.601  8.640  8.653    0.032 0.042 0.035 0.028 0.033  A 38875
   2221.56374  8.676  8.646  8.664  8.662  8.668    0.027 0.040 0.033 0.026 0.029  A 38999
   2224.53748  8.689  8.661  8.681  8.691  8.692    0.033 0.044 0.039 0.031 0.036  A 39305
   2226.53004  8.718  8.679  8.686  8.698  8.712    0.030 0.045 0.037 0.030 0.033  A 39618
   2228.54268  8.730  8.653  8.670  8.698  8.720    0.036 0.050 0.041 0.032 0.039  A 39939
   2230.52766  8.723  8.686  8.713  8.712  8.729    0.033 0.046 0.040 0.032 0.035  A 40260
   2233.52509  8.739  8.678  8.697  8.714  8.733    0.031 0.046 0.040 0.032 0.033  A 40587
   2235.52114  8.742  8.677  8.739  8.729  8.740    0.031 0.046 0.039 0.030 0.031  A 40895
   2237.53554  8.729  8.681  8.702  8.726  8.737    0.038 0.048 0.042 0.035 0.040  A 41221
   2240.54085  8.736  8.708  8.711  8.717  8.725    0.033 0.049 0.045 0.037 0.037  A 41540
   2242.55250  8.702  8.686  8.659  8.675  8.694    0.039 0.051 0.043 0.036 0.042  A 41864
   2244.59367  8.675  8.657  8.633  8.651  8.660    0.048 0.055 0.048 0.044 0.049  A 42161
   2248.54408  8.601  8.531  8.579  8.578  8.594    0.043 0.051 0.042 0.038 0.044  A 42458
   2250.58238  8.586  8.557  8.576  8.576  8.592    0.045 0.051 0.044 0.038 0.046  A 42832
   2254.58135  8.623  8.584  8.579  8.599  8.617    0.044 0.061 0.049 0.041 0.046  A 43447
   2256.57569  8.631  8.577  8.587  8.623  8.636    0.045 0.055 0.046 0.040 0.048  A 43761
   2265.56712  8.710  8.671  8.679  8.693  8.690    0.059 0.083 0.065 0.053 0.059  D 44948
   2271.53403  8.772  8.720  8.718  8.740  8.777    0.068 0.087 0.066 0.055 0.066  D 45521
   3359.58587  8.724  8.712  8.707  8.715  8.726    0.039 0.053 0.031 0.030 0.036  A 124791
   3386.58632  8.662  8.648  8.631  8.648  8.656    0.040 0.047 0.030 0.031 0.036  A 126153
   3389.55907  8.645  8.658  8.630  8.635  8.642    0.039 0.049 0.030 0.031 0.035  A 126555
   3526.90136  8.769  8.738  8.720  8.762  8.766    0.034 0.054 0.035 0.029 0.032  A 145770
   3530.90217  8.732  8.747  8.690  8.714  8.731    0.061 0.046 0.050 0.053 0.057  B 146455
   3543.86944  8.738  8.744  8.713  8.731  8.754    0.062 0.063 0.052 0.053 0.057  B 147622
   3554.90939  8.806  8.749  8.777  8.785  8.808    0.039 0.039 0.036 0.031 0.034  A 148848
   3584.86065  8.677  8.643  8.666  8.664  8.679    0.040 0.046 0.040 0.037 0.040  A 153079
   3618.68631  8.697  8.646  8.710  8.675  8.697    0.039 0.039 0.033 0.032 0.036  A 157300
   3624.72862  8.732  8.711  8.686  8.707  8.716    0.029 0.036 0.035 0.028 0.028  A 158076
   3638.82925  8.611  8.578  8.586  8.597  8.611    0.029 0.031 0.032 0.027 0.029  A 159842
   3641.72232  8.570  8.617  8.575  8.597  8.571    0.033 0.063 0.039 0.031 0.033  A 160208
   3643.81025  8.617  8.552  8.530  8.584  8.602    0.038 0.067 0.052 0.036 0.037  B 160512
   3647.63444  8.715  8.670  8.704  8.691  8.717    0.026 0.032 0.033 0.025 0.026  A 160903
   3650.58673 29.999 29.999 29.999 29.999 29.999    0.027 0.032 0.030 0.024 0.027  C 161294
   3652.63996  8.665  8.643  8.639  8.653  8.661    0.042 0.047 0.037 0.033 0.038  A 161605
   3658.65244 29.999 29.999 29.999 29.999 29.999    0.034 0.040 0.033 0.030 0.033  C 162479
   3662.70617  8.623  8.634  8.615  8.618  8.620    0.057 0.043 0.038 0.040 0.049  B 163089
   3664.73925  8.648  8.652  8.624  8.634  8.647    0.036 0.036 0.030 0.030 0.035  A 163390
   3668.62658  8.656  8.668  8.634  8.648  8.657    0.027 0.033 0.030 0.024 0.027  A 163827
   3670.66908  8.662  8.596  8.638  8.640  8.663    0.030 0.040 0.032 0.025 0.029  A 164125
   3672.75766  8.700  8.680  8.680  8.673  8.692    0.040 0.052 0.034 0.031 0.037  A 164439
   3675.59915 29.999 29.999 29.999 29.999 29.999    0.031 0.040 0.032 0.028 0.031  C 164820
   3677.71965  8.700  8.703  8.705  8.698  8.702    0.034 0.057 0.036 0.031 0.033  A 165143
   3702.71842  8.666  8.658  8.665  8.666  8.673    0.034 0.039 0.033 0.030 0.033  A 168328
   3707.69009  8.643  8.627  8.626  8.632  8.648    0.031 0.033 0.028 0.027 0.031  A 169001
   3711.69260  8.610  8.582  8.587  8.604  8.615    0.035 0.071 0.039 0.031 0.034  B 169283
   3715.67409  8.618  8.626  8.625  8.622  8.639    0.056 0.061 0.041 0.041 0.048  B 169839
   3849.92297  8.738  8.743  8.727  8.737  8.738    0.041 0.037 0.031 0.031 0.036  A 187194
   3853.91502  8.785  8.775  8.771  8.765  8.776    0.038 0.055 0.037 0.032 0.036  A 187884
   3858.89962  8.711  8.699  8.677  8.696  8.722    0.094 0.086 0.071 0.073 0.084  D 188613
   3862.89868  8.647  8.688  8.617  8.635  8.646    0.036 0.069 0.038 0.031 0.033  B 189286
   3865.90797  8.645  8.665  8.645  8.659  8.646    0.037 0.075 0.053 0.038 0.037  B 189795
   3868.92877  8.622  8.609  8.585  8.602  8.616    0.051 0.044 0.039 0.038 0.045  A 190294
   3872.87262  8.680  8.689  8.649  8.667  8.670    0.037 0.045 0.030 0.029 0.033  A 191011
   3880.90833  8.784  8.784  8.771  8.774  8.785    0.038 0.040 0.033 0.031 0.035  A 191897
   3887.93143  8.779  8.754  8.747  8.775  8.779    0.037 0.039 0.035 0.031 0.034  A 192759
   3891.86385  8.806  8.825  8.769  8.778  8.799    0.033 0.050 0.038 0.030 0.031  A 193430
   3894.88757  8.784  8.739  8.797  8.768  8.791    0.030 0.034 0.031 0.026 0.029  A 193939
   3898.86746  8.768  8.728  8.742  8.757  8.767    0.043 0.060 0.042 0.036 0.040  A 194429
   3901.89937  8.742  8.703  8.707  8.722  8.737    0.042 0.044 0.034 0.032 0.037  A 194935
   3904.89072  8.732  8.686  8.647  8.692  8.719    0.043 0.050 0.042 0.034 0.038  A 195499
   3907.91754  8.710  8.689  8.684  8.697  8.711    0.040 0.039 0.034 0.032 0.036  A 196082
   3912.93802  8.672  8.645  8.655  8.669  8.678    0.030 0.041 0.030 0.025 0.028  A 196847
   4104.61985  8.680  8.670  8.668  8.674  8.680    0.047 0.038 0.035 0.036 0.043  A 210694
   4107.55848 29.999 29.999 29.999 29.999 29.999    0.038 0.080 0.048 0.034 0.036  C 211073
   4125.55386 29.999 29.999 29.999 29.999 29.999    0.039 0.043 0.033 0.032 0.036  C 211507
   4228.93063  8.691  8.687  8.692  8.686  8.695    0.038 0.040 0.035 0.031 0.034  A 223446
   4232.89130  8.668  8.618  8.663  8.673  8.672    0.057 0.048 0.050 0.049 0.054  B 224119
   4247.89624  8.741  8.735  8.709  8.732  8.737    0.038 0.037 0.033 0.030 0.034  A 226494
   4253.93140  8.793  8.801  8.749  8.766  8.784    0.041 0.052 0.047 0.037 0.039  A 226948
   4258.88645  8.754  8.723  8.713  8.741  8.753    0.035 0.038 0.039 0.031 0.033  A 227601
   4268.88885  8.579  8.541  8.595  8.586  8.581    0.048 0.045 0.041 0.040 0.043  A 228069
   4273.84222  8.667  8.601  8.627  8.658  8.668    0.049 0.053 0.048 0.044 0.048  A 228566
   4278.78569  8.761  8.747  8.717  8.732  8.747    0.046 0.037 0.039 0.038 0.043  A 229202
   4284.83378 99.999  8.761  8.764 99.999 99.999    0.071 0.076 0.060 0.062 0.069  D 229872
   4286.83576  8.809  8.782  8.749  8.796  8.804    0.136 0.084 0.090 0.103 0.121  D 230238
   4290.83372  8.717  8.685  8.679  8.705  8.718    0.048 0.052 0.050 0.047 0.049  B 230565
   4292.91171  8.803  8.766  8.789  8.792  8.791    0.039 0.050 0.039 0.034 0.037  A 230969
   4295.82676  8.782  8.797  8.762  8.771  8.784    0.039 0.036 0.038 0.035 0.037  A 231459
   4297.90084  8.781  8.747  8.751  8.770  8.775    0.060 0.057 0.052 0.050 0.055  B 231837
   4300.80290  8.818  8.757  8.779  8.798  8.813    0.048 0.056 0.046 0.041 0.045  A 232339
   4302.87223  8.762  8.743  8.737  8.751  8.754    0.053 0.047 0.045 0.040 0.047  A 232677
   4304.78233  8.690  8.691  8.705  8.703  8.702    0.042 0.044 0.043 0.038 0.040  A 233006
   4306.79303  8.732  8.718  8.725  8.724  8.742    0.032 0.041 0.041 0.031 0.032  A 233373
   4308.78314  8.699  8.637  8.681  8.672  8.700    0.081 0.053 0.058 0.063 0.072  D 233699
   4310.81394  8.741  8.711  8.726  8.718  8.739    0.038 0.042 0.041 0.035 0.037  A 233956
   4312.80416  8.728  8.720  8.695  8.706  8.733    0.069 0.049 0.046 0.047 0.056  B 234281
   4316.73440  8.709  8.674  8.656  8.691  8.703    0.042 0.039 0.039 0.036 0.040  A 234678
   4319.79700  8.761  8.715  8.694  8.731  8.737    0.034 0.033 0.032 0.028 0.032  A 235039
   4329.80489  8.703  8.678  8.668  8.676  8.694    0.042 0.043 0.042 0.039 0.041  A 235196
   4331.76695  8.711  8.688  8.678  8.691  8.704    0.031 0.037 0.033 0.028 0.030  A 235542
   4333.73774  8.677  8.653  8.632  8.650  8.667    0.042 0.035 0.038 0.036 0.040  A 235891
   4336.74332  8.636  8.606  8.601  8.618  8.634    0.041 0.043 0.041 0.037 0.040  A 236238
   4339.70111  8.666  8.656  8.612  8.645  8.658    0.038 0.040 0.041 0.032 0.035  A 236611
   4343.76506  8.812  8.769  8.780  8.792  8.798    0.054 0.053 0.045 0.045 0.050  B 237322
   4345.76984 99.999  8.685  8.614  8.648  8.672    0.057 0.048 0.047 0.047 0.053  C 237649
   4347.77184  8.825  8.759  8.759  8.808  8.822    0.065 0.060 0.060 0.060 0.063  D 238003
   4349.80432  8.726  8.699  8.680  8.708  8.708    0.037 0.051 0.037 0.031 0.034  A 238347
   4352.75750  8.682  8.652  8.690  8.684  8.693    0.036 0.035 0.035 0.031 0.034  A 238759
   4354.75607  8.687  8.688  8.676  8.663  8.679    0.040 0.066 0.052 0.041 0.039  B 239038
   4357.65389  8.673  8.653  8.629  8.653  8.675    0.035 0.035 0.035 0.030 0.033  A 239469
   4359.70519  8.704  8.675  8.716  8.701  8.715    0.048 0.040 0.040 0.037 0.042  A 239820
   4362.64707  8.696  8.689  8.644  8.682  8.690    0.029 0.034 0.031 0.026 0.028  A 240176
   4364.66293  8.694  8.661  8.639  8.666  8.687    0.030 0.034 0.035 0.027 0.029  A 240512
   4372.69613  8.618  8.617  8.598  8.589  8.613    0.051 0.041 0.039 0.038 0.045  A 241652
   4375.69756  8.612  8.596  8.570  8.599  8.609    0.041 0.039 0.036 0.033 0.037  A 241979
   4377.74952  8.618  8.588  8.572  8.596  8.622    0.049 0.048 0.041 0.040 0.045  A 242298
   4379.82829  8.648  8.651  8.648  8.643  8.643    0.033 0.036 0.033 0.029 0.032  A 242636
   4382.59363  8.650  8.630  8.666  8.649  8.655    0.029 0.035 0.033 0.027 0.028  A 243009
   4384.64696  8.642  8.610  8.619  8.623  8.642    0.037 0.038 0.038 0.032 0.034  A 243333
   4386.65938  8.668  8.624  8.681  8.657  8.670    0.028 0.033 0.031 0.025 0.028  A 243659
   4388.63934  8.688  8.653  8.674  8.672  8.690    0.030 0.033 0.032 0.027 0.029  A 243965
   4392.60994  8.682  8.673  8.670  8.687  8.694    0.041 0.037 0.033 0.032 0.037  A 244508
   4400.69997  8.623  8.609  8.629  8.626  8.631    0.085 0.056 0.052 0.057 0.072  D 244992
   4403.72901  8.617  8.597  8.614  8.605  8.611    0.033 0.038 0.033 0.028 0.031  A 245291
   4407.72408  8.619  8.595  8.576  8.605  8.616    0.044 0.043 0.038 0.034 0.039  A 245609
   4410.61002  8.618  8.639  8.582  8.603  8.616    0.032 0.036 0.031 0.028 0.030  A 245960
   4413.64867  8.610  8.600  8.584  8.601  8.608    0.044 0.046 0.047 0.039 0.043  A 246253
   4418.76866  8.621  8.584  8.615  8.609  8.621    0.044 0.041 0.040 0.038 0.041  A 246346
   4421.66150  8.701  8.665  8.660  8.680  8.698    0.035 0.054 0.036 0.029 0.032  A 246552
   4423.68607  8.698  8.695  8.684  8.695  8.697    0.045 0.038 0.033 0.033 0.040  A 246759
   4427.62821  8.601  8.668  8.681  8.683  8.670    0.049 0.041 0.035 0.035 0.043  A 247054
   4429.64712  8.674  8.668  8.637  8.648  8.660    0.047 0.038 0.035 0.035 0.041  A 247305
   4431.68991  8.674  8.688  8.632  8.669  8.672    0.042 0.035 0.037 0.034 0.039  A 247551
   4436.68729  8.622  8.527  8.624  8.623  8.613    0.041 0.064 0.041 0.036 0.038  A 248173
   4439.58533  8.636  8.681  8.617  8.619  8.637    0.047 0.065 0.051 0.046 0.048  B 248510
   4441.67516  8.734  8.823  8.760  8.754  8.749    0.033 0.049 0.034 0.029 0.031  A 248793
   4444.65731  8.611  8.626  8.624  8.622  8.613    0.037 0.044 0.038 0.032 0.036  A 249093
   4452.62330 29.999 29.999 29.999 29.999 29.999    0.057 0.052 0.050 0.051 0.054  C 250014
   4461.58505  8.595  8.620  8.586  8.585  8.596    0.050 0.052 0.040 0.037 0.048  A 251016
   4463.63902  8.636  8.619  8.632  8.622  8.632    0.033 0.043 0.032 0.029 0.032  A 251309
   4473.58488 29.999 29.999 29.999 29.999 29.999    0.038 0.044 0.035 0.031 0.036  C 252346
   4476.58002 29.999 29.999 29.999 29.999 29.999    0.042 0.041 0.035 0.034 0.039  C 252624
   4482.56306 29.999 29.999 29.999 29.999 29.999    0.056 0.054 0.042 0.046 0.051  C 253302
   4485.58345  8.637  8.669  8.644  8.650  8.638    0.094 0.084 0.084 0.086 0.090  D 253574
   4488.55848  8.635  8.658  8.638  8.636  8.647    0.048 0.041 0.036 0.036 0.043  A 253915
   4494.54413  8.603  8.607  8.584  8.591  8.606    0.038 0.043 0.038 0.035 0.037  A 254616
   4498.54477 29.999 29.999 29.999 29.999 29.999    0.041 0.047 0.039 0.035 0.039  C 254874
   4564.91918  8.621  8.589  8.631  8.611  8.620    0.042 0.038 0.036 0.033 0.038  A 264285
   4568.92093  8.705  8.654  8.674  8.666  8.700    0.074 0.054 0.053 0.055 0.063  D 264920
   4573.92140  8.720  8.715  8.714  8.700  8.716    0.041 0.054 0.038 0.033 0.038  A 265775
#ndata= 101
#dataset= 6 ; 1 F0100-64_037
#desig= 001512-6850.9
#cra=    0.253463  00:15:12.5
#cdec= -68.849150 -68:50:56.9
#class= 0
#cmag_0=  8.737
#cmer_0=  0.059
#nskip_0= 23
#cmag_1=  8.778
#cmer_1=  0.064
#nskip_1= 3
#cmag_2=  8.741
#cmer_2=  0.062
#nskip_2= 3
#cmag_3=  8.724
#cmer_3=  0.061
#nskip_3= 3
#cmag_4=  8.709
#cmer_4=  0.061
#nskip_4= 3
#ra=    0.253463  00:15:12.5
#dec= -68.849150 -68:50:56.9
#     HJD      MAG_4  MAG_0  MAG_1  MAG_2  MAG_3    MER_4 MER_0 MER_1 MER_2 MER_3 GRADE FRAME
   1877.54497  8.788  8.834  8.835  8.804  8.804    0.025 0.048 0.026 0.021 0.022  A 1447
   1889.56502  8.781  8.739  8.819  8.808  8.790    0.032 0.041 0.029 0.026 0.028  A 3032
   2156.69085  8.739  8.864  8.807  8.764  8.752    0.035 0.052 0.040 0.032 0.032  A 31672
   2167.68386  8.787  8.920  8.872  8.830  8.801    0.029 0.045 0.031 0.025 0.026  A 32118
   2168.70024  8.789  8.852  8.849  8.810  8.812    0.028 0.043 0.032 0.025 0.026  A 32293
   2169.71186  8.772  8.852  8.834  8.800  8.791    0.030 0.048 0.037 0.029 0.029  A 32451
   2170.74415  8.784  8.861  8.874  8.828  8.800    0.079 0.067 0.055 0.056 0.068  D 32508
   2171.69464  8.706  8.743  8.762  8.747  8.720    0.029 0.049 0.036 0.027 0.028  A 32627
   2172.71095  8.684  8.791  8.756  8.712  8.700    0.027 0.043 0.034 0.026 0.025  A 32822
   2173.68466  8.669  8.689  8.722  8.702  8.682    0.029 0.036 0.031 0.025 0.026  A 32999
   2174.68232  8.616  8.663  8.667  8.637  8.629    0.030 0.046 0.035 0.027 0.028  A 33173
   2178.66276  8.608  8.684  8.676  8.649  8.628    0.034 0.048 0.040 0.031 0.031  A 33611
   2180.58378  8.585  8.692  8.632  8.604  8.596    0.043 0.053 0.044 0.037 0.040  A 33767
   2183.61684  8.643  8.674  8.699  8.662  8.656    0.034 0.048 0.040 0.031 0.031  A 33879
   2184.63884  8.613  8.652  8.683  8.644  8.620    0.034 0.048 0.041 0.031 0.031  A 34081
   2185.64960  8.644  8.687  8.718  8.687  8.663    0.032 0.041 0.037 0.029 0.030  A 34272
   2186.68693  8.645  8.623  8.706  8.662  8.658    0.033 0.045 0.039 0.030 0.031  A 34403
   2190.56377  8.683  8.766  8.732  8.706  8.687    0.028 0.039 0.035 0.026 0.027  A 34907
   2192.64624  8.735  8.705  8.777  8.761  8.745    0.027 0.043 0.033 0.025 0.025  A 35293
   2247.58197  8.662  8.668  8.704  8.683  8.678    0.045 0.056 0.049 0.040 0.045  A 42309
   2249.60719  8.620  8.679  8.681  8.647  8.639    0.034 0.042 0.042 0.035 0.038  A 42683
   2251.59992  8.626  8.636  8.680  8.650  8.647    0.041 0.050 0.044 0.035 0.042  A 43001
   2255.59101  8.657  8.691  8.721  8.690  8.679    0.038 0.046 0.040 0.033 0.039  A 43609
   2257.58712  8.658  8.697  8.713  8.670  8.676    0.045 0.058 0.051 0.039 0.047  B 43928
   2260.57933  8.690  8.717  8.764  8.727  8.700    0.049 0.063 0.052 0.041 0.049  B 44214
   2262.57369  8.707  8.781  8.755  8.720  8.719    0.050 0.081 0.065 0.048 0.052  D 44517
   3358.57062  8.775  8.801  8.828  8.791  8.787    0.028 0.043 0.027 0.023 0.025  A 124679
   3363.62528  8.671  8.746  8.748  8.717  8.695    0.039 0.040 0.032 0.031 0.034  A 124943
   3366.68299  8.631  8.783  8.736  8.687  8.677    0.049 0.052 0.036 0.035 0.041  A 125184
   3483.91947  8.648  8.679  8.724  8.682  8.661    0.085 0.059 0.062 0.068 0.076  D 140590
   3511.92428  8.685  8.665  8.732  8.713  8.703    0.056 0.062 0.050 0.049 0.054  B 143769
   3525.91671  8.819  8.857  8.857  8.840  8.834    0.036 0.045 0.033 0.030 0.032  A 145588
   3529.88897  8.814  8.841  8.876  8.851  8.827    0.063 0.094 0.055 0.053 0.056  D 146277
   3544.87060  8.746  8.825  8.823  8.777  8.768    0.046 0.075 0.040 0.037 0.041  B 147778
   3552.86180  8.814  8.929  8.888  8.855  8.829    0.054 0.080 0.049 0.042 0.049  B 148543
   3560.83607 29.999 29.999 29.999 29.999 29.999    0.046 0.065 0.040 0.039 0.043  C 149628
   3563.87337  8.751  8.801  8.823  8.790  8.763    0.032 0.057 0.032 0.028 0.030  A 150164
   3574.82890 29.999 29.999 29.999 29.999 29.999    0.034 0.034 0.033 0.028 0.030  C 151352
   3577.82806  8.698  8.699  8.741  8.720  8.711    0.039 0.041 0.033 0.032 0.035  A 151869
   3587.79984  8.694  8.691  8.751  8.720  8.704    0.032 0.036 0.031 0.027 0.028  A 153578
   3597.81379 29.999 29.999 29.999 29.999 29.999    0.034 0.036 0.031 0.028 0.032  C 155189
   3603.82108  8.712  8.765  8.776  8.751  8.730    0.043 0.036 0.034 0.030 0.035  A 155945
   3624.76643  8.758  8.800  8.805  8.787  8.775    0.027 0.031 0.032 0.024 0.025  A 158089
   3626.76202 29.999 29.999 29.999 29.999 29.999    0.048 0.046 0.045 0.040 0.044  C 158361
   3639.67527 29.999 29.999 29.999 29.999 29.999    0.040 0.037 0.040 0.037 0.039  C 159949
   3668.67941 29.999 29.999 29.999 29.999 29.999    0.025 0.030 0.029 0.022 0.023  C 163844
   3670.73100  8.705  8.710  8.779  8.746  8.720    0.025 0.035 0.030 0.022 0.023  A 164145
   3851.92528  8.779  8.836  8.851  8.826  8.804    0.068 0.077 0.049 0.049 0.059  B 187535
   3860.92398  8.695  8.668  8.755  8.732  8.703    0.037 0.057 0.037 0.031 0.033  A 188927
   3864.92383  8.691  8.731  8.734  8.702  8.689    0.041 0.055 0.033 0.031 0.035  A 189635
   3868.91315  8.635  8.635  8.704  8.672  8.653    0.055 0.068 0.043 0.040 0.047  B 190289
   3872.90616  8.710  8.760  8.770  8.739  8.722    0.039 0.033 0.029 0.029 0.034  A 191023
   3877.89940  8.784  8.848  8.845  8.814  8.794    0.030 0.032 0.027 0.025 0.026  A 191579
   3888.90106  8.824  8.881  8.894  8.863  8.853    0.111 0.081 0.079 0.085 0.098  D 192918
   3892.87239  8.841  8.906  8.900  8.864  8.852    0.105 0.086 0.080 0.085 0.094  D 193604
   3898.90971  8.805  8.861  8.876  8.851  8.826    0.042 0.039 0.030 0.030 0.036  A 194444
   3902.88411  8.779  8.848  8.839  8.805  8.793    0.033 0.042 0.031 0.027 0.030  A 195117
   3905.90696  8.755  8.825  8.843  8.800  8.774    0.041 0.076 0.043 0.036 0.038  B 195692
   4092.66881  8.685  8.716  8.757  8.715  8.692    0.039 0.040 0.032 0.032 0.034  A 209526
   4229.92928  8.726  8.780  8.792  8.758  8.746    0.038 0.040 0.035 0.030 0.033  A 223616
   4233.92503  8.733  8.780  8.795  8.754  8.749    0.045 0.039 0.039 0.036 0.038  A 224317
   4255.90548  8.796  8.833  8.888  8.824  8.814    0.044 0.034 0.036 0.033 0.038  A 227168
   4268.92902  8.646  8.685  8.708  8.665  8.655    0.048 0.039 0.042 0.040 0.043  A 228082
   4273.85872  8.690  8.691  8.713  8.706  8.704    0.032 0.041 0.039 0.031 0.031  A 228572
   4285.87252  8.793  8.833  8.884  8.847  8.818    0.044 0.049 0.043 0.038 0.037  A 230061
   4290.86810  8.808  8.869  8.865  8.832  8.822    0.048 0.055 0.055 0.050 0.050  B 230577
   4293.86572  8.919  8.875  8.950  8.938  8.929    0.056 0.057 0.057 0.052 0.054  B 231133
   4296.85905  8.811  8.848  8.858  8.846  8.822    0.045 0.038 0.038 0.035 0.039  A 231646
   4299.85487  8.928  9.024  9.030  8.969  8.943    0.075 0.071 0.071 0.071 0.072  D 232191
   4301.84004  8.784  8.763  8.806  8.800  8.797    0.039 0.050 0.039 0.033 0.035  A 232539
   4304.77923  8.746  8.795  8.795  8.773  8.761    0.039 0.038 0.040 0.037 0.038  A 233005
   4306.81543  8.759  8.804  8.805  8.797  8.777    0.026 0.032 0.031 0.024 0.024  A 233380
   4308.81702  8.750  8.826  8.842  8.801  8.783    0.055 0.042 0.040 0.039 0.047  B 233710
   4310.83730  8.756  8.829  8.830  8.792  8.774    0.037 0.035 0.034 0.028 0.031  A 233964
   4312.84122  8.726  8.799  8.796  8.766  8.754    0.070 0.058 0.054 0.054 0.059  B 234293
   4316.76667  8.758  8.812  8.853  8.790  8.781    0.034 0.039 0.034 0.028 0.030  A 234689
   4319.86745  8.794  8.859  8.857  8.826  8.815    0.031 0.032 0.030 0.025 0.027  A 235063
   4329.83570  8.743  8.761  8.797  8.768  8.760    0.039 0.040 0.040 0.035 0.037  A 235207
   4331.81332  8.752  8.777  8.806  8.782  8.763    0.026 0.034 0.033 0.025 0.025  A 235558
   4333.78259  8.664  8.755  8.759  8.713  8.683    0.062 0.044 0.045 0.047 0.056  B 235907
   4336.78155  8.692  8.738  8.742  8.716  8.703    0.033 0.036 0.036 0.030 0.032  A 236252
   4339.74308  8.694  8.740  8.772  8.729  8.711    0.033 0.031 0.033 0.027 0.029  A 236625
   4341.75903  8.679  8.681  8.733  8.700  8.685    0.058 0.049 0.047 0.047 0.053  B 236966
   4343.79267  8.749  8.760  8.810  8.785  8.769    0.051 0.047 0.043 0.042 0.046  A 237331
   4345.79590  8.720  8.751  8.768  8.753  8.734    0.055 0.046 0.046 0.046 0.050  B 237658
   4347.81627  8.709  8.776  8.808  8.752  8.721    0.095 0.077 0.059 0.063 0.083  D 238019
   4353.71065  8.880  8.976  8.959  8.919  8.891    0.028 0.032 0.030 0.024 0.025  A 238882
   4355.76843  8.707  8.776  8.807  8.768  8.741    0.029 0.031 0.031 0.026 0.027  A 239218
   4358.69794  8.727  8.757  8.789  8.753  8.730    0.031 0.039 0.035 0.029 0.029  A 239651
   4361.69298  8.699  8.765  8.780  8.727  8.711    0.042 0.044 0.045 0.040 0.041  A 240044
   4363.72331  8.704  8.759  8.777  8.734  8.713    0.028 0.033 0.032 0.024 0.026  A 240368
   4365.71576  8.693  8.750  8.771  8.725  8.705    0.032 0.032 0.031 0.026 0.028  A 240677
   4367.79969  8.630  8.683  8.699  8.643  8.638    0.045 0.043 0.038 0.033 0.038  A 240900
   4369.79646  8.639  8.703  8.713  8.667  8.658    0.043 0.038 0.038 0.033 0.036  A 241196
   4371.81801  8.650  8.693  8.727  8.691  8.663    0.039 0.033 0.032 0.030 0.035  A 241534
   4379.69946 29.999 29.999 29.999 29.999 29.999    0.028 0.030 0.031 0.026 0.027  C 242594
   4383.80046  8.622  8.714  8.721  8.683  8.647    0.051 0.057 0.057 0.056 0.060  D 243234
   4403.74735 29.999 29.999 29.999 29.999 29.999    0.035 0.040 0.031 0.029 0.031  C 245297
   4407.74219  8.639  8.672  8.691  8.663  8.653    0.042 0.038 0.035 0.032 0.036  A 245615
   4413.65723  8.629  8.686  8.721  8.671  8.643    0.044 0.036 0.038 0.038 0.042  A 246256
   4433.76419  8.679  8.764  8.741  8.697  8.678    0.034 0.059 0.036 0.029 0.031  A 247836
