#ndata= 216
#dataset= 1 ; 1 F0000-56_060
#desig= 001750-5223.0
#cra=    0.297146  00:17:49.7
#cdec= -52.383322 -52:22:60.0
#class= 0
#cmag_0= 13.437
#cmer_0=  0.191
#nskip_0= 0
#cmag_1= 13.431
#cmer_1=  0.193
#nskip_1= 1
#cmag_2= 13.441
#cmer_2=  0.213
#nskip_2= 1
#cmag_3= 13.445
#cmer_3=  0.237
#nskip_3= 2
#cmag_4= 13.449
#cmer_4=  0.271
#nskip_4= 2
#ra=    0.297146  00:17:49.7
#dec= -52.383322 -52:22:60.0
#     HJD      MAG_0  MAG_1  MAG_2  MAG_3  MAG_4    MER_0 MER_1 MER_2 MER_3 MER_4 GRADE FRAME
   1869.52631 13.342 13.361 13.397 13.470 13.460    0.052 0.025 0.023 0.026 0.029  A 195
   1871.60178 13.305 13.289 13.294 13.344 13.336    0.068 0.027 0.023 0.025 0.028  A 505
   1873.58556 13.336 13.377 13.391 13.390 13.369    0.072 0.033 0.028 0.031 0.032  A 821
   1875.56877 13.642 13.723 13.764 13.792 13.730    0.058 0.024 0.021 0.024 0.026  A 1136
   1879.56168 13.691 13.671 13.665 13.688 13.709    0.047 0.024 0.022 0.024 0.026  A 1768
   1885.54125 13.632 13.655 13.637 13.579 13.529    0.048 0.025 0.024 0.025 0.030  A 2383
   1887.56869 13.381 13.282 13.291 13.366 13.351    0.055 0.028 0.025 0.028 0.031  A 2714
   1900.59951 13.184 13.174 13.185 13.230 13.191    0.044 0.027 0.022 0.025 0.027  A 3337
   1904.53037 13.665 13.717 13.749 13.750 13.594    0.044 0.025 0.022 0.025 0.028  A 3783
   1914.59501 13.255 13.250 13.250 13.223 13.288    0.059 0.033 0.027 0.029 0.032  A 4752
   1920.54565 13.382 13.396 13.441 13.428 13.424    0.040 0.027 0.023 0.024 0.027  A 5424
   1923.55651 29.999 29.999 29.999 29.999 29.999    0.042 0.031 0.024 0.026 0.029  C 5904
   1928.52702 29.999 29.999 29.999 29.999 29.999    0.043 0.031 0.026 0.030 0.033  C 6731
   1932.53276 29.999 29.999 29.999 29.999 29.999    0.040 0.031 0.025 0.027 0.031  C 7383
   2033.89423 13.597 13.607 13.619 13.688 13.802    0.039 0.027 0.023 0.024 0.028  A 18560
   2039.93785 13.320 13.369 13.382 13.402 13.847    0.067 0.035 0.034 0.039 0.046  A 19366
   2052.90546 13.795 13.699 13.666 13.634 13.687    0.066 0.033 0.030 0.031 0.033  A 19934
   2054.86437 13.342 13.353 13.362 13.322 13.353    0.076 0.036 0.031 0.033 0.037  A 20347
   2056.84916 13.308 13.408 13.413 13.388 13.458    0.068 0.030 0.026 0.029 0.032  A 20790
   2058.85485 13.561 13.571 13.523 13.482 13.482    0.044 0.027 0.024 0.027 0.030  A 21243
   2064.91972 13.235 13.180 13.164 13.237 13.384    0.073 0.034 0.028 0.031 0.033  A 21669
   2067.82065 13.590 13.637 13.712 14.004 14.435    0.066 0.032 0.028 0.033 0.036  A 21929
   2068.81731 29.999 29.999 29.999 29.999 29.999    0.080 0.046 0.046 0.052 0.059  C 22153
   2069.81751 13.504 13.311 13.244 13.257 13.274    0.068 0.031 0.028 0.032 0.035  A 22376
   2080.81773 13.288 13.304 13.343 13.377 13.265    0.063 0.031 0.026 0.028 0.031  A 22976
   2082.87388 29.999 29.999 29.999 29.999 29.999    0.061 0.032 0.026 0.029 0.031  C 23466
   2085.86567 29.999 29.999 29.999 29.999 29.999    0.048 0.030 0.024 0.026 0.029  C 23917
   2087.80395 13.542 13.583 13.568 13.571 13.362    0.070 0.038 0.036 0.041 0.047  A 24335
   2088.84198 13.443 13.459 13.523 13.644 13.761    0.068 0.030 0.026 0.027 0.030  A 24580
   2093.77354 13.711 13.801 13.798 13.707 13.655    0.072 0.032 0.029 0.031 0.035  A 24771
   2094.78821 13.334 13.522 13.604 13.616 13.516    0.077 0.047 0.049 0.058 0.064  B 25064
   2095.78218 29.999 29.999 29.999 29.999 29.999    0.074 0.038 0.037 0.042 0.048  C 25288
   2096.75360 13.339 13.352 13.421 13.547 13.601    0.067 0.040 0.038 0.043 0.048  A 25501
   2103.71699 29.999 29.999 29.999 29.999 29.999    0.066 0.039 0.030 0.029 0.031  C 25845
   2104.80491 13.345 13.389 13.407 13.489 13.553    0.063 0.033 0.027 0.028 0.031  A 26082
   2105.80411 13.207 13.229 13.250 13.247 13.244    0.063 0.031 0.026 0.027 0.030  A 26302
   2106.81844 13.775 13.720 13.664 13.650 13.728    0.059 0.030 0.024 0.026 0.028  A 26511
   2114.82692 13.434 13.438 13.476 13.468 13.387    0.048 0.034 0.030 0.031 0.033  A 26742
   2115.85753 13.828 13.772 13.877 14.036 13.980    0.033 0.030 0.025 0.025 0.027  A 26960
   2116.77647 13.301 13.329 13.338 13.300 13.168    0.049 0.032 0.026 0.028 0.030  A 27147
   2117.77290 13.778 13.790 13.742 13.723 13.649    0.060 0.034 0.027 0.029 0.031  A 27364
   2124.70356 29.999 29.999 29.999 29.999 29.999    0.077 0.051 0.055 0.064 0.071  C 27680
   2128.70657 13.523 13.444 13.487 13.521 13.557    0.058 0.032 0.028 0.031 0.033  A 27969
   2129.71927 13.414 13.428 13.440 13.408 13.386    0.069 0.033 0.027 0.029 0.032  A 28189
   2130.73210 13.307 13.276 13.297 13.326 13.379    0.063 0.032 0.027 0.030 0.032  A 28411
   2131.73805 13.266 13.269 13.227 13.140 13.077    0.061 0.030 0.025 0.028 0.031  A 28613
   2132.74962 13.537 13.509 13.467 13.446 13.445    0.069 0.033 0.026 0.028 0.031  A 28830
   2133.73595 13.535 13.691 13.852 14.146 14.314    0.041 0.028 0.023 0.025 0.029  A 29040
   2134.74053 13.174 13.167 13.086 12.972 12.868    0.056 0.033 0.027 0.028 0.030  A 29256
   2135.74132 13.455 13.397 13.389 13.434 13.495    0.065 0.035 0.031 0.035 0.039  A 29471
   2136.72584 13.483 13.453 13.466 13.521 13.499    0.052 0.029 0.023 0.026 0.028  A 29678
   2140.71558 13.352 13.384 13.346 13.292 13.377    0.080 0.051 0.047 0.055 0.066  B 30216
   2141.72233 13.467 13.502 13.523 13.559 13.627    0.062 0.034 0.027 0.029 0.032  A 30431
   2144.70930 13.352 13.335 13.357 13.407 13.353    0.062 0.032 0.028 0.029 0.032  A 31035
   2145.71172 13.434 13.354 13.352 13.290 13.272    0.054 0.032 0.026 0.027 0.031  A 31240
   2151.63092 29.999 29.999 29.999 29.999 29.999    0.079 0.059 0.071 0.090 0.110  D 31383
   2440.79475 13.941 13.982 13.937 13.872 13.791    0.032 0.031 0.021 0.022 0.023  A 8128
   2442.81475 29.999 29.999 29.999 29.999 29.999    0.049 0.050 0.046 0.052 0.055  C 8563
   2444.80707 13.560 13.551 13.593 13.615 13.627    0.026 0.031 0.023 0.024 0.022  A 8952
   2445.89221 13.372 13.370 13.378 13.380 13.418    0.025 0.028 0.022 0.025 0.025  A 9206
   2465.81031 13.497 13.435 99.999 99.999 99.999    0.030 0.034 0.027 0.032 0.027  C 11134
   2466.80399 13.437 13.338 13.332 13.308 13.248    0.029 0.031 0.023 0.025 0.024  A 11350
   2467.81005 13.596 13.697 13.757 13.825 13.736    0.026 0.029 0.022 0.024 0.024  A 11571
   2471.86102 29.999 29.999 29.999 29.999 29.999    0.037 0.040 0.035 0.042 0.034  C 12572
   2482.71088 29.999 29.999 29.999 29.999 29.999    0.046 0.042 0.037 0.044 0.037  C 13187
   2489.73864 13.347 13.380 13.409 13.506 13.625    0.035 0.035 0.030 0.033 0.033  A 13891
   2493.77033 29.999 29.999 29.999 29.999 29.999    0.051 0.047 0.041 0.046 0.040  C 14531
   2494.74389 29.999 29.999 29.999 29.999 29.999    0.083 0.074 0.068 0.073 0.072  D 14708
   2495.80245 29.999 29.999 29.999 29.999 29.999    0.043 0.042 0.037 0.044 0.034  C 14872
   2498.73137 29.999 29.999 29.999 29.999 29.999    0.038 0.039 0.032 0.035 0.030  C 15477
   2500.73530 13.374 13.447 13.390 13.329 13.249    0.040 0.038 0.030 0.033 0.029  A 15903
   2501.74229 13.422 13.402 13.357 13.369 13.331    0.030 0.031 0.026 0.029 0.023  A 16054
   2502.73329 29.999 29.999 29.999 29.999 29.999    0.044 0.041 0.036 0.043 0.036  C 16262
   2503.73577 29.999 29.999 29.999 29.999 29.999    0.083 0.073 0.065 0.071 0.068  D 16467
   2519.77468 13.317 13.250 13.244 13.198 13.154    0.034 0.034 0.022 0.022 0.019  A 18056
   2526.67082 13.374 13.309 13.308 13.276 13.296    0.040 0.031 0.025 0.025 0.026  A 18856
   2538.87501 29.999 29.999 29.999 29.999 29.999    0.081 0.062 0.057 0.068 0.067  D 19433
   2540.60834 29.999 29.999 29.999 29.999 29.999    0.037 0.035 0.026 0.027 0.027  C 19699
   2544.69590 13.103 13.116 13.156 13.176 13.203    0.031 0.036 0.032 0.029 0.028  A 20007
   2545.73012 13.353 13.266 13.256 13.227 13.208    0.031 0.030 0.023 0.021 0.022  A 20211
   2553.57968 13.416 13.246 13.168 13.159 13.165    0.036 0.038 0.030 0.030 0.028  A 21301
   2554.67224 29.999 29.999 29.999 29.999 29.999    0.055 0.047 0.040 0.045 0.048  C 21523
   2558.65031 13.474 13.427 13.461 13.508 13.429    0.028 0.028 0.019 0.020 0.020  A 22052
   2559.64865 13.381 13.384 13.368 13.346 13.297    0.034 0.032 0.021 0.021 0.022  A 22232
   2560.64706 13.265 13.249 13.257 13.284 13.282    0.027 0.022 0.021 0.023 0.026  A 22410
   2561.64067 13.499 13.479 13.446 13.371 13.356    0.056 0.026 0.022 0.025 0.026  A 22555
   2562.64169 13.561 13.495 13.519 13.578 13.607    0.031 0.025 0.020 0.022 0.024  A 22736
   2563.65796 29.999 29.999 29.999 29.999 29.999    0.036 0.031 0.022 0.022 0.024  C 22922
   2578.64013 13.340 13.312 13.276 13.301 13.358    0.031 0.033 0.024 0.024 0.023  A 24947
   2621.58961 29.999 29.999 29.999 29.999 29.999    0.030 0.030 0.028 0.026 0.026  C 29780
   2622.66626 13.211 13.227 13.265 13.288 13.280    0.039 0.026 0.024 0.027 0.030  A 29980
   2625.58897 13.588 13.597 13.616 13.638 13.571    0.045 0.029 0.024 0.027 0.030  A 30394
   2628.59324 13.340 13.304 13.380 13.498 13.623    0.055 0.031 0.030 0.034 0.037  A 30703
   2637.62655 13.333 13.318 13.285 13.267 13.267    0.028 0.023 0.019 0.021 0.023  A 32515
   2639.62429 13.722 13.873 13.891 13.861 13.888    0.030 0.023 0.020 0.022 0.024  A 32822
   2642.53537 13.549 13.589 13.651 13.632 13.634    0.030 0.027 0.023 0.024 0.024  A 33224
   2644.54271 13.261 13.232 13.179 13.085 13.050    0.039 0.025 0.024 0.027 0.029  A 33532
   2649.55611 13.535 13.529 13.530 13.482 13.451    0.032 0.025 0.021 0.023 0.025  A 34093
   2651.56598 13.421 13.389 13.410 13.424 13.436    0.038 0.027 0.024 0.027 0.030  A 34407
   2653.58191 13.366 13.363 13.369 13.333 13.436    0.031 0.025 0.023 0.025 0.028  A 34721
   2657.54511 13.324 13.324 13.318 13.358 13.373    0.039 0.028 0.025 0.030 0.035  A 35388
   2659.56320 13.661 13.661 13.600 13.397 13.247    0.028 0.024 0.023 0.026 0.030  A 35738
   2661.56011 13.411 13.323 13.305 13.258 13.215    0.037 0.026 0.023 0.026 0.029  A 36079
   2663.55895 13.355 13.395 13.482 13.520 13.411    0.034 0.028 0.027 0.029 0.030  A 36417
   2666.53053 13.676 13.776 13.819 13.865 13.879    0.030 0.031 0.030 0.035 0.039  A 36907
   2668.54081 13.294 13.292 13.248 13.263 13.227    0.035 0.031 0.030 0.034 0.039  A 37234
   2670.54115 13.707 13.744 13.742 13.844 13.852    0.032 0.026 0.023 0.026 0.027  A 37550
   2672.54417 13.319 13.316 13.280 13.232 13.238    0.025 0.024 0.022 0.024 0.027  A 37886
   2675.52380 13.523 13.576 13.683 13.769 13.828    0.030 0.028 0.027 0.031 0.034  A 38410
   2677.52725 13.248 13.255 13.264 13.213 13.235    0.032 0.028 0.025 0.028 0.031  A 38758
   2783.87868 13.268 13.223 13.223 13.193 13.105    0.033 0.025 0.023 0.025 0.028  A 56033
   2785.91441 13.536 13.378 13.319 13.341 13.325    0.045 0.042 0.042 0.045 0.047  A 56467
   2832.79336 13.322 13.270 13.295 13.301 13.081    0.028 0.034 0.033 0.035 0.034  A 63022
   2839.87150 29.999 29.999 29.999 29.999 29.999    0.067 0.071 0.072 0.079 0.086  D 64206
   2844.83070 13.787 13.674 13.676 13.680 13.786    0.023 0.027 0.021 0.024 0.024  A 65083
   2856.80082 13.259 13.155 13.183 13.203 13.254    0.028 0.032 0.026 0.028 0.030  A 66124
   2861.82122 29.999 29.999 29.999 29.999 29.999    0.031 0.042 0.039 0.044 0.043  C 67038
   2866.80508 13.233 13.489 13.647 13.812 13.897    0.030 0.035 0.034 0.037 0.039  A 67628
   2875.80552 13.346 13.249 13.185 13.140 13.138    0.027 0.031 0.025 0.025 0.024  A 68622
   2883.74966 13.685 13.747 13.749 13.613 13.547    0.032 0.028 0.021 0.024 0.023  A 69667
   2895.78837 13.156 13.198 13.176 13.200 13.183    0.029 0.032 0.029 0.029 0.029  A 71334
   2897.80462 13.399 13.346 13.323 13.285 13.248    0.023 0.025 0.021 0.023 0.026  A 71740
   2899.76699 13.474 13.489 13.542 13.556 13.602    0.034 0.030 0.027 0.027 0.026  A 72087
   2902.73578 13.541 13.543 13.569 13.649 13.721    0.025 0.028 0.026 0.026 0.027  A 72554
   2907.80798 13.286 13.293 13.240 13.403 13.308    0.047 0.042 0.044 0.052 0.058  B 73306
   2912.65114 13.202 13.220 13.208 13.188 13.269    0.030 0.023 0.020 0.022 0.024  A 74106
   2915.62598 13.871 13.845 13.852 13.806 13.740    0.026 0.035 0.026 0.029 0.027  A 74379
   2916.71772 13.537 13.546 13.556 13.595 13.660    0.026 0.028 0.023 0.025 0.026  A 74611
   2918.66788 29.999 29.999 29.999 29.999 29.999    0.027 0.027 0.024 0.027 0.030  C 74903
   2921.70865 13.225 13.222 13.177 13.193 13.053    0.028 0.029 0.029 0.035 0.040  A 75111
   2923.69777 29.999 29.999 29.999 29.999 29.999    0.031 0.033 0.032 0.032 0.034  C 75482
   2926.70136 13.448 13.360 13.397 13.567 13.636    0.023 0.025 0.022 0.023 0.026  A 75843
   2928.69830 29.999 29.999 29.999 29.999 29.999    0.034 0.037 0.034 0.036 0.040  C 76215
   2930.68219 13.268 13.338 13.297 13.244 13.224    0.027 0.028 0.024 0.023 0.025  A 76558
   2932.67262 29.999 29.999 29.999 29.999 29.999    0.029 0.031 0.028 0.030 0.033  C 76909
   2934.66719 13.393 13.406 13.395 13.384 13.342    0.032 0.040 0.030 0.027 0.029  A 77261
   2936.66947 29.999 29.999 29.999 29.999 29.999    0.045 0.044 0.049 0.058 0.068  C 77613
   2939.70082 13.141 13.119 13.082 13.049 13.027    0.030 0.024 0.021 0.023 0.026  A 77842
   2942.74754 13.250 13.259 13.203 13.215 13.194    0.033 0.031 0.024 0.025 0.028  A 78248
   2944.59018 13.720 13.773 13.683 13.608 13.715    0.026 0.028 0.023 0.025 0.027  A 78506
   2945.63212 13.215 13.216 13.198 13.081 13.148    0.041 0.044 0.038 0.042 0.046  A 78702
   2949.66180 13.128 13.133 13.163 13.182 13.201    0.029 0.026 0.024 0.027 0.031  A 79292
   2951.67386 13.595 13.493 13.492 13.506 13.562    0.026 0.026 0.026 0.030 0.034  A 79577
   2953.69047 29.999 29.999 29.999 29.999 29.999    0.034 0.035 0.037 0.044 0.052  C 79852
   2955.69448 13.392 13.280 13.201 13.145 13.084    0.025 0.026 0.024 0.027 0.029  A 80109
   2957.68821 13.547 13.622 13.711 13.789 13.864    0.023 0.025 0.023 0.028 0.031  A 80397
   2961.74046 13.399 13.399 13.378 13.378 13.425    0.035 0.031 0.030 0.032 0.035  A 80960
   2963.71384 13.278 13.251 13.236 13.251 13.270    0.031 0.029 0.026 0.029 0.033  A 81230
   2966.55106 13.304 13.294 13.380 13.453 13.522    0.026 0.025 0.021 0.023 0.025  A 81596
   2968.56369 13.412 13.409 13.464 13.496 13.444    0.037 0.038 0.038 0.039 0.044  A 81876
   2970.56252 13.349 13.338 13.367 13.409 13.379    0.024 0.025 0.021 0.024 0.027  A 82095
   2972.57530 13.190 13.187 13.132 13.087 13.100    0.026 0.027 0.025 0.030 0.033  A 82361
   2974.59897 13.390 13.413 13.353 13.264 13.177    0.027 0.027 0.024 0.028 0.031  A 82568
   2976.60627 13.586 13.654 13.774 13.918 14.005    0.028 0.028 0.024 0.027 0.032  A 82840
   2978.62503 13.431 13.555 13.635 13.632 13.521    0.025 0.028 0.028 0.034 0.040  A 83124
   2980.64918 13.490 13.491 13.584 13.737 13.735    0.027 0.027 0.026 0.032 0.037  A 83382
   2982.65794 29.999 29.999 29.999 29.999 29.999    0.037 0.039 0.041 0.051 0.059  C 83658
   2984.65761 13.560 13.503 13.447 13.327 13.235    0.030 0.025 0.025 0.029 0.034  A 83915
   2986.68494 13.390 13.379 13.455 13.495 13.425    0.029 0.026 0.025 0.030 0.036  A 84190
   2989.62233 13.223 13.228 13.239 13.224 13.096    0.027 0.025 0.023 0.026 0.029  A 84518
   2991.63836 13.607 13.527 13.553 13.512 13.538    0.024 0.027 0.024 0.027 0.030  A 84781
   2993.66662 13.339 13.368 13.463 13.554 13.613    0.029 0.028 0.025 0.028 0.031  A 85069
   2996.58526 13.764 13.898 13.927 13.952 14.062    0.042 0.039 0.036 0.038 0.041  A 85425
   2998.59466 13.163 13.211 13.270 13.310 13.330    0.026 0.026 0.024 0.028 0.031  A 85704
   3001.56931 13.693 13.724 13.773 13.824 13.851    0.028 0.025 0.023 0.025 0.028  A 85963
   3005.59122 13.376 13.301 13.291 13.245 13.282    0.029 0.026 0.024 0.028 0.032  A 86444
   3007.60318 13.427 13.407 13.426 13.370 13.244    0.028 0.030 0.028 0.031 0.036  A 86709
   3010.60017 29.999 29.999 29.999 29.999 29.999    0.031 0.032 0.034 0.041 0.047  C 87097
   3012.59684 29.999 29.999 29.999 29.999 29.999    0.032 0.034 0.036 0.041 0.049  C 87360
   3016.56762 13.937 13.900 13.784 13.768 13.881    0.096 0.054 0.048 0.051 0.056  B 87717
   3018.57910 13.438 13.418 13.364 13.300 13.238    0.038 0.039 0.040 0.043 0.047  A 87993
   3030.55316 13.505 13.573 13.690 13.807 13.770    0.027 0.027 0.026 0.030 0.034  A 88702
   3033.54691 13.401 13.329 13.324 13.326 13.358    0.030 0.038 0.044 0.049 0.053  B 88994
   3126.90844 29.999 29.999 29.999 29.999 29.999    0.079 0.085 0.093 0.099 0.104  D 100967
   3130.91130 29.999 29.999 29.999 29.999 29.999    0.046 0.037 0.038 0.043 0.048  C 101583
   3146.92576 29.999 29.999 29.999 29.999 29.999    0.035 0.036 0.038 0.043 0.047  C 103621
   3154.92418 13.573 13.485 13.402 13.317 13.272    0.025 0.026 0.025 0.029 0.032  A 104039
   3171.89583 13.519 13.540 13.502 13.416 13.271    0.030 0.030 0.031 0.037 0.042  A 106267
   3175.90871 13.219 13.321 13.299 13.218 13.208    0.040 0.043 0.048 0.053 0.057  B 106680
   3179.84660 13.294 13.278 13.292 13.326 13.395    0.027 0.026 0.024 0.027 0.031  A 107273
   3183.86047 13.252 13.308 13.386 13.515 13.554    0.028 0.027 0.027 0.032 0.036  A 107729
   3186.86993 29.999 29.999 29.999 29.999 29.999    0.050 0.057 0.064 0.074 0.078  D 108172
   3326.61989 13.233 13.254 13.232 13.348 13.472    0.036 0.025 0.024 0.028 0.030  A 121102
   3403.53115 13.763 13.767 13.702 13.577 13.431    0.033 0.030 0.033 0.039 0.045  A 128213
   3406.52932 13.430 13.380 13.395 13.346 13.310    0.038 0.025 0.025 0.029 0.033  A 128682
   3409.52298 13.325 13.337 13.350 13.288 13.235    0.037 0.027 0.027 0.031 0.035  A 129148
   3579.89315 13.701 13.650 13.665 13.662 13.615    0.045 0.031 0.026 0.027 0.029  A 152241
   3657.66580 13.225 13.207 13.197 13.188 13.293    0.054 0.033 0.027 0.031 0.035  A 162328
   3674.68391 13.509 13.513 13.505 13.513 13.494    0.033 0.025 0.023 0.026 0.028  A 164702
   3704.59708 14.188 14.578 15.938 99.999 99.999    0.036 0.034 0.034 0.042 0.048  C 168556
   3707.57815 13.396 13.492 13.511 13.624 13.882    0.047 0.029 0.024 0.027 0.029  A 168961
   3711.59305 13.438 13.485 13.531 13.497 13.386    0.054 0.031 0.027 0.030 0.032  A 169248
   3713.59261 13.299 13.347 13.417 13.512 13.644    0.040 0.028 0.025 0.028 0.031  A 169524
   3715.62602 13.438 13.426 99.999 99.999 99.999    0.082 0.046 0.043 0.050 0.056  C 169824
   3718.56497 13.319 13.323 13.357 13.326 13.346    0.050 0.036 0.036 0.040 0.043  A 170176
   3726.55921 13.569 13.734 14.036 14.677 15.185    0.051 0.034 0.034 0.039 0.044  A 171111
   3731.63618 13.306 13.319 13.316 13.295 13.313    0.051 0.041 0.041 0.046 0.050  B 171686
   3735.57336 13.570 13.397 13.375 13.449 13.513    0.066 0.033 0.027 0.030 0.033  A 172190
   3738.54252 13.388 13.437 13.370 13.294 13.256    0.044 0.028 0.024 0.027 0.029  A 172597
   3740.59011 13.409 13.496 13.556 13.635 13.679    0.036 0.028 0.025 0.028 0.030  A 172891
   3743.59018 13.395 13.297 13.275 13.293 13.287    0.033 0.027 0.026 0.031 0.034  A 173263
   3746.59414 13.110 13.080 13.025 12.939 12.844    0.043 0.035 0.038 0.047 0.055  B 173668
   3749.58168 29.999 29.999 29.999 29.999 29.999    0.047 0.040 0.042 0.054 0.064  C 174077
   3753.56144 13.484 13.439 13.500 13.645 13.816    0.041 0.034 0.035 0.039 0.045  A 174630
   3756.55388 13.261 13.190 13.229 13.263 13.148    0.039 0.035 0.038 0.045 0.053  B 175035
   3759.54399 29.999 29.999 29.999 29.999 29.999    0.043 0.034 0.036 0.045 0.052  C 175452
   3762.54684 13.335 13.345 13.417 13.489 13.559    0.042 0.034 0.036 0.041 0.048  A 175846
   3765.54021 13.401 13.414 13.349 13.233 13.238    0.046 0.031 0.032 0.036 0.041  A 176262
   3768.53264 13.863 13.876 14.089 14.527 15.118    0.049 0.031 0.033 0.037 0.042  A 176678
   3771.53398 13.534 13.614 13.889 14.317 14.412    0.038 0.030 0.034 0.040 0.047  A 177085
   4125.53884 13.772 13.762 13.804 13.890 13.844    0.062 0.059 0.039 0.038 0.041  B 211502
   4127.55509 13.265 13.270 13.219 13.188 13.229    0.042 0.031 0.028 0.032 0.035  A 211769
   4131.53307 13.254 13.244 13.217 13.130 13.085    0.038 0.030 0.030 0.035 0.039  A 212281
   4134.53496 13.422 13.482 13.481 13.475 13.471    0.075 0.038 0.033 0.040 0.045  A 212693
   4458.57819 29.999 29.999 29.999 29.999 29.999    0.041 0.033 0.033 0.039 0.046  C 250678
   4467.56419 29.999 29.999 29.999 29.999 29.999    0.048 0.037 0.039 0.043 0.046  C 251731
#ndata= 20
#dataset= 2 ; 1 F0048-56_061
#desig= 001749-5222.9
#cra=    0.297071  00:17:49.5
#cdec= -52.382438 -52:22:56.8
#class= 0
#cmag_0= 13.310
#cmer_0=  0.202
#nskip_0= 0
#cmag_1= 13.320
#cmer_1=  0.201
#nskip_1= 0
#cmag_2= 13.305
#cmer_2=  0.194
#nskip_2= 0
#cmag_3= 13.307
#cmer_3=  0.198
#nskip_3= 0
#cmag_4= 13.314
#cmer_4=  0.239
#nskip_4= 0
#ra=    0.297071  00:17:49.5
#dec= -52.382438 -52:22:56.8
#     HJD      MAG_0  MAG_1  MAG_2  MAG_3  MAG_4    MER_0 MER_1 MER_2 MER_3 MER_4 GRADE FRAME
   2143.74250 13.282 13.355 13.336 13.285 13.291    0.062 0.035 0.029 0.030 0.032  A 30845
   2452.81748 13.317 13.274 13.309 13.352 13.290    0.035 0.035 0.028 0.030 0.031  A 9527
   2453.77494 13.367 13.320 13.332 13.327 13.321    0.032 0.032 0.026 0.029 0.029  A 9692
   2465.85301 13.206 13.200 13.222 13.194 13.124    0.040 0.040 0.035 0.038 0.034  A 11153
   2468.90224 13.209 13.165 13.058 13.060 13.008    0.030 0.032 0.026 0.029 0.028  A 11828
   2470.80359 13.067 13.175 13.249 13.278 13.224    0.032 0.033 0.026 0.030 0.028  A 12068
   2473.86000 13.269 13.292 13.309 13.431 13.587    0.039 0.039 0.034 0.042 0.037  A 12780
   2481.82003 29.999 29.999 29.999 29.999 29.999    0.054 0.049 0.044 0.051 0.050  C 13028
   2486.78673 29.999 29.999 29.999 29.999 29.999    0.047 0.042 0.037 0.042 0.044  C 13388
   2490.78551 13.400 13.444 13.416 13.420 13.409    0.039 0.039 0.033 0.040 0.037  A 14130
   2500.73530 13.349 13.422 13.366 13.317 13.235    0.033 0.036 0.028 0.030 0.026  A 15903
   2755.92368 29.999 29.999 29.999 29.999 29.999    0.026 0.028 0.025 0.027 0.031  C 52582
   2783.87868 13.256 13.209 13.210 13.192 13.106    0.036 0.027 0.025 0.026 0.029  A 56033
   2811.87611 13.260 13.363 13.470 13.556 13.773    0.025 0.028 0.027 0.028 0.029  A 60056
   2819.91227 29.999 29.999 29.999 29.999 29.999    0.039 0.046 0.042 0.049 0.052  C 61407
   2886.81390 13.729 13.769 13.813 13.757 13.625    0.028 0.035 0.032 0.031 0.031  A 70312
   2894.66989 29.999 29.999 29.999 29.999 29.999    0.035 0.035 0.033 0.034 0.037  C 71091
   2947.80931 13.369 13.332 13.255 13.230 13.333    0.041 0.032 0.031 0.033 0.037  A 79078
   2976.63962 13.447 13.412 13.359 13.294 13.258    0.029 0.027 0.026 0.029 0.032  A 82853
   4411.66091 13.387 13.317 13.297 13.319 13.400    0.039 0.035 0.035 0.037 0.040  A 246104
#ndata= 209
#dataset= 3 ; 1 F0000-48_090
#desig= 001749-5223.0
#cra=    0.297052  00:17:49.4
#cdec= -52.382749 -52:22:57.9
#class= 0
#cmag_0= 13.374
#cmer_0=  0.184
#nskip_0= 0
#cmag_1= 13.398
#cmer_1=  0.195
#nskip_1= 0
#cmag_2= 13.429
#cmer_2=  0.215
#nskip_2= 0
#cmag_3= 13.443
#cmer_3=  0.262
#nskip_3= 0
#cmag_4= 13.434
#cmer_4=  0.309
#nskip_4= 0
#ra=    0.297052  00:17:49.4
#dec= -52.382749 -52:22:57.9
#     HJD      MAG_0  MAG_1  MAG_2  MAG_3  MAG_4    MER_0 MER_1 MER_2 MER_3 MER_4 GRADE FRAME
   1877.57909 13.076 13.136 13.080 12.978 12.877    0.063 0.028 0.027 0.025 0.028  A 1462
   1889.58519 13.384 13.398 13.448 13.423 13.320    0.048 0.028 0.025 0.029 0.034  A 3041
   1900.60192 13.390 13.376 13.392 13.399 13.423    0.048 0.031 0.024 0.025 0.026  A 3338
   2040.86414 13.333 13.327 13.336 13.350 13.558    0.080 0.036 0.032 0.036 0.040  A 19559
   2136.73747 29.999 29.999 29.999 29.999 29.999    0.052 0.032 0.026 0.027 0.030  C 29683
   2156.67844 13.178 13.172 13.177 13.248 13.382    0.045 0.035 0.028 0.028 0.031  A 31666
   2164.67218 13.187 13.186 13.169 13.126 13.102    0.035 0.033 0.025 0.025 0.026  A 31922
   2167.65840 13.547 13.471 13.474 13.527 13.585    0.052 0.029 0.024 0.026 0.029  A 32106
   2168.67029 13.315 13.396 13.393 13.389 13.382    0.045 0.027 0.021 0.023 0.025  A 32279
   2169.67947 13.103 13.134 13.169 13.142 13.110    0.039 0.030 0.023 0.024 0.025  A 32436
   2171.65703 29.999 29.999 29.999 29.999 29.999    0.056 0.042 0.039 0.040 0.044  C 32610
   2172.65888 13.632 13.543 13.464 13.433 13.392    0.036 0.027 0.022 0.024 0.026  A 32800
   2173.65610 13.518 13.447 13.451 13.409 13.334    0.050 0.031 0.026 0.028 0.031  A 32987
   2174.65668 13.260 13.213 13.050 12.910 12.953    0.053 0.040 0.039 0.045 0.052  B 33161
   2175.63920 13.290 13.280 13.310 13.307 13.298    0.045 0.032 0.026 0.028 0.031  A 33298
   2177.62428 13.463 13.405 13.428 13.473 13.447    0.045 0.036 0.029 0.030 0.033  A 33420
   2178.63349 13.541 13.548 13.598 13.617 13.586    0.048 0.034 0.027 0.028 0.029  A 33599
   2183.58337 13.674 13.600 13.584 13.568 13.605    0.043 0.035 0.028 0.030 0.033  A 33864
   2184.62212 13.181 13.155 13.187 13.240 13.170    0.047 0.037 0.028 0.030 0.033  A 34073
   2185.63741 13.342 13.392 13.443 13.507 13.545    0.043 0.035 0.027 0.029 0.032  A 34266
   2186.65890 29.999 29.999 29.999 29.999 29.999    0.041 0.035 0.028 0.030 0.031  C 34390
   2188.65728 13.184 13.118 13.165 13.161 13.140    0.039 0.035 0.025 0.028 0.028  A 34700
   2190.57861 13.157 13.180 13.255 13.256 13.208    0.045 0.034 0.027 0.027 0.029  A 34913
   2191.63039 13.505 13.422 13.469 13.499 13.424    0.045 0.032 0.025 0.026 0.027  A 35111
   2192.62284 13.593 13.547 13.582 13.634 13.627    0.041 0.029 0.022 0.024 0.027  A 35282
   2193.63063 13.347 13.304 13.248 13.221 13.152    0.045 0.032 0.026 0.026 0.028  A 35468
   2194.61500 13.339 13.340 13.374 13.363 13.314    0.045 0.035 0.027 0.027 0.029  A 35640
   2195.61931 13.191 13.080 13.066 13.088 13.074    0.045 0.033 0.026 0.027 0.030  A 35819
   2196.62746 13.455 13.484 13.557 13.678 13.625    0.049 0.035 0.030 0.031 0.034  A 35955
   2197.61357 13.591 13.525 13.552 13.633 13.588    0.039 0.032 0.023 0.024 0.026  A 36133
   2198.60575 13.337 13.364 13.464 13.550 13.560    0.041 0.031 0.023 0.024 0.026  A 36301
   2201.59055 13.364 13.378 13.412 13.476 13.502    0.042 0.034 0.024 0.025 0.025  A 36723
   2202.60698 13.658 13.802 13.994 14.203 14.331    0.048 0.037 0.028 0.029 0.031  A 36898
   2203.60107 13.278 13.272 13.338 13.385 13.277    0.045 0.034 0.027 0.028 0.028  A 37069
   2206.59094 13.316 13.309 13.282 13.239 13.193    0.040 0.035 0.026 0.028 0.030  A 37467
   2207.59429 13.507 13.539 13.383 13.239 13.148    0.053 0.043 0.038 0.043 0.048  A 37641
   2211.56083 13.434 13.486 13.507 13.416 13.363    0.047 0.040 0.033 0.036 0.033  A 37819
   2213.55574 13.531 13.645 13.710 13.704 13.545    0.046 0.037 0.030 0.032 0.034  A 38053
   2214.58439 13.396 13.544 13.634 13.723 13.651    0.047 0.041 0.033 0.034 0.036  A 38213
   2215.60237 13.475 13.494 13.487 13.506 13.552    0.044 0.038 0.030 0.034 0.033  A 38388
   2216.58902 13.586 13.540 13.618 13.680 13.614    0.044 0.035 0.027 0.032 0.030  A 38552
   2217.58415 13.579 13.616 13.641 13.652 13.653    0.045 0.037 0.029 0.033 0.031  A 38717
   2219.55260 13.264 13.357 13.443 13.561 13.679    0.044 0.037 0.030 0.035 0.033  A 38877
   2221.56715 13.475 13.532 13.490 13.489 13.441    0.042 0.036 0.027 0.030 0.029  A 39000
   2224.54308 13.191 13.320 13.336 13.354 13.421    0.046 0.039 0.029 0.034 0.031  A 39307
   2226.55146 13.331 13.448 13.512 13.530 13.557    0.046 0.038 0.031 0.035 0.032  A 39627
   2228.55273 13.334 13.382 13.407 13.373 13.324    0.045 0.038 0.030 0.037 0.035  A 39943
   2230.53319 13.253 13.389 13.378 13.326 13.254    0.044 0.038 0.030 0.033 0.031  A 40262
   2233.53287 13.340 13.384 13.370 13.400 13.401    0.042 0.037 0.030 0.035 0.032  A 40590
   2235.52661 13.189 13.182 13.154 13.156 13.081    0.044 0.038 0.029 0.032 0.030  A 40897
   2237.53871 13.614 13.629 13.731 13.766 13.784    0.050 0.038 0.032 0.040 0.037  A 41222
   2240.54618 13.417 13.432 13.522 13.589 13.503    0.051 0.044 0.036 0.040 0.035  A 41542
   2242.55781 13.527 13.685 13.742 13.697 13.604    0.050 0.043 0.035 0.040 0.038  A 41866
   2244.60123 29.999 29.999 29.999 29.999 29.999    0.059 0.051 0.043 0.047 0.045  C 42164
   2248.55152 13.183 13.324 13.307 13.204 13.084    0.053 0.043 0.037 0.045 0.042  A 42461
   2250.59670 13.787 13.820 13.945 14.064 14.169    0.050 0.041 0.034 0.040 0.038  A 42838
   2252.59033 13.229 13.261 13.328 13.351 13.248    0.054 0.042 0.034 0.043 0.041  A 43159
   2254.58638 13.571 13.672 13.687 13.725 13.725    0.058 0.044 0.035 0.042 0.041  A 43449
   2256.58753 13.250 13.294 13.341 13.330 13.249    0.056 0.045 0.038 0.044 0.042  A 43766
   3383.54513 13.713 13.681 13.710 13.714 13.842    0.049 0.034 0.034 0.038 0.041  A 125726
   3387.57362 13.660 13.669 13.752 13.789 13.658    0.051 0.035 0.035 0.038 0.043  A 126297
   3394.56501 13.166 13.195 13.211 13.125 13.051    0.045 0.030 0.032 0.040 0.045  A 127116
   3397.55518 13.609 13.619 13.615 13.604 13.573    0.039 0.028 0.029 0.034 0.039  A 127474
   3503.91045 29.999 29.999 29.999 29.999 29.999    0.072 0.062 0.066 0.082 0.098  D 142894
   3510.91375 13.164 13.114 13.161 13.142 13.043    0.038 0.027 0.022 0.023 0.026  A 143576
   3543.89024 13.174 13.201 13.335 13.533 14.025    0.057 0.038 0.033 0.036 0.040  A 147629
   3555.82726 13.219 13.343 13.443 13.547 13.660    0.059 0.045 0.046 0.050 0.053  B 148988
   3599.83720 29.999 29.999 29.999 29.999 29.999    0.027 0.030 0.026 0.029 0.033  C 155304
   3617.74423 29.999 29.999 29.999 29.999 29.999    0.044 0.038 0.030 0.033 0.038  C 157169
   3625.74161 13.448 13.501 13.505 13.487 13.473    0.031 0.032 0.026 0.032 0.038  A 158201
   3630.73944 29.999 29.999 29.999 29.999 29.999    0.037 0.034 0.030 0.034 0.039  C 158823
   3638.68823 13.466 13.468 13.474 13.409 13.408    0.036 0.032 0.029 0.033 0.036  A 159800
   3643.62895 13.410 13.377 13.414 13.408 13.357    0.036 0.029 0.023 0.025 0.027  A 160451
   3646.67258 29.999 29.999 29.999 29.999 29.999    0.036 0.034 0.027 0.028 0.031  C 160776
   3649.60904 29.999 29.999 29.999 29.999 29.999    0.053 0.036 0.031 0.035 0.040  C 161169
   3651.64850 13.511 13.593 13.655 13.655 13.599    0.048 0.030 0.025 0.026 0.029  A 161449
   3653.64134 13.066 13.200 13.302 13.482 13.636    0.042 0.032 0.031 0.036 0.041  A 161758
   3655.63152 29.999 29.999 29.999 29.999 29.999    0.065 0.034 0.029 0.032 0.034  C 162016
   3657.66384 13.183 13.196 13.175 13.180 13.218    0.056 0.035 0.030 0.033 0.036  A 162327
   3659.70029 29.999 29.999 29.999 29.999 29.999    0.052 0.036 0.030 0.035 0.041  C 162652
   3661.72908 13.330 13.380 13.394 13.355 13.296    0.042 0.033 0.032 0.038 0.044  A 162966
   3663.80756 13.233 13.288 13.425 13.507 13.598    0.036 0.031 0.033 0.038 0.047  A 163269
   3666.62429 29.999 29.999 29.999 29.999 29.999    0.041 0.029 0.024 0.025 0.029  C 163648
   3669.71773 13.742 13.687 13.778 13.776 13.742    0.029 0.026 0.021 0.023 0.025  A 164001
   3671.81186 29.999 29.999 29.999 29.999 29.999    0.036 0.032 0.027 0.031 0.036  C 164316
   3674.60513 13.145 13.091 13.116 13.098 13.055    0.043 0.031 0.024 0.026 0.028  A 164680
   3676.62800 13.479 13.451 13.380 13.253 13.189    0.035 0.027 0.023 0.025 0.028  A 164972
   3680.54759 13.189 13.165 13.144 13.145 13.125    0.049 0.030 0.024 0.026 0.028  A 165321
   3701.59920 29.999 29.999 29.999 29.999 29.999    0.046 0.039 0.042 0.046 0.052  C 168163
   3704.59140 13.222 13.167 13.166 13.126 13.111    0.049 0.029 0.027 0.032 0.038  A 168554
   3707.57602 13.260 13.210 13.160 13.149 13.216    0.066 0.034 0.027 0.029 0.032  A 168960
   3711.57758 13.596 13.532 13.527 13.442 13.353    0.053 0.033 0.026 0.027 0.030  A 169243
   3717.64773 13.517 13.480 13.580 13.729 14.136    0.050 0.035 0.037 0.045 0.054  B 170087
   3720.62628 13.300 13.205 13.147 13.124 13.072    0.044 0.031 0.032 0.037 0.042  A 170434
   3726.55349 13.246 13.261 13.096 12.994 12.957    0.047 0.036 0.035 0.041 0.046  A 171109
   3728.61155 13.731 13.742 13.776 13.739 13.712    0.048 0.031 0.031 0.036 0.042  A 171403
   3731.62268 13.379 13.383 13.400 13.349 13.323    0.044 0.034 0.034 0.037 0.043  A 171682
   3735.56683 13.728 13.665 13.673 13.739 13.948    0.035 0.026 0.025 0.029 0.032  A 172188
   3738.54011 13.714 13.798 13.745 13.628 13.505    0.044 0.027 0.024 0.026 0.030  A 172596
   3740.58747 13.488 13.477 13.415 13.322 13.211    0.041 0.028 0.026 0.028 0.031  A 172890
   3743.58772 13.541 13.661 13.833 13.979 14.032    0.042 0.031 0.029 0.034 0.038  A 173262
   3746.59145 13.324 13.260 13.099 12.883 12.830    0.040 0.036 0.039 0.047 0.057  B 173667
   3749.57899 29.999 29.999 29.999 29.999 29.999    0.044 0.036 0.040 0.051 0.063  C 174076
   3753.55869 13.534 13.603 13.629 13.608 13.592    0.052 0.037 0.037 0.039 0.042  A 174629
   3756.55121 13.338 13.440 13.585 13.751 13.837    0.038 0.037 0.040 0.048 0.056  B 175034
   3759.54138 13.569 13.611 13.602 13.543 13.615    0.042 0.032 0.035 0.041 0.048  A 175451
   3762.54422 13.472 13.504 13.543 13.589 13.669    0.047 0.036 0.037 0.043 0.050  A 175845
   3765.53755 13.552 13.662 13.586 13.540 13.646    0.045 0.031 0.028 0.031 0.035  A 176261
   3768.52910 13.449 13.399 13.373 13.319 13.257    0.043 0.030 0.030 0.036 0.042  A 176677
   3773.52424 29.999 29.999 29.999 29.999 29.999    0.041 0.038 0.039 0.047 0.056  C 177321
   3852.92447 13.187 13.301 13.543 13.883 14.097    0.053 0.039 0.038 0.046 0.054  B 187705
   3859.90858 29.999 29.999 29.999 29.999 29.999    0.046 0.035 0.033 0.039 0.043  C 188761
   3863.89582 13.504 13.521 13.536 13.549 13.600    0.066 0.037 0.032 0.033 0.036  A 189439
   3866.90252 13.125 13.261 13.344 13.405 13.317    0.053 0.034 0.030 0.033 0.037  A 189970
   3869.92414 29.999 29.999 29.999 29.999 29.999    0.075 0.046 0.047 0.053 0.061  C 190465
   3872.89916 13.194 13.372 13.456 13.540 13.525    0.067 0.042 0.039 0.045 0.050  A 191021
   3880.92256 13.357 13.395 13.389 13.329 13.424    0.053 0.033 0.032 0.037 0.043  A 191902
   3891.89907 13.274 13.311 13.315 13.261 13.167    0.035 0.029 0.024 0.026 0.031  A 193442
   3894.90113 13.148 13.191 13.170 13.171 13.169    0.033 0.030 0.023 0.026 0.028  A 193944
   3898.87878 29.999 29.999 29.999 29.999 29.999    0.039 0.032 0.029 0.034 0.040  C 194433
   3902.85833 13.366 13.529 13.577 13.614 13.503    0.054 0.030 0.027 0.031 0.035  A 195108
   3905.88477 13.135 13.158 13.271 13.396 13.570    0.056 0.033 0.030 0.033 0.036  A 195684
   3913.89887 13.525 13.610 13.692 13.700 13.635    0.103 0.055 0.043 0.042 0.043  D 197024
   4091.56911 13.358 13.297 13.261 13.249 13.206    0.050 0.032 0.027 0.030 0.035  A 209360
   4103.57887 29.999 29.999 29.999 29.999 29.999    0.064 0.045 0.037 0.040 0.046  C 210572
   4105.60672 13.368 13.436 13.444 13.416 13.537    0.045 0.030 0.031 0.037 0.042  A 210811
   4109.57448 13.348 13.251 13.255 13.293 13.204    0.060 0.036 0.031 0.034 0.036  A 211225
   4127.53831 13.592 13.583 13.514 13.369 13.288    0.046 0.031 0.028 0.031 0.034  A 211763
   4131.52683 13.399 13.463 13.639 13.934 13.975    0.035 0.030 0.029 0.034 0.038  A 212279
   4134.52875 13.533 13.590 13.683 13.757 13.707    0.056 0.052 0.057 0.068 0.074  D 212691
   4137.52399 13.183 13.165 13.092 13.032 13.014    0.035 0.026 0.025 0.028 0.032  A 213093
   4229.91930 29.999 29.999 29.999 29.999 29.999    0.059 0.037 0.030 0.032 0.036  C 223613
   4232.91303 13.240 13.381 13.357 13.287 13.176    0.051 0.046 0.044 0.047 0.052  B 224127
   4247.91512 13.160 13.165 13.235 13.326 13.378    0.047 0.043 0.047 0.052 0.054  B 226500
   4255.87867 29.999 29.999 29.999 29.999 29.999    0.077 0.087 0.087 0.092 0.096  D 227158
   4268.90374 29.999 29.999 29.999 29.999 29.999    0.055 0.053 0.049 0.050 0.056  C 228074
   4273.84432 13.192 13.255 13.317 13.336 13.268    0.039 0.036 0.030 0.032 0.034  A 228567
   4278.80490 13.163 13.151 13.267 13.452 13.615    0.065 0.066 0.070 0.073 0.079  D 229208
   4284.83948 29.999 29.999 29.999 29.999 29.999    0.058 0.041 0.033 0.035 0.039  C 229874
   4286.84530 29.999 29.999 29.999 29.999 29.999    0.067 0.072 0.080 0.095 0.108  D 230241
   4290.84624 13.534 13.273 13.295 13.305 13.233    0.053 0.051 0.048 0.050 0.049  B 230569
   4293.84022 13.324 13.373 13.478 13.593 13.659    0.050 0.051 0.048 0.052 0.057  B 231125
   4296.83358 13.150 13.114 13.169 13.195 13.000    0.043 0.038 0.035 0.041 0.048  A 231637
   4299.81180 13.805 13.878 13.907 13.942 13.917    0.053 0.048 0.046 0.040 0.043  B 232178
   4301.81921 13.271 13.265 13.313 13.394 13.387    0.098 0.050 0.042 0.042 0.045  D 232532
   4303.83847 13.405 13.362 13.416 13.479 13.487    0.046 0.046 0.041 0.045 0.049  A 232837
   4305.82161 13.253 13.295 99.999 99.999 99.999    0.038 0.035 0.029 0.031 0.032  C 233195
   4307.79173 13.230 13.319 13.310 13.272 13.177    0.044 0.035 0.030 0.032 0.034  A 233530
   4309.79042 29.999 29.999 29.999 29.999 29.999    0.034 0.031 0.027 0.030 0.033  C 233843
   4311.80225 12.942 13.046 13.098 13.124 13.083    0.060 0.060 0.060 0.063 0.067  D 234115
   4314.83268 29.999 29.999 29.999 29.999 29.999    0.077 0.079 0.075 0.076 0.079  D 234444
   4329.82293 29.999 29.999 29.999 29.999 29.999    0.056 0.055 0.055 0.059 0.063  C 235202
   4331.77028 13.436 13.392 13.393 13.400 13.485    0.068 0.069 0.066 0.067 0.068  D 235543
   4333.74681 13.398 13.479 13.438 13.471 13.478    0.034 0.029 0.024 0.025 0.029  A 235894
   4336.75326 29.999 29.999 29.999 29.999 29.999    0.044 0.044 0.046 0.055 0.058  C 236241
   4339.71190 13.486 13.526 13.587 13.642 13.652    0.037 0.032 0.027 0.030 0.035  A 236614
   4341.74413 13.391 13.477 13.504 13.433 13.679    0.048 0.046 0.044 0.049 0.055  B 236961
   4343.77017 29.999 29.999 29.999 29.999 29.999    0.056 0.058 0.062 0.066 0.071  D 237323
   4345.77338 13.038 13.004 12.993 12.970 12.914    0.066 0.060 0.063 0.069 0.074  D 237650
   4347.78078 13.678 13.755 13.686 13.547 13.484    0.050 0.051 0.051 0.054 0.055  B 238006
   4349.81514 13.021 13.008 13.013 12.992 12.961    0.053 0.038 0.032 0.034 0.038  A 238350
   4352.76113 13.549 13.731 13.832 13.889 13.907    0.033 0.032 0.026 0.028 0.030  A 238760
   4354.75972 13.570 13.687 13.858 14.088 14.062    0.094 0.044 0.038 0.051 0.041  D 239039
   4357.65765 13.239 13.184 13.110 13.039 12.978    0.037 0.037 0.031 0.033 0.037  A 239470
   4359.70889 13.301 13.339 13.250 13.119 12.991    0.041 0.040 0.037 0.043 0.050  A 239821
   4362.65414 13.325 13.402 13.462 13.590 13.654    0.033 0.030 0.023 0.027 0.030  A 240178
   4364.66672 13.714 13.724 13.856 13.955 13.968    0.034 0.032 0.025 0.027 0.028  A 240513
   4366.83128 13.518 13.575 13.555 13.579 13.609    0.039 0.036 0.031 0.035 0.038  A 240752
   4372.70164 29.999 29.999 29.999 29.999 29.999    0.048 0.037 0.036 0.043 0.050  C 241653
   4375.70221 13.020 12.981 13.098 13.224 13.249    0.035 0.033 0.030 0.036 0.041  A 241980
   4377.75337 29.999 29.999 29.999 29.999 29.999    0.064 0.041 0.038 0.042 0.048  C 242299
   4379.83213 13.581 13.635 13.690 13.740 13.849    0.047 0.036 0.029 0.031 0.035  A 242637
   4382.59830 13.277 13.313 13.406 13.478 13.432    0.034 0.031 0.024 0.026 0.028  A 243010
   4384.65075 29.999 29.999 29.999 29.999 29.999    0.039 0.035 0.030 0.034 0.038  C 243334
   4386.66317 13.236 13.200 13.189 13.167 13.046    0.033 0.032 0.025 0.026 0.028  A 243660
   4388.64313 13.392 13.365 13.403 13.383 13.339    0.033 0.030 0.025 0.028 0.030  A 243966
   4392.61371 13.304 13.365 13.450 13.486 13.691    0.053 0.037 0.032 0.036 0.041  A 244509
   4399.63985 13.359 13.446 13.488 13.485 13.183    0.066 0.041 0.037 0.043 0.049  A 244833
   4402.63648 13.275 13.283 13.302 13.364 99.999    0.071 0.044 0.038 0.042 0.045  C 245113
   4404.72247 13.475 13.484 13.560 13.578 13.480    0.030 0.030 0.026 0.030 0.034  A 245373
   4408.58628 13.249 13.262 13.235 13.175 13.052    0.053 0.041 0.034 0.037 0.043  A 245713
   4410.73050 13.849 13.797 13.806 13.786 13.634    0.086 0.050 0.043 0.044 0.046  B 245999
   4413.75120 13.275 13.240 13.270 13.285 13.238    0.035 0.033 0.028 0.031 0.033  A 246286
   4420.54290 29.999 29.999 29.999 29.999 29.999    0.047 0.039 0.037 0.043 0.049  C 246428
   4422.62795 13.232 13.268 13.364 13.455 13.540    0.072 0.042 0.034 0.035 0.037  A 246653
   4426.62851 13.287 13.275 13.228 13.158 13.090    0.045 0.035 0.036 0.042 0.049  A 246945
   4428.66568 13.268 13.383 13.406 13.364 13.211    0.043 0.035 0.034 0.041 0.048  A 247186
   4431.57955 13.224 13.241 13.211 13.170 13.110    0.045 0.034 0.030 0.033 0.038  A 247513
   4433.65956 13.125 13.053 13.085 13.126 13.208    0.040 0.033 0.032 0.037 0.044  A 247801
   4436.59765 13.381 13.398 13.388 13.353 13.319    0.059 0.035 0.030 0.032 0.035  A 248143
   4438.66506 13.279 13.193 13.121 13.014 12.864    0.039 0.035 0.034 0.037 0.042  A 248415
   4441.59647 13.437 13.447 13.462 13.430 13.469    0.082 0.051 0.037 0.039 0.042  B 248767
   4444.60225 13.303 13.239 13.224 13.223 13.229    0.041 0.038 0.034 0.036 0.039  A 249074
   4454.61114 13.204 13.150 13.057 12.897 12.797    0.066 0.046 0.049 0.055 0.060  B 250230
   4457.60716 29.999 29.999 29.999 29.999 29.999    0.055 0.044 0.044 0.051 0.060  C 250557
   4460.59610 13.455 13.547 13.619 13.576 13.646    0.035 0.030 0.027 0.031 0.036  A 250900
   4463.57792 13.324 13.422 13.487 13.502 13.493    0.053 0.042 0.038 0.037 0.040  A 251289
   4466.58482 13.404 13.455 13.485 13.498 13.456    0.038 0.033 0.031 0.035 0.040  A 251626
   4469.57495 13.240 13.217 13.181 13.105 13.080    0.043 0.037 0.035 0.039 0.044  A 251960
   4473.57605 13.217 13.262 13.270 13.264 13.282    0.042 0.030 0.028 0.032 0.036  A 252343
   4476.57106 13.453 13.474 13.475 13.447 13.333    0.047 0.034 0.033 0.036 0.040  A 252621
   4479.55505 13.277 13.277 13.310 13.436 13.605    0.059 0.052 0.053 0.058 0.062  B 252988
   4482.56036 13.831 13.933 13.867 13.832 13.624    0.043 0.034 0.033 0.039 0.045  A 253301
   4486.54725 29.999 29.999 29.999 29.999 29.999    0.045 0.036 0.036 0.042 0.049  C 253679
   4489.54330 13.362 13.428 13.507 13.577 13.557    0.050 0.033 0.030 0.034 0.039  A 254030
   4492.53928 13.635 13.632 13.589 13.579 13.641    0.092 0.050 0.038 0.040 0.045  D 254366
   4495.53808 13.491 13.527 13.660 13.931 14.161    0.048 0.042 0.044 0.054 0.064  B 254735
   4500.52239 13.374 13.487 13.825 14.373 14.576    0.058 0.043 0.041 0.045 0.050  A 255114
   4503.52349 13.374 13.406 13.514 13.546 13.534    0.038 0.033 0.029 0.032 0.035  A 255527
#ndata= 163
#dataset= 4 ; 1 F0045-48_091
#desig= 001750-5222.9
#cra=    0.297299  00:17:50.3
#cdec= -52.382153 -52:22:55.8
#class= 0
#cmag_0= 13.390
#cmer_0=  0.209
#nskip_0= 0
#cmag_1= 13.410
#cmer_1=  0.229
#nskip_1= 0
#cmag_2= 13.439
#cmer_2=  0.248
#nskip_2= 0
#cmag_3= 13.467
#cmer_3=  0.303
#nskip_3= 0
#cmag_4= 13.502
#cmer_4=  0.379
#nskip_4= 0
#ra=    0.297299  00:17:50.3
#dec= -52.382153 -52:22:55.8
#     HJD      MAG_0  MAG_1  MAG_2  MAG_3  MAG_4    MER_0 MER_1 MER_2 MER_3 MER_4 GRADE FRAME
   1877.55721 13.461 13.345 13.386 13.519 13.658    0.034 0.023 0.018 0.021 0.024  A 1452
   1889.57014 13.919 13.781 13.772 13.907 13.968    0.047 0.027 0.024 0.027 0.032  A 3034
   1900.57757 13.788 14.055 14.100 14.276 14.209    0.040 0.024 0.020 0.022 0.025  A 3327
   2040.92798 13.211 13.224 13.247 13.201 13.112    0.085 0.041 0.036 0.040 0.044  B 19587
   2156.68976 13.570 13.349 13.267 13.210 13.048    0.055 0.037 0.031 0.033 0.035  A 31671
   2167.68289 13.711 13.555 13.593 13.634 13.639    0.050 0.029 0.025 0.028 0.030  A 32117
   2168.69030 13.408 13.354 13.382 13.432 13.460    0.050 0.031 0.025 0.026 0.029  A 32288
   2170.73877 13.577 13.781 13.974 14.023 14.774    0.066 0.052 0.051 0.056 0.063  B 32505
   2171.69118 13.487 13.714 13.715 13.778 13.877    0.048 0.036 0.030 0.031 0.033  A 32625
   2172.70294 13.296 13.245 13.242 13.288 13.239    0.048 0.032 0.026 0.028 0.031  A 32818
   2175.67160 13.281 13.200 13.184 13.193 13.323    0.053 0.039 0.034 0.037 0.042  A 33312
   2178.66190 13.359 13.360 13.365 13.438 13.606    0.047 0.038 0.030 0.032 0.034  A 33610
   2183.60199 13.736 13.820 13.780 13.611 13.479    0.046 0.036 0.029 0.031 0.034  A 33872
   2252.57303 13.183 13.288 13.312 13.312 13.359    0.053 0.041 0.034 0.041 0.040  A 43151
   2256.56328 13.529 13.464 13.448 13.448 13.350    0.058 0.049 0.040 0.045 0.043  A 43755
   2261.55854 13.326 13.307 13.406 13.491 13.464    0.074 0.059 0.047 0.053 0.052  B 44366
   3356.69238 13.447 13.499 13.440 13.350 13.435    0.040 0.024 0.022 0.026 0.028  A 124491
   3362.62349 99.999 99.999 99.999 99.999 99.999    0.051 0.033 0.029 0.033 0.036  C 124833
   3366.60879 13.546 13.625 13.816 14.158 14.371    0.043 0.033 0.032 0.039 0.046  A 125162
   3385.55795 13.306 13.348 13.349 13.287 13.247    0.036 0.028 0.029 0.032 0.037  A 126008
   3387.57676 13.475 13.358 13.317 13.229 13.134    0.061 0.035 0.032 0.038 0.042  A 126298
   3390.56481 13.161 13.128 13.103 13.085 13.074    0.049 0.046 0.049 0.057 0.062  B 126697
   3511.91270 13.365 13.463 13.443 13.438 13.474    0.056 0.030 0.024 0.026 0.029  A 143765
   3521.93646 13.882 13.874 13.911 13.966 13.771    0.072 0.045 0.042 0.051 0.059  B 144937
   3525.88868 13.358 13.358 13.439 13.520 13.613    0.053 0.034 0.030 0.034 0.039  A 145579
   3529.88567 13.258 13.236 13.388 13.539 13.651    0.038 0.031 0.033 0.037 0.042  A 146276
   3544.87263 13.153 13.151 13.200 13.190 13.150    0.040 0.026 0.029 0.035 0.041  A 147779
   3552.86842 13.400 13.372 13.309 13.254 13.322    0.051 0.033 0.029 0.033 0.039  A 148545
   3556.84423 13.401 13.424 13.364 13.323 13.177    0.027 0.024 0.023 0.027 0.032  A 149136
   3560.82420 13.388 13.477 13.620 13.759 13.899    0.082 0.043 0.036 0.039 0.043  B 149624
   3563.85160 13.151 13.130 13.106 13.079 13.019    0.050 0.031 0.027 0.030 0.033  A 150157
   3569.90422 13.441 13.581 13.686 13.797 13.935    0.029 0.030 0.024 0.027 0.030  A 150664
   3572.85143 13.354 13.374 13.416 13.453 13.404    0.029 0.032 0.028 0.032 0.037  A 151021
   3575.82812 13.380 13.364 13.433 13.445 13.423    0.033 0.030 0.027 0.029 0.033  A 151537
   3577.88936 13.171 13.327 13.473 13.644 13.829    0.042 0.027 0.026 0.031 0.035  A 151889
   3581.89164 13.217 13.226 13.235 13.263 13.306    0.030 0.024 0.020 0.021 0.024  A 152536
   3584.80551 13.428 13.407 13.428 13.460 13.381    0.056 0.035 0.031 0.036 0.040  A 153062
   3587.79711 13.522 13.573 13.650 13.804 14.030    0.031 0.030 0.025 0.029 0.032  A 153577
   3590.79264 13.744 13.678 13.641 13.655 13.759    0.059 0.032 0.027 0.029 0.031  A 154065
   3595.80840 13.318 13.388 13.391 13.320 13.220    0.068 0.042 0.042 0.048 0.053  B 154877
   3597.80948 13.337 13.301 13.230 13.204 13.298    0.043 0.027 0.023 0.026 0.029  A 155187
   3601.72030 13.442 13.574 13.746 13.858 13.923    0.057 0.032 0.030 0.033 0.037  A 155584
   3603.81583 13.163 13.218 13.200 13.147 13.120    0.032 0.027 0.023 0.027 0.032  A 155943
   3617.76686 13.148 13.145 13.267 13.511 13.721    0.043 0.037 0.031 0.032 0.038  A 157177
   3622.76640 13.155 13.240 13.366 13.478 13.468    0.031 0.028 0.024 0.028 0.032  A 157946
   3625.78001 13.740 13.841 13.875 13.922 14.217    0.042 0.038 0.037 0.041 0.043  A 158214
   3628.75445 13.368 13.397 13.395 13.427 13.480    0.031 0.030 0.024 0.027 0.031  A 158488
   3630.75153 29.999 29.999 29.999 29.999 29.999    0.047 0.038 0.033 0.036 0.042  C 158827
   3632.77387 13.221 13.249 13.319 13.473 13.571    0.047 0.035 0.034 0.039 0.046  A 159144
   3635.67348 29.999 29.999 29.999 29.999 29.999    0.085 0.099 0.115 0.143 0.173  D 159550
   3638.71770 13.054 13.119 13.079 13.042 13.030    0.031 0.030 0.022 0.023 0.025  A 159805
   3640.82336 13.033 13.064 13.062 13.044 13.006    0.039 0.028 0.024 0.027 0.030  A 160077
   3643.65512 13.283 13.464 13.585 13.523 13.459    0.047 0.034 0.032 0.034 0.038  A 160459
   3646.70264 13.386 13.406 13.332 13.257 13.223    0.034 0.032 0.025 0.027 0.029  A 160785
   3651.68231 13.583 13.645 13.670 13.747 13.831    0.042 0.028 0.023 0.025 0.028  A 161461
   3655.65051 13.247 13.332 13.304 13.225 13.180    0.050 0.028 0.024 0.026 0.030  A 162023
   3657.67360 13.352 13.569 13.605 13.564 13.803    0.075 0.040 0.035 0.039 0.042  A 162330
   3659.70806 13.769 13.713 13.619 13.504 13.465    0.036 0.029 0.027 0.032 0.038  A 162655
   3661.73693 13.266 13.220 13.252 13.431 13.575    0.031 0.029 0.029 0.035 0.040  A 162969
   3664.58940 13.270 13.282 13.382 13.542 13.527    0.040 0.026 0.024 0.028 0.031  A 163341
   3666.65309 13.595 13.604 13.596 13.540 13.514    0.039 0.025 0.022 0.024 0.026  A 163658
   3669.72865 13.578 13.624 13.596 13.569 13.569    0.031 0.025 0.020 0.022 0.025  A 164005
   3671.83042 13.437 13.564 13.535 13.338 13.287    0.038 0.032 0.028 0.030 0.036  A 164322
   3674.61803 13.209 13.234 13.253 13.254 13.283    0.046 0.028 0.025 0.026 0.029  A 164684
   3676.63672 13.593 13.595 13.638 13.632 13.525    0.030 0.023 0.022 0.025 0.027  A 164975
   3680.57769 13.214 13.194 13.203 13.200 13.120    0.036 0.025 0.022 0.024 0.026  A 165331
   3699.60624 13.641 13.647 13.674 13.685 13.813    0.042 0.032 0.034 0.039 0.046  A 167894
   3853.92558 13.542 13.470 13.529 13.575 13.497    0.078 0.042 0.041 0.048 0.054  B 187888
   3862.92818 13.368 13.288 13.149 13.043 13.063    0.043 0.030 0.029 0.034 0.038  A 189297
   3866.90724 13.224 13.134 13.049 12.930 12.852    0.074 0.037 0.032 0.035 0.039  A 189972
   3870.89484 13.265 13.291 13.313 13.320 13.518    0.052 0.033 0.033 0.041 0.048  A 190648
   3874.92902 13.344 13.256 13.204 13.219 13.255    0.055 0.033 0.028 0.031 0.035  A 191118
   3883.92832 13.649 13.509 13.551 13.733 14.087    0.060 0.039 0.037 0.044 0.049  A 192361
   3892.87420 13.407 13.495 13.493 13.437 13.575    0.049 0.035 0.034 0.039 0.045  A 193605
   3898.89763 13.631 13.634 13.628 13.643 13.586    0.041 0.030 0.028 0.034 0.042  A 194440
   3902.87533 13.574 13.565 13.633 13.711 13.918    0.051 0.031 0.028 0.032 0.037  A 195114
   3905.90052 13.244 13.228 13.231 13.193 13.248    0.034 0.028 0.029 0.033 0.038  A 195690
   4091.57244 13.647 13.670 13.839 14.121 14.562    0.044 0.029 0.026 0.029 0.032  A 209361
   4104.63135 29.999 29.999 29.999 29.999 29.999    0.048 0.042 0.047 0.058 0.066  C 210698
   4107.56417 13.291 13.332 13.403 13.476 13.469    0.034 0.025 0.022 0.025 0.027  A 211075
   4125.58137 13.418 13.479 13.601 13.669 13.564    0.060 0.040 0.037 0.038 0.041  A 211517
   4127.58664 13.395 13.488 13.649 13.864 13.995    0.056 0.033 0.028 0.030 0.033  A 211781
   4133.54871 13.144 13.125 13.220 13.421 13.434    0.040 0.029 0.031 0.038 0.044  A 212556
   4136.53853 13.385 13.389 13.294 13.232 13.319    0.075 0.036 0.037 0.049 0.049  B 212950
   4148.51849 29.999 29.999 29.999 29.999 29.999    0.080 0.077 0.088 0.102 0.117  D 214649
   4153.51353 13.191 13.171 13.125 13.059 13.100    0.045 0.035 0.039 0.048 0.051  B 215233
   4231.92029 13.423 13.421 13.470 13.536 13.659    0.038 0.031 0.027 0.032 0.037  A 223972
   4235.91413 13.394 13.390 13.282 13.098 12.813    0.070 0.058 0.063 0.073 0.082  D 224681
   4255.92882 13.035 12.937 12.918 12.946 13.047    0.058 0.061 0.066 0.073 0.078  D 227176
   4268.93333 13.491 13.486 13.525 13.543 13.534    0.045 0.043 0.043 0.047 0.053  B 228084
   4273.86732 13.459 13.461 13.455 13.427 13.453    0.043 0.039 0.032 0.033 0.033  A 228575
   4278.90199 13.390 13.312 13.266 13.237 13.303    0.054 0.061 0.070 0.075 0.078  D 229226
   4285.86911 13.529 13.552 13.566 13.562 13.405    0.067 0.046 0.039 0.043 0.047  A 230060
   4289.93654 13.320 13.330 13.344 13.331 13.314    0.041 0.038 0.033 0.039 0.043  A 230443
   4292.87202 13.534 13.588 13.617 13.659 13.778    0.063 0.064 0.060 0.050 0.053  D 230956
   4295.85706 13.109 12.990 12.927 12.917 12.852    0.057 0.059 0.054 0.058 0.060  B 231470
   4298.84768 13.957 13.985 14.021 14.112 14.123    0.043 0.043 0.042 0.049 0.057  B 232000
   4301.79751 13.157 13.067 13.050 13.042 13.076    0.072 0.049 0.046 0.052 0.056  B 232524
   4303.92142 13.337 13.239 13.140 13.073 13.018    0.047 0.047 0.045 0.048 0.050  B 232866
   4305.88195 13.293 13.348 13.367 13.397 13.366    0.037 0.032 0.026 0.029 0.030  A 233217
   4307.83211 13.306 13.266 13.220 13.208 13.261    0.038 0.031 0.025 0.027 0.031  A 233544
   4309.81932 13.586 13.538 13.586 13.716 13.807    0.038 0.032 0.027 0.031 0.035  A 233853
   4312.79566 13.263 13.325 13.283 13.161 12.951    0.049 0.046 0.048 0.058 0.069  B 234278
   4316.76160 13.237 13.260 13.263 13.221 13.099    0.032 0.030 0.026 0.029 0.033  A 234687
   4319.86147 13.250 13.291 13.249 13.217 13.336    0.034 0.032 0.027 0.030 0.034  A 235061
   4329.82739 13.290 13.262 13.243 13.263 13.290    0.038 0.039 0.035 0.036 0.039  A 235204
   4331.81096 13.536 13.535 13.500 13.483 13.538    0.073 0.050 0.046 0.038 0.039  B 235557
   4333.77770 13.675 13.659 13.752 13.863 13.886    0.032 0.029 0.022 0.026 0.028  A 235905
   4339.73500 13.349 13.354 13.494 13.502 13.553    0.071 0.070 0.066 0.070 0.074  D 236622
   4341.76251 13.034 12.949 12.972 13.044 13.057    0.069 0.075 0.075 0.079 0.083  D 236967
   4343.78714 13.239 13.193 13.097 12.955 12.857    0.055 0.066 0.066 0.068 0.072  D 237329
   4345.79041 13.161 13.128 13.095 13.076 13.053    0.046 0.055 0.060 0.064 0.071  D 237656
   4347.81416 13.394 13.373 13.374 13.341 13.390    0.042 0.045 0.045 0.049 0.051  B 238018
   4350.71185 13.210 13.473 13.603 13.582 13.549    0.062 0.043 0.039 0.041 0.044  A 238474
   4353.70285 13.431 13.431 13.443 13.466 13.495    0.032 0.030 0.024 0.027 0.029  A 238879
   4355.75669 13.166 13.142 13.077 12.983 12.941    0.031 0.026 0.022 0.024 0.027  A 239214
   4358.69514 13.478 13.521 13.631 13.835 14.189    0.042 0.034 0.030 0.031 0.033  A 239650
   4361.68177 13.319 13.386 13.408 13.412 13.452    0.063 0.054 0.047 0.047 0.050  B 240040
   4363.72209 13.537 13.536 13.516 13.555 13.522    0.031 0.031 0.025 0.027 0.030  A 240367
   4365.71212 13.344 13.237 13.174 13.226 13.325    0.033 0.030 0.024 0.027 0.031  A 240675
   4367.78469 29.999 29.999 29.999 29.999 29.999    0.041 0.035 0.032 0.039 0.045  C 240895
   4369.75582 13.441 13.402 13.425 13.354 13.269    0.038 0.038 0.034 0.040 0.048  A 241183
   4371.77306 13.456 13.553 13.659 13.817 13.931    0.047 0.034 0.032 0.037 0.044  A 241518
   4373.80431 13.405 13.525 13.765 14.025 14.282    0.063 0.037 0.032 0.037 0.041  A 241822
   4376.79291 29.999 29.999 29.999 29.999 29.999    0.038 0.040 0.040 0.045 0.050  C 242176
   4379.64157 13.648 13.635 13.696 13.793 13.771    0.036 0.033 0.030 0.034 0.038  A 242574
   4381.69051 13.310 13.245 13.193 13.128 13.042    0.038 0.037 0.036 0.038 0.042  A 242891
   4383.77935 13.139 13.209 13.188 13.134 13.133    0.037 0.038 0.039 0.043 0.046  A 243226
   4385.72759 13.381 13.424 13.444 13.455 13.669    0.030 0.030 0.024 0.025 0.026  A 243523
   4387.79177 13.360 13.351 13.326 13.274 13.178    0.035 0.033 0.028 0.030 0.035  A 243860
   4391.78325 29.999 29.999 29.999 29.999 29.999    0.051 0.051 0.058 0.072 0.086  D 244430
   4393.68257 29.999 29.999 29.999 29.999 29.999    0.036 0.034 0.036 0.044 0.052  C 244664
   4399.64273 29.999 29.999 29.999 29.999 29.999    0.043 0.033 0.032 0.039 0.045  C 244834
   4402.64019 13.512 13.608 13.761 14.076 14.489    0.050 0.035 0.032 0.037 0.042  A 245114
   4404.73281 13.293 13.356 13.326 13.244 13.128    0.028 0.029 0.025 0.029 0.033  A 245376
   4408.60191 13.579 13.553 13.560 13.545 13.568    0.041 0.031 0.026 0.029 0.034  A 245718
   4413.75783 13.321 13.375 13.459 13.532 13.536    0.045 0.041 0.040 0.042 0.046  A 246288
   4420.57533 13.259 13.253 13.155 13.031 12.961    0.039 0.033 0.032 0.037 0.042  A 246439
   4422.64187 14.160 14.255 13.999 13.711 13.458    0.047 0.029 0.024 0.027 0.030  A 246657
   4425.77112 13.024 13.222 13.242 13.131 13.128    0.042 0.032 0.033 0.040 0.049  A 246873
   4428.57726 29.999 29.999 29.999 29.999 29.999    0.049 0.037 0.036 0.044 0.053  C 247156
   4430.63716 13.283 13.315 13.202 13.135 13.080    0.049 0.035 0.033 0.039 0.046  A 247412
   4432.68820 13.239 13.408 13.543 13.631 13.604    0.045 0.029 0.025 0.027 0.031  A 247684
   4437.58934 13.728 13.796 13.896 14.009 14.411    0.034 0.026 0.024 0.028 0.030  A 248263
   4439.66535 13.133 13.117 13.143 13.237 13.283    0.153 0.064 0.078 0.055 0.056  D 248537
   4442.65732 13.333 13.308 13.261 13.155 12.990    0.035 0.033 0.030 0.031 0.033  A 248874
   4453.57329 13.624 13.575 13.500 13.412 13.230    0.068 0.045 0.048 0.055 0.058  B 250103
   4458.61305 13.407 13.293 13.224 13.199 13.225    0.054 0.037 0.035 0.042 0.048  A 250690
   4461.60254 13.531 13.568 13.633 13.762 13.978    0.044 0.032 0.028 0.030 0.034  A 251022
   4463.65119 13.326 13.308 13.314 13.320 13.285    0.043 0.030 0.027 0.029 0.034  A 251313
   4466.60589 13.446 13.346 13.389 13.488 13.844    0.052 0.043 0.044 0.048 0.053  B 251633
   4473.59936 13.445 13.446 13.462 13.432 13.434    0.059 0.037 0.033 0.036 0.040  A 252351
   4476.59550 29.999 29.999 29.999 29.999 29.999    0.038 0.033 0.032 0.037 0.042  C 252629
   4479.57222 13.301 13.355 13.429 13.475 13.425    0.035 0.026 0.024 0.027 0.031  A 252994
   4488.56796 29.999 29.999 29.999 29.999 29.999    0.041 0.033 0.033 0.039 0.046  C 253918
   4490.59550 29.999 29.999 29.999 29.999 29.999    0.035 0.030 0.028 0.033 0.038  C 254147
   4493.56461 13.325 13.602 13.700 13.713 13.941    0.049 0.030 0.029 0.031 0.034  A 254498
   4497.55943 13.288 13.339 13.421 13.490 13.457    0.054 0.036 0.032 0.034 0.036  A 254743
   4503.54642 13.230 13.219 13.235 13.311 13.395    0.039 0.038 0.038 0.043 0.048  A 255535
   4506.54287 29.999 29.999 29.999 29.999 29.999    0.038 0.035 0.036 0.042 0.049  C 255963
   4510.53121 13.837 14.020 14.275 14.445 14.122    0.040 0.040 0.042 0.050 0.056  B 256515
   4516.51264 13.024 12.875 12.872 12.881 12.916    0.057 0.038 0.038 0.046 0.052  A 257078
   4523.50727 12.941 12.960 12.984 12.948 12.924    0.057 0.042 0.044 0.054 0.064  B 258109
