#ndata= 3
#dataset= 1 ; 1 F0000-80_006
#desig= 001721-7154.9
#cra=    0.289243  00:17:21.3
#cdec= -71.915598 -71:54:56.2
#class= 0
#cmag_0=  9.956
#cmer_0=  0.162
#nskip_0= 0
#cmag_1=  9.987
#cmer_1=  0.148
#nskip_1= 0
#cmag_2= 10.000
#cmer_2=  0.151
#nskip_2= 0
#cmag_3= 10.010
#cmer_3=  0.149
#nskip_3= 0
#cmag_4= 10.020
#cmer_4=  0.144
#nskip_4= 0
#ra=    0.289243  00:17:21.3
#dec= -71.915598 -71:54:56.2
#     HJD      MAG_3  MAG_0  MAG_1  MAG_2  MAG_4    MER_3 MER_0 MER_1 MER_2 MER_4 GRADE FRAME
   2122.75720  9.916  9.864  9.895  9.903  9.928    0.039 0.060 0.039 0.035 0.043  A 27490
   2137.72049  9.987  9.911  9.961  9.980 10.003    0.032 0.048 0.030 0.028 0.035  A 29876
   2140.71842 10.126 10.092 10.105 10.117 10.131    0.037 0.066 0.038 0.033 0.041  B 30218
#ndata= 447
#dataset= 2 ; 1 F0000-72_018
#desig= 001722-7155.2
#cra=    0.289512  00:17:22.2
#cdec= -71.920088 -71:55:12.3
#class= 0
#cmag_0= 10.689
#cmer_0=  1.083
#nskip_0= 0
#cmag_1= 10.537
#cmer_1=  0.772
#nskip_1= 0
#cmag_2= 10.422
#cmer_2=  0.591
#nskip_2= 0
#cmag_3= 10.430
#cmer_3=  0.566
#nskip_3= 0
#cmag_4= 10.418
#cmer_4=  0.549
#nskip_4= 0
#ra=    0.289512  00:17:22.2
#dec= -71.920088 -71:55:12.3
#     HJD      MAG_2  MAG_0  MAG_1  MAG_3  MAG_4    MER_2 MER_0 MER_1 MER_3 MER_4 GRADE FRAME
   2601.61825 10.006  9.925  9.994 10.031 10.031    0.052 0.083 0.064 0.056 0.053  D 27413
   2678.53033 10.839 11.452 11.081 10.828 10.805    0.027 0.032 0.030 0.030 0.034  A 38931
#dataset= 2 ; 2 F0000-72_018
#desig= 001722-7154.9
#cra=    0.289306  00:17:21.5
#cdec= -71.915786 -71:54:56.8
#class= 0
#cmag_0= 10.080
#cmer_0=  0.181
#nskip_0= 6
#cmag_1= 10.087
#cmer_1=  0.180
#nskip_1= 6
#cmag_2= 10.103
#cmer_2=  0.180
#nskip_2= 6
#cmag_3= 10.117
#cmer_3=  0.179
#nskip_3= 6
#cmag_4= 10.122
#cmer_4=  0.180
#nskip_4= 6
#ra=    0.289306  00:17:21.5
#dec= -71.915786 -71:54:56.8
#     HJD      MAG_2  MAG_0  MAG_1  MAG_3  MAG_4    MER_2 MER_0 MER_1 MER_3 MER_4 GRADE FRAME
   1868.53668  9.989  9.901  9.962 10.004 10.009    0.031 0.070 0.036 0.033 0.036  A 38
   1870.52171  9.975 10.002  9.958  9.991 10.012    0.028 0.048 0.031 0.030 0.032  A 354
   1872.58069 10.025  9.967  9.992 10.030 10.031    0.023 0.044 0.025 0.026 0.029  A 659
   1874.53078 10.167 10.078 10.127 10.178 10.187    0.031 0.077 0.036 0.033 0.034  A 962
   1876.54833  9.920  9.911  9.893  9.952  9.970    0.025 0.055 0.028 0.026 0.029  A 1288
   1878.53792  9.975  9.921  9.944  9.999 10.009    0.028 0.050 0.031 0.031 0.035  A 1601
   1880.52773 10.412 10.295 10.389 10.419 10.420    0.035 0.068 0.038 0.038 0.043  A 1911
   1884.52234  9.919  9.960  9.910  9.940  9.949    0.036 0.065 0.036 0.041 0.047  A 2214
   1886.57003 10.029  9.984 10.022 10.040 10.046    0.024 0.044 0.029 0.026 0.031  A 2555
   1888.58380 10.353 10.319 10.318 10.372 10.383    0.029 0.063 0.033 0.031 0.035  A 2881
   1900.58557  9.916  9.918  9.892  9.924  9.932    0.028 0.045 0.032 0.029 0.033  A 3331
   1903.60469  9.927  9.901  9.905  9.944  9.946    0.027 0.049 0.032 0.028 0.029  A 3655
   1906.54886  9.913  9.882  9.875  9.930  9.941    0.023 0.042 0.027 0.024 0.027  A 4115
   1914.59058  9.909  9.890  9.881  9.928  9.935    0.026 0.049 0.032 0.028 0.032  A 4750
   1919.59862  9.965  9.939  9.975  9.970  9.957    0.030 0.041 0.036 0.034 0.038  A 5287
   1923.53314  9.921  9.890  9.905  9.933  9.941    0.028 0.048 0.032 0.029 0.032  A 5894
   1927.52503 10.415 10.386 10.400 10.429 10.427    0.031 0.041 0.034 0.035 0.038  A 6566
   1931.52662  9.925  9.916  9.918  9.942  9.941    0.052 0.057 0.060 0.057 0.061  B 7216
   1950.51590 10.001  9.995  9.999 10.004 10.008    0.040 0.057 0.048 0.045 0.051  A 9314
   2026.89529 10.246 10.223 10.207 10.286 10.309    0.031 0.058 0.032 0.034 0.037  A 17521
   2030.93934 10.010  9.930  9.979 10.035 10.042    0.056 0.060 0.051 0.069 0.080  D 17934
   2032.90395  9.979  9.928  9.942 10.004 10.020    0.027 0.044 0.029 0.030 0.033  A 18352
   2039.90425 10.149 10.015 10.077 10.197 10.217    0.041 0.086 0.048 0.042 0.045  D 19351
   2040.89816 10.109 10.056 10.074 10.122 10.133    0.044 0.086 0.047 0.050 0.054  D 19573
   2052.89274  9.882  9.751  9.837  9.912  9.927    0.025 0.050 0.026 0.027 0.031  A 19928
   2054.85151 10.303 10.390 10.275 10.339 10.354    0.029 0.057 0.032 0.031 0.035  A 20341
   2055.89102  9.938  9.879  9.901  9.958  9.975    0.028 0.057 0.031 0.030 0.033  A 20579
   2057.84888 10.137 10.060 10.107 10.163 10.170    0.027 0.052 0.031 0.029 0.032  A 21016
   2064.90911 10.392 10.299 10.365 10.405 10.404    0.029 0.062 0.031 0.031 0.035  A 21664
   2067.80998  9.959  9.972  9.924  9.984  9.991    0.035 0.073 0.038 0.038 0.042  A 21924
   2068.80661 10.377 10.230 10.318 10.412 10.441    0.049 0.075 0.048 0.056 0.064  A 22148
   2069.80191  9.919  9.770  9.848  9.957  9.972    0.032 0.069 0.035 0.035 0.039  A 22369
   2070.80255  9.999  9.998  9.982 10.009 10.026    0.082 0.082 0.074 0.103 0.124  D 22589
   2080.81118  9.894  9.817  9.856  9.927  9.943    0.028 0.068 0.035 0.029 0.033  A 22973
   2085.86362  9.953  9.970  9.938  9.971  9.983    0.025 0.038 0.031 0.027 0.029  A 23916
   2086.94205 10.414 10.395 10.388 10.428 10.427    0.026 0.030 0.026 0.027 0.030  A 24172
   2087.89409 10.023  9.883  9.954 10.060 10.093    0.028 0.053 0.032 0.031 0.034  A 24374
   2088.84888  9.938  9.890  9.888  9.971  9.977    0.026 0.053 0.030 0.028 0.030  A 24583
   2093.76209 10.344 10.235 10.276 10.403 10.433    0.034 0.081 0.041 0.036 0.041  B 24766
   2094.77907  9.957  9.890  9.937  9.966  9.980    0.035 0.070 0.039 0.038 0.041  A 25060
   2095.77066  9.903  9.742  9.845  9.956  9.989    0.045 0.081 0.047 0.050 0.058  B 25283
   2096.74659 10.366 10.224 10.323 10.394 10.402    0.056 0.081 0.056 0.062 0.067  B 25498
   2104.73851 10.198 10.142 10.142 10.226 10.235    0.028 0.060 0.034 0.030 0.034  A 26053
   2105.79020  9.940  9.940  9.913  9.977  9.990    0.031 0.068 0.036 0.032 0.037  A 26296
   2106.80649 10.021  9.871  9.970 10.055 10.084    0.029 0.060 0.035 0.031 0.033  A 26506
   2113.83338  9.901  9.871  9.866  9.940  9.963    0.027 0.051 0.033 0.028 0.030  A 26633
   2114.85420 10.233 10.134 10.171 10.265 10.283    0.035 0.050 0.039 0.037 0.040  A 26754
   2115.90201  9.913  9.892  9.874  9.925  9.932    0.033 0.042 0.037 0.035 0.039  A 26977
   2116.78035 10.001  9.965  9.986 10.016 10.021    0.029 0.053 0.033 0.031 0.034  A 27149
   2117.76554 10.010 10.005  9.994 10.032 10.033    0.030 0.060 0.035 0.030 0.035  A 27361
   2128.70127  9.942  9.948  9.923  9.964  9.984    0.030 0.058 0.034 0.032 0.035  A 27967
   2129.71619 10.196 10.086 10.159 10.221 10.219    0.028 0.051 0.032 0.031 0.034  A 28188
   2130.72447 10.103 10.171 10.106 10.110 10.113    0.030 0.050 0.035 0.031 0.034  A 28408
   2131.73048  9.904  9.792  9.869  9.934  9.947    0.031 0.073 0.036 0.033 0.037  A 28610
   2132.74192 10.420 10.415 10.410 10.428 10.428    0.028 0.064 0.033 0.031 0.033  A 28827
   2133.73279  9.959  9.940  9.925  9.981  9.989    0.027 0.047 0.032 0.029 0.031  A 29039
   2134.73735 10.006  9.949  9.965 10.026 10.044    0.028 0.048 0.033 0.028 0.032  A 29255
   2135.73357 10.407 10.439 10.403 10.420 10.433    0.040 0.069 0.042 0.046 0.052  A 29468
   2136.73154  9.904  9.858  9.874  9.937  9.942    0.029 0.056 0.034 0.031 0.033  A 29681
   2141.71678 10.171 10.107 10.145 10.190 10.200    0.028 0.045 0.032 0.028 0.031  A 30429
   2143.71326 10.258 10.116 10.195 10.279 10.286    0.032 0.068 0.038 0.034 0.036  A 30833
   2144.70594 10.055  9.998 10.034 10.065 10.076    0.031 0.069 0.036 0.033 0.036  A 31034
   2145.70834  9.953  9.922  9.925  9.978  9.986    0.029 0.054 0.032 0.031 0.033  A 31239
   2156.66985  9.928  9.956  9.924  9.937  9.942    0.037 0.056 0.042 0.040 0.043  A 31663
   2164.66797  9.973  9.999  9.969  9.977  9.979    0.041 0.054 0.046 0.043 0.047  A 31921
   2167.64738  9.949  9.953  9.938  9.962  9.965    0.035 0.047 0.038 0.039 0.047  A 32102
   2168.66603 10.083 10.089 10.084 10.097 10.096    0.036 0.055 0.040 0.038 0.042  A 32278
   2169.68195 10.144 10.142 10.146 10.147 10.147    0.033 0.044 0.038 0.036 0.039  A 32438
   2171.64603 10.136 10.119 10.127 10.150 10.165    0.040 0.056 0.046 0.043 0.046  A 32606
   2172.65201 10.150 10.124 10.127 10.157 10.160    0.036 0.055 0.040 0.039 0.042  A 32798
   2173.64277  9.924  9.918  9.892  9.926  9.925    0.032 0.045 0.037 0.035 0.039  A 32982
   2174.64113 10.279 10.233 10.261 10.299 10.306    0.038 0.047 0.043 0.042 0.043  A 33155
   2175.63485 10.118 10.118 10.109 10.136 10.127    0.037 0.055 0.043 0.041 0.044  A 33297
   2177.61092 10.236 10.240 10.241 10.238 10.232    0.046 0.058 0.051 0.048 0.052  A 33415
   2178.62242 10.067 10.087 10.082 10.077 10.081    0.036 0.047 0.042 0.039 0.041  A 33595
   2183.57900 10.404 10.382 10.399 10.418 10.408    0.037 0.054 0.044 0.038 0.041  A 33863
   2184.61330  9.946  9.981  9.977  9.951  9.957    0.037 0.048 0.040 0.042 0.045  A 34070
   2185.62407 10.146 10.163 10.141 10.153 10.157    0.037 0.049 0.044 0.039 0.043  A 34261
   2186.65901 10.019 10.022 10.025 10.012 10.005    0.037 0.047 0.042 0.040 0.044  A 34391
   2188.64157 10.416 10.416 10.409 10.423 10.428    0.038 0.050 0.045 0.040 0.042  A 34694
   2190.56971  9.933  9.916  9.937  9.943  9.943    0.037 0.053 0.045 0.039 0.042  A 34910
   2191.63050 10.423 10.414 10.402 10.428 10.428    0.034 0.048 0.040 0.037 0.039  A 35112
   2192.60948 10.007 10.025 10.031 10.012 10.009    0.035 0.052 0.041 0.037 0.041  A 35277
   2193.61281  9.981  9.984  9.953  9.986  9.995    0.035 0.051 0.043 0.036 0.040  A 35461
   2194.60840 10.430 10.415 10.396 10.429 10.442    0.035 0.050 0.042 0.037 0.039  A 35638
   2195.60146  9.948  9.954  9.929  9.943  9.948    0.034 0.044 0.038 0.037 0.039  A 35812
   2196.60275 10.018 10.003 10.002 10.018 10.018    0.034 0.045 0.039 0.037 0.041  A 35945
   2197.60473 10.350 10.339 10.326 10.345 10.354    0.035 0.051 0.043 0.037 0.039  A 36130
   2198.60812  9.913  9.904  9.908  9.929  9.926    0.035 0.047 0.042 0.037 0.038  A 36303
   2199.59745 10.107 10.077 10.103 10.127 10.121    0.038 0.054 0.046 0.040 0.042  A 36478
   2201.58623  9.921  9.922  9.939  9.912  9.914    0.038 0.051 0.044 0.040 0.042  A 36722
   2202.60939 10.369 10.397 10.352 10.379 10.383    0.035 0.045 0.042 0.038 0.040  A 36900
   2203.58554 10.145 10.177 10.159 10.131 10.148    0.038 0.051 0.047 0.040 0.041  A 37063
   2204.57901  9.928  9.906  9.901  9.943  9.940    0.038 0.051 0.046 0.039 0.041  A 37187
   2206.57316 10.093 10.109 10.094 10.096 10.091    0.035 0.045 0.041 0.038 0.041  A 37460
   2207.56972 10.006 10.000 10.048 10.031  9.995    0.057 0.061 0.056 0.064 0.075  B 37631
   2213.55606 10.055 10.087 10.066 10.068 10.058    0.041 0.053 0.047 0.043 0.047  A 38054
   2214.57351 10.216 10.205 10.208 10.211 10.212    0.038 0.047 0.042 0.043 0.047  A 38209
   2215.58010  9.926  9.913  9.925  9.910  9.912    0.041 0.051 0.047 0.045 0.044  A 38379
   2216.57816 10.323 10.326 10.311 10.341 10.319    0.041 0.048 0.045 0.046 0.047  A 38548
   2217.57102 10.070 10.047 10.053 10.079 10.072    0.038 0.047 0.043 0.042 0.044  A 38712
   2221.53811  9.915  9.935  9.954  9.936  9.933    0.038 0.043 0.042 0.041 0.043  A 38988
   2222.57467 10.459 10.448 10.433 10.478 10.442    0.039 0.045 0.044 0.043 0.044  A 39159
   2224.56298 10.046 10.066 10.039 10.046 10.041    0.041 0.049 0.045 0.047 0.046  A 39315
   2226.53620  9.975 10.043  9.995  9.989  9.975    0.041 0.052 0.047 0.048 0.047  A 39621
   2228.53276 10.340 10.343 10.346 10.343 10.347    0.039 0.045 0.043 0.043 0.043  A 39935
   2230.53387 10.141 10.187 10.151 10.136 10.140    0.039 0.052 0.046 0.046 0.050  A 40263
   2233.52913 10.271 10.289 10.287 10.263 10.285    0.041 0.047 0.044 0.047 0.047  A 40589
   2234.55957 10.004 10.002 10.020 10.017 10.009    0.042 0.052 0.047 0.049 0.048  A 40757
   2236.52827 10.441 10.455 10.434 10.456 10.465    0.040 0.049 0.046 0.045 0.045  A 41061
   2239.54770 29.999 29.999 29.999 29.999 29.999    0.040 0.048 0.044 0.044 0.044  C 41385
   2241.55595 10.299 10.298 10.315 10.300 10.277    0.043 0.053 0.048 0.049 0.049  A 41706
   2243.56570  9.962  9.985  9.972  9.946  9.949    0.045 0.058 0.051 0.053 0.053  A 42026
   2250.58670 10.109 10.089 10.088 10.069 10.049    0.042 0.053 0.048 0.050 0.051  A 42834
   2254.57204 10.009 10.060 10.033 10.002  9.999    0.044 0.060 0.051 0.052 0.052  A 43443
   2445.87183 10.163 10.165 10.163 10.174 10.176    0.021 0.031 0.028 0.022 0.024  A 9197
   2446.90274 10.091 10.026 10.060 10.098 10.082    0.026 0.034 0.033 0.027 0.029  A 9370
   2465.80335 10.231 10.233 10.239 10.235 10.234    0.026 0.035 0.033 0.028 0.027  A 11131
   2466.79701 10.153 10.155 10.151 10.156 10.153    0.026 0.033 0.033 0.029 0.027  A 11347
   2467.80081  9.928  9.928  9.931  9.934  9.930    0.022 0.031 0.032 0.022 0.021  A 11567
   2471.84906 10.187 10.210 10.184 10.154 10.175    0.032 0.039 0.037 0.037 0.030  A 12567
   2473.77318  9.994  9.946 10.002 10.035 10.022    0.034 0.038 0.039 0.039 0.033  A 12742
   2482.70581 10.003  9.984  9.994  9.997  9.986    0.040 0.049 0.045 0.048 0.041  A 13185
   2489.73109 10.041 10.036 10.049 10.036 10.034    0.027 0.037 0.036 0.028 0.027  A 13888
   2492.81366 10.009  9.975  9.988 10.032 10.002    0.042 0.051 0.047 0.049 0.045  A 14359
   2493.76724 10.301 10.262 10.293 10.349 10.321    0.050 0.062 0.057 0.054 0.049  B 14530
   2495.80382 10.023  9.987 10.002 10.017 10.021    0.037 0.044 0.043 0.041 0.034  A 14873
   2498.72821  9.940  9.941  9.945  9.943  9.941    0.030 0.037 0.037 0.033 0.031  A 15476
   2499.72794 10.346 10.344 10.330 10.332 99.999    0.028 0.035 0.034 0.030 0.028  C 15686
   2501.73226  9.951  9.971  9.938  9.947  9.961    0.029 0.035 0.036 0.032 0.025  A 16050
   2502.73005 99.999 10.430 10.439 99.999 99.999    0.038 0.047 0.043 0.044 0.038  C 16261
   2519.78260  9.971  9.985  9.998  9.981  9.965    0.023 0.036 0.034 0.023 0.022  A 18060
   2523.73033  9.936  9.917  9.913  9.943  9.938    0.028 0.038 0.036 0.030 0.027  A 18522
   2526.66501  9.933  9.863  9.910  9.938  9.932    0.032 0.040 0.035 0.029 0.029  A 18854
   2544.82403  9.907  9.868  9.894  9.921  9.928    0.023 0.031 0.027 0.024 0.028  A 20062
   2548.64923  9.956  9.935  9.957  9.963  9.971    0.029 0.033 0.034 0.031 0.032  A 20598
   2553.57071 10.403 10.413 10.371 10.410 10.405    0.033 0.041 0.040 0.032 0.031  A 21298
   2554.66629  9.958  9.949  9.959  9.945  9.924    0.039 0.053 0.046 0.042 0.044  A 21521
   2558.64660 10.403 10.394 10.377 10.415 10.419    0.020 0.031 0.029 0.020 0.022  A 22051
   2559.64012  9.955  9.959  9.924  9.962  9.960    0.023 0.040 0.034 0.024 0.025  A 22229
   2560.64335  9.994  9.996  9.985 10.015 10.025    0.028 0.036 0.031 0.030 0.030  A 22409
   2561.62790 10.451 10.410 10.448 10.463 10.458    0.031 0.042 0.033 0.032 0.033  A 22550
   2562.63347  9.912  9.894  9.896  9.923  9.932    0.022 0.033 0.027 0.023 0.025  A 22733
   2563.65204 10.167 10.133 10.142 10.170 10.176    0.028 0.048 0.036 0.027 0.029  A 22920
   2564.65350 10.113 10.064 10.092 10.129 10.148    0.029 0.043 0.036 0.028 0.031  A 23100
   2565.67629  9.957  9.928  9.928  9.970  9.974    0.026 0.037 0.032 0.026 0.028  A 23288
   2566.68883 10.406 10.402 10.373 10.422 10.426    0.029 0.038 0.038 0.029 0.029  A 23472
   2578.58042 10.441 10.429 10.431 10.454 10.458    0.024 0.042 0.035 0.022 0.021  A 24922
   2579.58438  9.933  9.913  9.894  9.952  9.953    0.033 0.047 0.043 0.028 0.026  A 25087
   2622.57446 10.436 10.413 10.412 10.444 10.445    0.028 0.036 0.034 0.029 0.030  A 29941
   2624.62360 10.190 10.171 10.163 10.200 10.203    0.028 0.052 0.030 0.030 0.034  A 30246
   2627.62769 10.376 10.330 10.357 10.391 10.393    0.030 0.050 0.032 0.032 0.036  A 30568
   2629.62718  9.971 10.001  9.970  9.970  9.970    0.030 0.046 0.031 0.032 0.034  A 30869
   2634.56632 10.009  9.991 10.009 10.024 10.029    0.025 0.034 0.027 0.026 0.029  A 32048
   2636.59308 10.374 10.378 10.365 10.380 10.384    0.025 0.038 0.028 0.026 0.029  A 32363
   2638.60272 10.169 10.179 10.156 10.178 10.183    0.025 0.052 0.027 0.027 0.029  A 32658
   2640.60321  9.914  9.942  9.916  9.932  9.939    0.027 0.054 0.034 0.028 0.029  A 32968
   2642.60107 10.043 10.030 10.037 10.055 10.059    0.028 0.045 0.032 0.029 0.033  A 33252
   2644.59696 10.956 10.910 11.004 10.910 10.894    0.026 0.045 0.029 0.030 0.034  A 33555
   2646.57866  9.994  9.955  9.967 10.001 10.006    0.026 0.040 0.030 0.027 0.030  A 33849
   2649.57512 10.037 10.036 10.028 10.046 10.048    0.025 0.033 0.030 0.026 0.028  A 34101
   2651.58026  9.906  9.912  9.899  9.918  9.925    0.028 0.049 0.033 0.031 0.033  A 34413
   2653.59436 10.008  9.957  9.986 10.033 10.041    0.031 0.047 0.036 0.033 0.036  A 34726
   2659.56815  9.959  9.951  9.951  9.978  9.988    0.027 0.037 0.029 0.030 0.033  A 35740
   2661.56510 10.414 10.364 10.396 10.431 10.435    0.024 0.036 0.027 0.026 0.029  A 36081
   2663.56399 10.051 10.032 10.038 10.059 10.067    0.028 0.040 0.031 0.030 0.032  A 36419
   2665.56391  9.895  9.812  9.894  9.918  9.920    0.030 0.050 0.033 0.031 0.033  A 36770
   2667.56335 10.091 10.077 10.084 10.118 10.120    0.028 0.050 0.032 0.031 0.034  A 37074
   2670.53027 10.157 10.080 10.142 10.168 10.165    0.026 0.038 0.030 0.030 0.032  A 37545
   2672.53560 10.381 10.321 10.351 10.392 10.394    0.025 0.043 0.028 0.027 0.029  A 37882
   2674.53029  9.944  9.922  9.906  9.976  9.977    0.027 0.038 0.031 0.029 0.032  A 38223
   2676.52856  9.972  9.941  9.957  9.985 10.003    0.025 0.041 0.028 0.028 0.031  A 38588
   2683.51799 10.210 10.205 10.201 10.232 10.230    0.041 0.044 0.040 0.046 0.053  A 39765
   2687.51800  9.933  9.915  9.913  9.957  9.962    0.033 0.044 0.034 0.038 0.044  A 40495
   2783.84898 10.096 10.049 10.095 10.111 10.112    0.026 0.032 0.028 0.027 0.026  A 56020
   2785.90612 10.302 10.282 10.286 10.296 10.298    0.047 0.044 0.049 0.050 0.052  A 56463
   2790.91064 10.363 10.369 10.335 10.370 10.375    0.031 0.031 0.037 0.034 0.034  A 57442
   2809.79391  9.899  9.876  9.872  9.929  9.934    0.025 0.035 0.028 0.025 0.028  A 59570
   2818.94236 10.124 10.123 10.121 10.130 10.112    0.032 0.036 0.037 0.036 0.038  A 61199
   2833.89274  9.923  9.925  9.924  9.927  9.922    0.027 0.032 0.032 0.031 0.037  A 63219
   2839.85289  9.874  9.911  9.866  9.872  9.883    0.086 0.076 0.078 0.098 0.114  D 64198
   2841.79123 10.413 10.386 10.393 10.428 10.434    0.024 0.030 0.031 0.026 0.029  A 64592
   2844.81094 10.222 10.217 10.214 10.235 10.229    0.026 0.025 0.030 0.030 0.029  A 65075
   2851.85105 10.216 10.202 10.219 10.218 10.208    0.031 0.032 0.037 0.038 0.037  A 65531
   2854.70162  9.904  9.896  9.881  9.901  9.895    0.023 0.026 0.029 0.026 0.027  A 65909
   2862.82648 10.035 10.010 10.048 10.039 10.036    0.027 0.032 0.033 0.031 0.035  A 67246
   2871.82164 10.449 10.435 10.428 10.460 10.459    0.024 0.027 0.031 0.024 0.025  A 68028
   2874.72762 10.056 10.068 10.030 10.079 10.088    0.022 0.029 0.026 0.022 0.024  A 68401
   2883.69571 10.312 10.293 10.287 10.336 10.339    0.021 0.030 0.025 0.021 0.023  A 69644
   2895.78235  9.910  9.891  9.896  9.924  9.932    0.024 0.034 0.027 0.026 0.028  A 71332
   2897.79855 10.023  9.996 10.011 10.028 10.040    0.025 0.033 0.029 0.026 0.029  A 71738
   2899.76092 10.389 10.417 10.396 10.380 10.392    0.030 0.031 0.034 0.032 0.031  A 72085
   2902.72971 10.329 10.319 10.325 10.335 10.335    0.022 0.032 0.025 0.024 0.026  A 72552
   2907.80197 10.443 10.307 10.385 10.483 10.511    0.049 0.056 0.049 0.054 0.058  A 73304
   2916.71398 10.390 10.363 10.389 10.391 10.390    0.025 0.032 0.028 0.027 0.030  A 74610
   2918.66114  9.942  9.926  9.929  9.947  9.946    0.027 0.032 0.028 0.032 0.036  A 74901
   2921.69903  9.968  9.947  9.970  9.974  9.970    0.068 0.058 0.067 0.074 0.081  D 75108
   2923.68676  9.934  9.944  9.928  9.944  9.947    0.027 0.040 0.029 0.030 0.034  A 75478
   2926.68805  9.908  9.918  9.880  9.914  9.908    0.023 0.031 0.027 0.026 0.029  A 75838
   2928.68145 10.120 10.162 10.171 10.141 10.150    0.066 0.065 0.064 0.072 0.076  D 76209
   2929.82021 10.332 10.244 10.256 10.370 10.411    0.036 0.048 0.036 0.042 0.047  A 76438
   2931.77135  9.903  9.816  9.859  9.919  9.926    0.032 0.037 0.034 0.035 0.040  A 76775
   2933.73962 10.135 10.082 10.091 10.166 10.173    0.030 0.037 0.032 0.033 0.037  A 77117
   2935.73444 10.261 10.273 10.257 10.267 10.277    0.027 0.035 0.030 0.030 0.035  A 77476
   2939.55504 10.035 10.026 10.023 10.040 10.040    0.022 0.031 0.026 0.023 0.026  A 77781
   2940.78927 10.265 10.176 10.228 10.281 10.281    0.036 0.041 0.037 0.038 0.041  A 78068
   2942.65553 10.231 10.215 10.208 10.242 10.244    0.033 0.031 0.034 0.035 0.036  A 78210
   2945.61943 10.294 10.287 10.291 10.302 10.308    0.039 0.052 0.040 0.043 0.047  A 78697
   2948.61326 10.150 10.103 10.125 10.159 10.158    0.031 0.039 0.032 0.035 0.040  A 79130
   2950.64789 10.438 10.397 10.428 10.453 10.455    0.028 0.034 0.031 0.032 0.036  A 79449
   2952.66854 10.137 10.114 10.111 10.155 10.159    0.033 0.035 0.034 0.039 0.044  A 79700
   2954.66720  9.891  9.874  9.879  9.903  9.918    0.033 0.037 0.034 0.036 0.040  A 79954
   2958.66184 10.416 10.399 10.392 10.454 10.459    0.023 0.028 0.026 0.026 0.028  A 80534
   2960.66050 10.000  9.979  9.971 10.043 10.045    0.052 0.051 0.050 0.060 0.068  B 80788
   2962.67287  9.892  9.857  9.864  9.928  9.934    0.025 0.031 0.028 0.027 0.030  A 81077
   2964.67817 10.079 10.034 10.069 10.110 10.129    0.024 0.029 0.027 0.026 0.029  A 81362
   2968.68631  9.929  9.867  9.906  9.972  9.989    0.024 0.030 0.028 0.027 0.030  A 81926
   2971.52347 10.144 10.122 10.126 10.160 10.165    0.025 0.031 0.026 0.027 0.030  A 82203
   2973.54677 10.450 10.424 10.417 10.461 10.469    0.022 0.029 0.025 0.025 0.029  A 82433
   2975.57236 10.151 10.131 10.144 10.184 10.195    0.026 0.035 0.029 0.029 0.033  A 82690
   2977.59803  9.906  9.841  9.868  9.934  9.944    0.027 0.035 0.030 0.030 0.033  A 82971
   2979.61865  9.852  9.819  9.817  9.897  9.904    0.030 0.037 0.033 0.032 0.037  A 83248
   2981.63532 10.090 10.031 10.048 10.119 10.150    0.034 0.037 0.034 0.039 0.044  A 83510
   2983.64898 10.409 10.325 10.381 10.433 10.447    0.031 0.035 0.032 0.037 0.042  A 83783
   2985.65833 10.006  9.983  9.983 10.022 10.036    0.027 0.034 0.031 0.031 0.034  A 84050
   2987.68455  9.874  9.782  9.848  9.911  9.932    0.029 0.040 0.032 0.032 0.036  A 84325
   2990.65154  9.882  9.805  9.857  9.901  9.910    0.028 0.037 0.031 0.031 0.035  A 84650
   2992.65218 10.039  9.993 10.007 10.058 10.063    0.025 0.032 0.029 0.029 0.033  A 84926
   2995.58003 10.312 10.251 10.313 10.352 10.348    0.026 0.033 0.032 0.029 0.032  A 85287
   2997.60600 10.298 10.275 10.280 10.320 10.329    0.025 0.037 0.029 0.028 0.031  A 85572
   3000.59440 10.354 10.240 10.346 10.390 10.395    0.025 0.037 0.029 0.028 0.032  A 85840
   3006.60654 10.166 10.138 10.162 10.176 10.166    0.049 0.050 0.045 0.054 0.060  A 86577
   3008.62398 10.530 10.512 10.523 10.541 10.541    0.030 0.033 0.032 0.033 0.038  A 86838
   3011.58525 10.327 10.234 10.266 10.365 10.363    0.046 0.044 0.043 0.056 0.065  A 87229
   3013.59536  9.960  9.936  9.919  9.981  9.986    0.033 0.034 0.033 0.041 0.048  A 87497
   3016.60729 10.088 10.033 10.064 10.112 10.123    0.028 0.036 0.030 0.032 0.035  A 87733
   3019.56488 10.010  9.968  9.975 10.031 10.031    0.042 0.039 0.039 0.048 0.055  A 88113
   3023.56649 10.091 10.063 10.057 10.111 10.108    0.029 0.039 0.031 0.031 0.035  A 88272
   3028.56621 10.431 10.444 10.422 10.452 10.449    0.028 0.042 0.032 0.031 0.034  A 88547
   3031.55079 10.397 10.357 10.374 10.408 10.411    0.027 0.033 0.029 0.030 0.033  A 88821
   3034.55896 10.210 10.151 10.209 10.222 10.222    0.031 0.036 0.032 0.035 0.040  A 89108
   3039.53555 10.256 10.242 10.227 10.282 10.296    0.034 0.041 0.041 0.040 0.046  A 89516
   3043.53399 10.063 10.014 10.064 10.079 10.087    0.048 0.038 0.046 0.054 0.060  A 89892
   3047.52544 10.056 10.052 10.053 10.069 10.073    0.032 0.032 0.033 0.038 0.044  A 90427
   3052.51452 10.028 10.035 10.019 10.058 10.068    0.096 0.077 0.081 0.112 0.120  D 91091
   3105.91998 10.325 10.247 10.295 10.348 10.372    0.066 0.070 0.068 0.071 0.077  D 98164
   3130.89125 10.390 10.255 10.358 10.401 10.417    0.078 0.082 0.072 0.086 0.097  D 101576
   3146.90854 10.303 10.259 10.276 10.305 10.313    0.032 0.032 0.030 0.038 0.044  A 103615
   3182.89261 10.284 10.284 10.288 10.291 10.287    0.033 0.033 0.033 0.039 0.046  A 107594
   3193.90802 10.336 10.308 10.325 10.351 10.354    0.028 0.042 0.033 0.031 0.035  A 108982
   3211.91860  9.978  9.975  9.957 10.002 10.017    0.042 0.042 0.042 0.048 0.052  A 109539
   3356.58657 10.307 10.278 10.306 10.318 10.319    0.029 0.043 0.028 0.034 0.038  A 124458
   3359.58984 10.428 10.369 10.388 10.445 10.460    0.035 0.053 0.038 0.040 0.045  A 124792
   3386.59819 10.110 10.119 10.104 10.110 10.109    0.051 0.065 0.047 0.055 0.061  A 126157
   3389.56625 10.058  9.997 10.019 10.084 10.101    0.036 0.049 0.035 0.039 0.043  A 126557
   3394.53037  9.895  9.847  9.858  9.907  9.924    0.063 0.070 0.060 0.069 0.076  D 127104
   3397.53980  9.908  9.852  9.881  9.928  9.944    0.031 0.042 0.031 0.034 0.039  A 127468
   3404.52805 10.361 10.340 10.335 10.385 10.389    0.026 0.038 0.027 0.028 0.032  A 128368
   3407.52681 10.180 10.207 10.171 10.201 10.210    0.066 0.073 0.066 0.071 0.075  D 128839
   3410.52309 10.072 10.023 10.049 10.101 10.110    0.044 0.077 0.042 0.050 0.057  A 129309
   3413.51974  9.960  9.935  9.952  9.966  9.985    0.062 0.060 0.057 0.072 0.083  D 129737
   3517.92020  9.922  9.809  9.873  9.969  9.992    0.039 0.055 0.041 0.045 0.052  A 144435
   3529.86959  9.902  9.820  9.838  9.935  9.937    0.041 0.073 0.045 0.046 0.052  A 146270
   3546.88678  9.994 10.010 10.004 10.008 10.006    0.075 0.063 0.068 0.094 0.114  D 147942
   3551.92913 10.001  9.951  9.999 10.006 10.013    0.030 0.048 0.035 0.031 0.035  A 148408
   3554.89091  9.944  9.942  9.891  9.976  9.984    0.045 0.053 0.050 0.050 0.055  A 148842
   3561.83971 10.412 10.332 10.380 10.438 10.463    0.028 0.044 0.031 0.029 0.033  A 149811
   3568.88598 10.016 10.020  9.989 10.026 10.028    0.027 0.039 0.035 0.029 0.031  A 150463
   3578.82966 10.266 10.238 10.245 10.283 10.286    0.028 0.041 0.033 0.031 0.035  A 152032
   3582.84463  9.949  9.949  9.921  9.958  9.962    0.031 0.047 0.035 0.035 0.038  A 152719
   3592.83067 10.099 10.066 10.094 10.104 10.105    0.030 0.035 0.030 0.034 0.037  A 154425
   3599.84206 10.083 10.086 10.094 10.091 10.090    0.029 0.035 0.032 0.032 0.037  A 155306
   3601.81708  9.924  9.922  9.896  9.939  9.941    0.030 0.034 0.032 0.034 0.040  A 155615
   3615.82597  9.871  9.890  9.888  9.875  9.872    0.045 0.046 0.043 0.050 0.058  A 156967
   3618.68888 10.178 10.100 10.157 10.207 10.218    0.034 0.047 0.037 0.036 0.040  A 157301
   3629.68099 10.276 10.260 10.263 10.296 10.299    0.034 0.039 0.037 0.038 0.044  A 158633
   3631.70052 10.295 10.298 10.268 10.311 10.318    0.033 0.041 0.036 0.038 0.043  A 158977
   3633.71886  9.961  9.983  9.957  9.967  9.966    0.032 0.035 0.033 0.037 0.043  A 159245
   3635.78317  9.942  9.975  9.953  9.954  9.948    0.087 0.066 0.072 0.108 0.126  D 159585
   3638.82310 10.196 10.165 10.211 10.198 10.198    0.025 0.033 0.031 0.028 0.032  A 159840
   3641.71884  9.935  9.950  9.924  9.942  9.945    0.026 0.036 0.030 0.027 0.030  A 160207
   3643.80697  9.922  9.935  9.917  9.926  9.928    0.041 0.048 0.041 0.043 0.046  A 160511
   3647.63698  9.890  9.884  9.852  9.890  9.899    0.028 0.034 0.034 0.028 0.029  A 160904
   3650.59269  9.888  9.853  9.878  9.914  9.920    0.026 0.035 0.033 0.028 0.030  A 161296
   3652.64533  9.982 10.001  9.967 10.011 10.023    0.029 0.038 0.032 0.033 0.036  A 161607
   3654.64678 10.420 10.419 10.428 10.438 10.452    0.038 0.049 0.040 0.039 0.043  A 161883
   3656.62040  9.997  9.937 10.007  9.998  9.993    0.028 0.042 0.032 0.031 0.035  A 162173
   3658.64504  9.909  9.928  9.901  9.920  9.922    0.029 0.042 0.031 0.032 0.035  A 162477
   3660.67051  9.984  9.983  9.972  9.996  9.999    0.034 0.040 0.034 0.039 0.045  A 162794
   3662.69410 10.286 10.294 10.294 10.300 10.308    0.042 0.046 0.039 0.052 0.062  A 163085
   3664.72744 10.406 10.368 10.397 10.419 10.420    0.029 0.038 0.029 0.033 0.039  A 163386
   3668.61226 10.414 10.417 10.370 10.432 10.435    0.026 0.036 0.032 0.027 0.030  A 163823
   3670.65250 10.262 10.251 10.256 10.273 10.269    0.025 0.030 0.030 0.027 0.030  A 164120
   3672.73902 10.213 10.199 10.186 10.252 10.262    0.033 0.059 0.039 0.036 0.040  A 164433
   3675.59093  9.890  9.884  9.870  9.904  9.910    0.026 0.037 0.030 0.029 0.031  A 164818
   3677.70776  9.946  9.884  9.930  9.959  9.975    0.026 0.040 0.029 0.028 0.032  A 165139
   3700.57592  9.871  9.818  9.869  9.879  9.890    0.034 0.055 0.039 0.037 0.041  A 168021
   3702.70659  9.901  9.863  9.858  9.936  9.953    0.028 0.034 0.030 0.032 0.036  A 168324
   3705.60529  9.925  9.880  9.918  9.943  9.954    0.035 0.038 0.036 0.036 0.039  A 168697
   3707.68417  9.867  9.784  9.829  9.902  9.920    0.029 0.034 0.030 0.031 0.034  A 168999
   3711.68614 10.098 10.033 10.045 10.139 10.171    0.029 0.050 0.032 0.032 0.035  A 169281
   3713.62626  9.911  9.856  9.875  9.929  9.941    0.039 0.062 0.043 0.041 0.045  A 169536
   3715.65677 10.101 10.050 10.064 10.130 10.160    0.044 0.052 0.044 0.051 0.059  A 169834
   3718.57113 10.389 10.379 10.369 10.413 10.408    0.039 0.048 0.040 0.045 0.050  A 170178
   3720.65249 10.416 10.301 10.386 10.430 10.443    0.037 0.056 0.039 0.042 0.049  A 170443
   3726.56496 10.206 10.147 10.169 10.236 10.246    0.035 0.044 0.034 0.039 0.044  A 171113
   3728.62234 10.036 10.001 10.013 10.062 10.080    0.037 0.048 0.038 0.042 0.048  A 171407
   3731.64240 10.333 10.289 10.287 10.374 10.395    0.041 0.045 0.040 0.045 0.050  A 171688
   3735.57581 10.144 10.103 10.101 10.178 10.188    0.030 0.040 0.032 0.032 0.035  A 172191
   3738.54512 10.172 10.098 10.133 10.194 10.215    0.028 0.042 0.031 0.030 0.033  A 172598
   3740.59284 10.349 10.281 10.309 10.378 10.391    0.031 0.049 0.035 0.032 0.034  A 172892
   3743.59293 10.255 10.237 10.223 10.282 10.292    0.034 0.048 0.035 0.038 0.042  A 173264
   3749.58464 10.208 10.244 10.223 10.212 10.178    0.046 0.051 0.042 0.056 0.065  A 174078
   3753.56443 10.001  9.992  9.992 10.015 10.023    0.040 0.046 0.038 0.043 0.048  A 174631
   3756.55698  9.970  9.969  9.962  9.953  9.847    0.040 0.043 0.039 0.048 0.058  A 175036
   3759.54805 10.010  9.978  9.997 10.031 10.039    0.037 0.046 0.035 0.043 0.048  A 175453
   3762.55008 10.149 10.071 10.106 10.176 10.189    0.041 0.052 0.039 0.043 0.049  A 175847
   3765.54346 10.299 10.249 10.274 10.324 10.333    0.038 0.046 0.038 0.043 0.046  A 176263
   3768.53748 10.427 10.423 10.400 10.458 10.469    0.050 0.086 0.058 0.053 0.057  D 176679
   3771.53731 10.377 10.351 10.364 10.389 10.400    0.037 0.038 0.035 0.042 0.048  A 177086
   3775.53023  9.867  9.891  9.868  9.891  9.898    0.046 0.049 0.040 0.055 0.068  B 177607
   3778.52332  9.886  9.882  9.881  9.904  9.915    0.042 0.047 0.038 0.052 0.060  A 178064
   3850.92149 10.409 10.420 10.372 10.443 10.462    0.040 0.082 0.046 0.043 0.047  D 187352
   3858.90520 10.123 10.125 10.140 10.135 10.124    0.069 0.070 0.065 0.078 0.086  D 188615
   3862.90432 10.017  9.990  9.999 10.029 10.039    0.030 0.042 0.031 0.033 0.036  A 189288
   3865.91969  9.830  9.808  9.815  9.887  9.905    0.035 0.044 0.034 0.039 0.044  A 189799
   3868.92692  9.896  9.872  9.898  9.906  9.919    0.043 0.056 0.045 0.049 0.057  A 190293
   3871.90546  9.909  9.857  9.868  9.921  9.928    0.040 0.053 0.039 0.046 0.053  A 190832
   3880.91122 10.125 10.078 10.112 10.132 10.137    0.035 0.043 0.038 0.040 0.046  A 191898
   3887.93752  9.888  9.870  9.847  9.912  9.916    0.036 0.046 0.039 0.039 0.043  A 192761
   3891.86985  9.940  9.939  9.897  9.962  9.962    0.033 0.043 0.036 0.037 0.040  A 193432
   3894.88104 10.058 10.057 10.031 10.069 10.072    0.029 0.038 0.035 0.032 0.035  A 193937
   3898.86517 10.160 10.161 10.148 10.184 10.188    0.034 0.041 0.035 0.039 0.043  A 194428
   3901.89273  9.935  9.873  9.907  9.959  9.969    0.040 0.044 0.040 0.046 0.055  A 194933
   3904.88583  9.964  9.926  9.938  9.984  9.990    0.033 0.056 0.037 0.035 0.038  A 195497
   3907.90820  9.899  9.891  9.854  9.929  9.949    0.036 0.048 0.038 0.039 0.044  A 196079
   3912.91844  9.921  9.847  9.914  9.935  9.941    0.029 0.050 0.034 0.032 0.036  A 196841
   4090.59261 10.051 10.045 10.038 10.070 10.074    0.051 0.091 0.053 0.055 0.060  D 209244
   4092.66553 10.043 10.013 10.019 10.059 10.076    0.054 0.117 0.056 0.064 0.076  D 209525
   4104.61151 10.412 10.406 10.415 10.430 10.430    0.036 0.043 0.036 0.042 0.049  A 210691
   4107.55340 10.192 10.195 10.190 10.197 10.196    0.031 0.044 0.034 0.034 0.037  A 211071
   4111.56343  9.997 10.027  9.987 10.004  9.995    0.050 0.100 0.052 0.054 0.061  D 211359
   4125.55662  9.943  9.930  9.943  9.946  9.940    0.036 0.045 0.037 0.039 0.043  A 211508
   4128.54449 10.037 10.020 10.049 10.026 10.026    0.031 0.047 0.034 0.034 0.037  A 211900
   4131.54592  9.897  9.887  9.886  9.904  9.902    0.037 0.059 0.038 0.042 0.047  A 212285
   4134.54864  9.921  9.869  9.911  9.926  9.937    0.034 0.057 0.032 0.042 0.048  A 212697
   4137.53983  9.950  9.968  9.969  9.961  9.963    0.032 0.052 0.030 0.033 0.036  A 213098
   4228.91588 10.309 10.296 10.307 10.310 10.312    0.046 0.048 0.047 0.051 0.056  A 223441
   4231.90956 10.375 10.368 10.376 10.402 10.403    0.038 0.060 0.043 0.043 0.047  A 223967
   4235.89438  9.930  9.943  9.904  9.933  9.942    0.038 0.045 0.040 0.043 0.050  A 224673
   4247.88242  9.990  9.945  9.989 10.002 10.002    0.038 0.044 0.040 0.041 0.045  A 226489
   4255.86077  9.886  9.890  9.855  9.909  9.920    0.040 0.039 0.041 0.048 0.058  A 227151
   4268.89954  9.962  9.972  9.944  9.962  9.963    0.049 0.048 0.049 0.054 0.058  A 228072
   4273.83732 10.345 10.357 10.375 10.359 10.357    0.044 0.044 0.044 0.050 0.053  A 228564
   4278.79136  9.882  9.866  9.877  9.901  9.899    0.069 0.057 0.063 0.074 0.079  D 229204
   4284.81830 10.241 10.230 10.257 10.239 10.236    0.058 0.053 0.055 0.064 0.068  B 229867
   4286.83842  9.949  9.935  9.918  9.954  9.951    0.063 0.058 0.061 0.076 0.091  D 230239
   4290.84282 10.262 10.258 10.254 10.220 10.239    0.056 0.059 0.059 0.059 0.060  B 230568
   4292.89307 10.386 10.389 10.346 10.392 10.404    0.042 0.070 0.047 0.044 0.047  A 230963
   4295.81711 10.089 10.112 10.116 10.108 10.120    0.050 0.056 0.054 0.052 0.055  B 231456
   4297.89450 10.092 10.116 10.096 10.112 10.126    0.045 0.058 0.048 0.050 0.057  A 231835
   4300.80907  9.929  9.932  9.929  9.941  9.946    0.037 0.049 0.042 0.043 0.050  A 232341
   4302.88123  9.904  9.898  9.907  9.914  9.911    0.044 0.050 0.046 0.051 0.060  A 232680
   4304.79770 10.380 10.389 10.355 10.385 10.385    0.032 0.038 0.037 0.035 0.038  A 233011
   4306.79028 10.016 10.009  9.977 10.018 10.013    0.031 0.038 0.037 0.033 0.037  A 233372
   4308.79425  9.879  9.862  9.873  9.904  9.924    0.076 0.077 0.074 0.085 0.095  D 233703
   4310.81041 10.031 10.033 10.030 10.036 10.044    0.035 0.045 0.040 0.039 0.045  A 233955
   4312.80941 10.376 10.353 10.375 10.381 10.395    0.053 0.065 0.054 0.063 0.073  B 234283
   4316.73961 10.141 10.138 10.124 10.144 10.148    0.034 0.037 0.038 0.038 0.042  A 234680
   4319.81043  9.882  9.863  9.873  9.889  9.895    0.035 0.040 0.039 0.038 0.042  A 235043
   4329.80674 10.292 10.266 10.267 10.323 10.333    0.048 0.053 0.053 0.051 0.054  B 235197
   4331.77871 10.041 10.034 10.053 10.051 10.043    0.029 0.039 0.035 0.031 0.034  A 235546
   4333.73957 10.013 10.011 10.014 10.028 10.027    0.026 0.033 0.031 0.029 0.032  A 235892
   4336.73622  9.963 10.026  9.979  9.960  9.976    0.054 0.053 0.055 0.061 0.062  B 236236
   4339.69386  9.944  9.938  9.948  9.950  9.961    0.041 0.041 0.042 0.044 0.049  A 236609
   4341.74564 10.078 10.058 10.111 10.109 10.101    0.049 0.046 0.049 0.055 0.060  A 236962
   4343.75272 10.387 10.330 10.353 10.405 10.407    0.032 0.053 0.039 0.035 0.040  A 237318
   4345.75746  9.992  9.993  9.970 10.016 10.025    0.033 0.057 0.038 0.035 0.039  A 237645
   4347.75650  9.877  9.880  9.873  9.880  9.896    0.032 0.055 0.041 0.033 0.036  A 237998
   4349.78275 10.007  9.996  9.969 10.029 10.036    0.036 0.048 0.041 0.038 0.037  A 238341
   4352.74512 10.057 10.011 10.016 10.087 10.086    0.036 0.037 0.038 0.042 0.050  A 238755
   4354.72773 10.301 10.299 10.268 10.308 10.317    0.030 0.038 0.036 0.032 0.032  A 239029
   4356.75583 10.030 10.005 10.045 10.042 10.028    0.032 0.036 0.035 0.036 0.040  A 239385
   4359.65639  9.903  9.887  9.886  9.903  9.900    0.030 0.035 0.034 0.034 0.040  A 239805
   4361.76205  9.893  9.877  9.874  9.900  9.900    0.028 0.034 0.033 0.031 0.033  A 240067
   4363.69683 10.391 10.393 10.393 10.396 10.392    0.029 0.036 0.034 0.031 0.034  A 240359
   4365.67139 10.011 10.000 10.020 10.017 10.010    0.029 0.046 0.036 0.032 0.035  A 240662
   4367.71953  9.881  9.877  9.861  9.881  9.886    0.035 0.040 0.038 0.039 0.046  A 240874
   4369.71838  9.955  9.975  9.971  9.963  9.969    0.038 0.042 0.042 0.042 0.049  A 241171
   4371.74064 10.282 10.242 10.276 10.301 10.308    0.037 0.065 0.043 0.042 0.047  A 241508
   4373.75321 10.199 10.173 10.180 10.210 10.209    0.034 0.059 0.038 0.038 0.043  A 241806
   4376.74373 10.327 10.312 10.318 10.344 10.347    0.033 0.047 0.037 0.039 0.046  A 242160
   4379.58873  9.919  9.903  9.920  9.919  9.921    0.027 0.034 0.033 0.029 0.033  A 242558
   4381.65090  9.878  9.875  9.835  9.895  9.899    0.036 0.039 0.039 0.038 0.043  A 242879
   4383.67706 10.054 10.025 10.026 10.075 10.067    0.028 0.038 0.033 0.030 0.038  A 243193
   4385.69705 10.403 10.408 10.376 10.420 10.429    0.027 0.034 0.032 0.029 0.031  A 243513
   4387.72569 10.155 10.147 10.131 10.174 10.186    0.045 0.056 0.049 0.046 0.049  A 243839
   4389.70136  9.902  9.880  9.891  9.922  9.923    0.039 0.046 0.042 0.045 0.046  A 244130
   4393.65232 10.036 10.024 10.001 10.066 10.093    0.044 0.046 0.042 0.051 0.060  A 244654
   4398.73531 10.203 10.206 10.206 10.207 10.207    0.045 0.070 0.047 0.051 0.057  A 244749
   4400.70960 99.999 99.999 99.999 99.999 99.999    0.067 0.087 0.065 0.082 0.098  D 244995
   4403.74024  9.966  9.946  9.942  9.974  9.978    0.035 0.047 0.039 0.038 0.042  A 245295
   4407.73502 10.223 10.253 10.223 10.231 10.226    0.038 0.045 0.041 0.041 0.045  A 245613
   4410.61180 10.040 10.043  9.989 10.081 10.088    0.027 0.035 0.029 0.029 0.033  A 245961
   4413.65371 10.415 10.417 10.397 10.417 10.412    0.027 0.033 0.031 0.032 0.036  A 246255
   4419.61830 10.335 10.295 10.323 10.345 10.357    0.035 0.044 0.037 0.041 0.047  A 246395
   4422.59085 10.320 10.296 10.286 10.343 10.359    0.028 0.037 0.031 0.032 0.036  A 246641
   4425.74131  9.952 10.017  9.984  9.968  9.971    0.043 0.052 0.039 0.050 0.058  A 246871
   4428.56943 10.109 10.073 10.060 10.133 10.140    0.040 0.041 0.040 0.048 0.058  A 247154
   4430.63011 10.300 10.292 10.280 10.313 10.326    0.038 0.044 0.037 0.044 0.053  A 247410
   4432.68037 10.406 10.439 10.394 10.419 10.416    0.028 0.037 0.030 0.031 0.034  A 247682
   4437.57907  9.894  9.872  9.889  9.910  9.916    0.029 0.036 0.031 0.030 0.033  A 248260
   4439.65686  9.882  9.900  9.877  9.883  9.877    0.045 0.073 0.052 0.050 0.041  B 248535
   4442.64976  9.856  9.884  9.845  9.879  9.894    0.037 0.063 0.042 0.038 0.041  A 248872
   4453.56948 10.052 10.003 10.047 10.059 10.061    0.029 0.041 0.032 0.033 0.038  A 250102
   4455.63684 10.123 10.026 10.102 10.161 10.166    0.036 0.061 0.037 0.043 0.049  A 250340
   4458.60945 10.161 10.128 10.170 10.164 10.175    0.038 0.042 0.038 0.043 0.049  A 250689
   4461.59899 10.102 10.060 10.100 10.104 10.098    0.030 0.034 0.033 0.034 0.038  A 251021
   4463.64774 10.258 10.244 10.249 10.262 10.267    0.034 0.047 0.036 0.038 0.044  A 251312
   4466.60170 10.393 10.349 10.385 10.402 10.399    0.033 0.044 0.036 0.037 0.042  A 251632
   4469.59388 99.999 10.231 10.260 99.999 99.999    0.036 0.040 0.039 0.040 0.044  C 251966
   4473.59362  9.876  9.946  9.887  9.893  9.904    0.033 0.049 0.035 0.035 0.039  A 252349
   4476.58887  9.936  9.891  9.940  9.935  9.930    0.033 0.041 0.036 0.036 0.041  A 252627
   4479.56676 10.243 10.562 10.449 10.192 10.171    0.030 0.044 0.032 0.033 0.037  A 252992
   4482.57194 10.013 10.048 10.016 10.044 10.059    0.063 0.055 0.057 0.068 0.074  D 253305
   4486.55379 10.259 10.262 10.254 10.289 10.283    0.067 0.066 0.063 0.076 0.084  D 253681
   4489.54909 10.117 10.061 10.118 10.140 10.142    0.034 0.043 0.034 0.038 0.043  A 254032
   4492.54513  9.996  9.977 10.008 10.004  9.995    0.038 0.041 0.038 0.040 0.043  A 254368
   4499.53945 10.092 10.123 10.119 10.072 10.071    0.044 0.067 0.057 0.046 0.048  B 254995
   4505.53774 10.381 10.336 10.370 10.395 10.395    0.038 0.048 0.040 0.044 0.050  A 255818
   4510.51928  9.981  9.949  9.943  9.999  9.991    0.050 0.057 0.047 0.059 0.069  B 256511
   4568.91904 10.418 10.371 10.435 10.463 10.497    0.066 0.074 0.063 0.077 0.090  D 264919
   4572.92132  9.933  9.944  9.934  9.954  9.957    0.037 0.047 0.040 0.042 0.046  A 265607
#dataset= 2 ; 3 F0000-72_018
#desig= 001718-7155.0
#cra=    0.288284  00:17:17.8
#cdec= -71.916571 -71:54:59.7
#class= 0
#cmag_0= 10.269
#cmer_0=  0.173
#nskip_0= 0
#cmag_1= 10.202
#cmer_1=  0.153
#nskip_1= 0
#cmag_2= 10.177
#cmer_2=  0.146
#nskip_2= 0
#cmag_3= 10.212
#cmer_3=  0.148
#nskip_3= 0
#cmag_4= 10.208
#cmer_4=  0.146
#nskip_4= 0
#ra=    0.288284  00:17:17.8
#dec= -71.916571 -71:54:59.7
#     HJD      MAG_2  MAG_0  MAG_1  MAG_3  MAG_4    MER_2 MER_0 MER_1 MER_3 MER_4 GRADE FRAME
   2014.92383 10.284 10.382 10.318 10.312 10.314    0.049 0.066 0.055 0.056 0.057  B 15870
   2243.56570 10.011 10.087 10.039 10.065 10.072    0.045 0.058 0.051 0.053 0.053  A 42026
   2248.53235 10.064 10.089 10.082 10.089 10.077    0.043 0.055 0.047 0.052 0.052  A 42453
   2252.57596 10.434 10.504 10.471 10.481 10.471    0.040 0.053 0.045 0.049 0.051  A 43153
   2256.56863 10.094 10.135 10.121 10.161 10.163    0.040 0.055 0.047 0.048 0.046  A 43758
   2258.57179 10.471 10.529 10.482 10.489 10.479    0.066 0.081 0.071 0.074 0.075  D 44083
   2482.70581  9.984 10.082 10.017  9.987  9.996    0.040 0.049 0.045 0.048 0.041  A 13185
   2492.81366 10.048 10.101 10.057 10.063 10.060    0.042 0.051 0.047 0.049 0.045  A 14359
   2493.76724 10.309 10.383 10.335 10.337 10.328    0.050 0.062 0.057 0.054 0.049  B 14530
   2502.73005 99.999 10.532 10.468 99.999 99.999    0.038 0.047 0.043 0.044 0.038  C 16261
   2503.73250 29.999 29.999 29.999 29.999 29.999    0.066 0.081 0.072 0.075 0.071  D 16466
   3400.53798 29.999 29.999 29.999 29.999 29.999    0.032 0.041 0.031 0.037 0.040  C 127876
#ndata= 11
#dataset= 3 ; 1 F0120-72_019
#desig= 001722-7155.0
#cra=    0.289348  00:17:21.7
#cdec= -71.916631 -71:54:59.9
#class= 0
#cmag_0=  9.994
#cmer_0=  0.058
#nskip_0= 4
#cmag_1=  9.992
#cmer_1=  0.074
#nskip_1= 4
#cmag_2=  9.986
#cmer_2=  0.078
#nskip_2= 4
#cmag_3=  9.974
#cmer_3=  0.065
#nskip_3= 4
#cmag_4=  9.939
#cmer_4=  0.064
#nskip_4= 4
#ra=    0.289348  00:17:21.7
#dec= -71.916631 -71:54:59.9
#     HJD      MAG_3  MAG_0  MAG_1  MAG_2  MAG_4    MER_3 MER_0 MER_1 MER_2 MER_4 GRADE FRAME
   2143.75721 10.375 10.421 10.361 10.372 10.343    0.033 0.044 0.033 0.030 0.037  A 30852
   2465.87118 10.333 10.410 10.379 10.355 10.290    0.042 0.048 0.045 0.037 0.036  A 11161
   2470.83955 10.028 10.059 10.041 10.053 10.001    0.034 0.039 0.036 0.030 0.031  A 12084
   2473.79305  9.968  9.950  9.984  9.961  9.937    0.034 0.039 0.037 0.029 0.031  A 12751
   2490.80045 10.255 10.275 10.240 10.270 10.208    0.036 0.051 0.044 0.035 0.036  A 14137
   2834.85356  9.956  9.965  9.956  9.975  9.919    0.047 0.042 0.045 0.040 0.048  A 63427
   2886.82172  9.833  9.932  9.903  9.873  9.799    0.042 0.041 0.040 0.036 0.043  A 70316
   2894.69433 10.311 10.257 10.325 10.302 10.257    0.045 0.036 0.040 0.038 0.046  A 71102
   2947.82112 10.064 10.065 10.118 10.095 10.013    0.033 0.042 0.036 0.032 0.036  A 79083
   2998.68658  9.886  9.890  9.854  9.884  9.852    0.032 0.033 0.031 0.028 0.036  A 85740
   3177.90239 10.277 10.301 10.308 10.282 10.218    0.082 0.062 0.066 0.071 0.095  D 106987
#ndata= 1
#dataset= 4 ; 1 F2120-72_034
#desig= 001722-7155.0
#cra=    0.289343  00:17:21.6
#cdec= -71.916507 -71:54:59.4
#class= 0
#cmag_0= 10.164
#cmer_0=  0.000
#nskip_0= 0
#cmag_1= 10.049
#cmer_1=  0.000
#nskip_1= 0
#cmag_2=  9.964
#cmer_2=  0.000
#nskip_2= 0
#cmag_3=  9.950
#cmer_3=  0.000
#nskip_3= 0
#cmag_4=  9.952
#cmer_4=  0.000
#nskip_4= 0
#ra=    0.289343  00:17:21.6
#dec= -71.916507 -71:54:59.4
#     HJD      MAG_2  MAG_0  MAG_1  MAG_3  MAG_4    MER_2 MER_0 MER_1 MER_3 MER_4 GRADE FRAME
   4084.53585  9.965 10.164 10.049  9.950  9.953    0.044 0.186 0.085 0.037 0.038  D 208452
#ndata= 1
#dataset= 5 ; 1 F2240-72_035
#desig= 001722-7155.0
#cra=    0.289443  00:17:22.0
#cdec= -71.916328 -71:54:58.8
#class= 0
#cmag_0=  9.854
#cmer_0=  0.000
#nskip_0= 0
#cmag_1=  9.889
#cmer_1=  0.000
#nskip_1= 0
#cmag_2=  9.875
#cmer_2=  0.000
#nskip_2= 0
#cmag_3=  9.878
#cmer_3=  0.000
#nskip_3= 0
#cmag_4=  9.877
#cmer_4=  0.000
#nskip_4= 0
#ra=    0.289443  00:17:22.0
#dec= -71.916328 -71:54:58.8
#     HJD      MAG_3  MAG_0  MAG_1  MAG_2  MAG_4    MER_3 MER_0 MER_1 MER_2 MER_4 GRADE FRAME
   4084.55585  9.878  9.855  9.890  9.875  9.878    0.038 0.051 0.040 0.034 0.043  A 208458
