#ndata= 3
#dataset= 1 ; 1 F0036-32_159
#desig= 002023-2323.0
#cra=    0.339788  00:20:23.2
#cdec= -23.382523 -23:22:57.1
#class= 0
#cmag_0= 10.310
#cmer_0=  0.046
#nskip_0= 0
#cmag_1= 10.340
#cmer_1=  0.073
#nskip_1= 0
#cmag_2= 10.346
#cmer_2=  0.074
#nskip_2= 0
#cmag_3= 10.358
#cmer_3=  0.073
#nskip_3= 0
#cmag_4= 10.367
#cmer_4=  0.088
#nskip_4= 0
#ra=    0.339788  00:20:23.2
#dec= -23.382523 -23:22:57.1
#     HJD      MAG_2  MAG_0  MAG_1  MAG_3  MAG_4    MER_2 MER_0 MER_1 MER_3 MER_4 GRADE FRAME
   2140.75484 10.335 10.345 10.329 10.349 10.351    0.033 0.059 0.035 0.036 0.041  A 30233
   2151.68281 10.437 10.408 10.432 10.450 10.474    0.062 0.066 0.055 0.075 0.088  D 31405
   3382.59223 10.267 10.179 10.259 10.276 10.279    0.037 0.076 0.042 0.041 0.046  A 125612
#ndata= 56
#dataset= 2 ; 1 F0000-24_198
#desig= 002023-2323.0
#cra=    0.339790  00:20:23.2
#cdec= -23.382664 -23:22:57.6
#class= 0
#cmag_0= 10.190
#cmer_0=  0.168
#nskip_0= 0
#cmag_1= 10.195
#cmer_1=  0.168
#nskip_1= 0
#cmag_2= 10.207
#cmer_2=  0.161
#nskip_2= 0
#cmag_3= 10.207
#cmer_3=  0.159
#nskip_3= 0
#cmag_4= 10.210
#cmer_4=  0.162
#nskip_4= 0
#ra=    0.339790  00:20:23.2
#dec= -23.382664 -23:22:57.6
#     HJD      MAG_2  MAG_0  MAG_1  MAG_3  MAG_4    MER_2 MER_0 MER_1 MER_3 MER_4 GRADE FRAME
   2188.65429 10.146 10.168 10.133 10.143 10.154    0.027 0.033 0.033 0.030 0.029  A 34698
   2191.62971 10.094 10.044 10.110 10.108 10.109    0.022 0.030 0.028 0.024 0.025  A 35110
   2193.62547 10.025 10.031 10.045 10.042 10.048    0.025 0.037 0.032 0.026 0.027  A 35465
   2195.61865 10.049 10.027 10.039 10.063 10.074    0.024 0.043 0.030 0.026 0.029  A 35818
   2196.62225 10.014 10.020 10.013 10.016 10.012    0.024 0.034 0.030 0.025 0.027  A 35952
   2197.62420 10.022  9.996 10.022 10.011 10.016    0.025 0.035 0.032 0.027 0.028  A 36137
   2198.61855 10.012 10.002 10.004 10.029 10.039    0.024 0.037 0.031 0.025 0.027  A 36306
   2199.61239 10.032 10.026  9.996 10.027 10.034    0.026 0.040 0.033 0.026 0.027  A 36483
   2201.60109 10.041 10.029 10.026 10.036 10.036    0.026 0.038 0.033 0.028 0.027  A 36727
   2202.60178 10.064 10.035 10.050 10.067 10.071    0.026 0.036 0.032 0.029 0.028  A 36895
   2203.59596 10.082 10.059 10.089 10.092 10.098    0.026 0.034 0.032 0.028 0.028  A 37066
   2204.59387 10.104 10.104 10.090 10.107 10.113    0.027 0.039 0.035 0.029 0.029  A 37192
   2205.59193 10.124 10.108 10.106 10.106 10.087    0.050 0.056 0.055 0.056 0.058  B 37323
   2206.58802 10.167 10.158 10.135 10.155 10.169    0.027 0.039 0.034 0.029 0.030  A 37465
   2207.59138 10.175 10.130 10.181 10.203 10.225    0.045 0.050 0.048 0.052 0.060  B 37639
   2212.59462 10.313 10.310 10.314 10.307 10.310    0.029 0.036 0.035 0.033 0.033  A 37899
   2214.59278 10.372 10.373 10.366 10.362 10.371    0.030 0.038 0.034 0.035 0.035  A 38216
   2215.59262 10.404 10.367 10.379 10.399 10.415    0.030 0.037 0.035 0.035 0.036  A 38383
   2216.59283 10.432 10.414 10.425 10.429 10.425    0.030 0.039 0.036 0.036 0.034  A 38553
   2217.59244 10.429 10.431 10.415 10.411 10.423    0.027 0.039 0.034 0.033 0.033  A 38720
   2219.56091 10.422 10.430 10.414 10.422 10.426    0.032 0.042 0.039 0.037 0.035  A 38880
   2221.57996 10.423 10.389 10.403 10.403 10.428    0.031 0.045 0.039 0.034 0.031  A 39005
   2224.53786 10.418 10.432 10.418 10.415 10.448    0.030 0.043 0.039 0.034 0.031  A 39304
   2226.54623 10.422 10.436 10.417 10.405 10.415    0.029 0.039 0.036 0.035 0.033  A 39624
   2228.54971 10.419 10.405 10.415 10.402 10.404    0.033 0.044 0.039 0.039 0.039  A 39941
   2230.54367 10.396 10.357 10.378 10.373 10.401    0.030 0.039 0.037 0.036 0.034  A 40266
   2233.54103 10.395 10.364 10.362 10.370 10.392    0.032 0.042 0.039 0.039 0.038  A 40593
   2239.52045 10.436 10.409 10.430 10.465 10.481    0.036 0.048 0.043 0.043 0.041  A 41372
   2241.56520 10.536 10.560 10.543 10.552 10.557    0.035 0.049 0.044 0.041 0.041  A 41709
   2243.57489 10.475 10.422 10.454 10.477 10.484    0.038 0.051 0.044 0.046 0.046  A 42029
   2468.87184 10.236 10.221 10.243 10.230 10.232    0.023 0.029 0.032 0.024 0.027  A 11815
   2473.82356 10.291 10.288 10.291 10.288 10.298    0.034 0.036 0.039 0.040 0.032  A 12764
   2481.81595 10.225 10.228 10.228 10.244 10.241    0.042 0.054 0.048 0.052 0.047  B 13026
   2486.79179 10.170 10.157 10.151 10.185 10.182    0.035 0.044 0.041 0.040 0.042  A 13390
   2490.79069 10.106 10.082 10.096 10.109 10.118    0.033 0.034 0.038 0.040 0.034  A 14132
   2549.83472 10.024 10.070 10.007 10.035 10.045    0.045 0.060 0.059 0.039 0.035  B 20861
   2558.72968  9.964  9.924  9.959  9.969  9.974    0.024 0.041 0.030 0.024 0.026  A 22085
   2668.52425 10.094 10.102 10.102 10.095 10.088    0.033 0.033 0.035 0.037 0.042  A 37227
   2903.76736 10.152 10.147 10.153 10.154 10.156    0.027 0.031 0.031 0.031 0.033  A 72719
   2924.77919 10.309 10.339 10.300 10.312 10.305    0.032 0.041 0.039 0.034 0.040  A 75686
   2933.69253 10.469 10.430 10.504 10.470 10.457    0.025 0.033 0.039 0.027 0.028  A 77096
   2950.72924 10.186 10.191 10.201 10.172 10.160    0.033 0.036 0.035 0.037 0.045  A 79481
   2976.54315 10.129 10.127 10.116 10.118 10.112    0.046 0.050 0.044 0.049 0.051  B 82814
   2980.61397 10.141 10.138 10.137 10.147 10.144    0.027 0.032 0.030 0.031 0.036  A 83368
   2984.62198 10.187 10.176 10.193 10.173 10.176    0.027 0.038 0.029 0.030 0.035  A 83901
   2986.63604 10.200 10.198 10.188 10.210 10.208    0.029 0.031 0.030 0.032 0.036  A 84171
   2991.62688 10.226 10.254 10.221 10.233 10.227    0.026 0.029 0.031 0.028 0.031  A 84776
   2994.58936 10.231 10.210 10.236 10.227 10.227    0.028 0.031 0.031 0.032 0.036  A 85164
   2997.54914 10.233 10.225 10.226 10.236 10.230    0.047 0.040 0.045 0.050 0.054  B 85549
   3005.58149 10.130 10.114 10.116 10.135 10.129    0.028 0.031 0.030 0.031 0.035  A 86440
   3007.59624 10.082 10.069 10.092 10.073 10.065    0.027 0.032 0.030 0.032 0.036  A 86706
   3013.56824  9.976  9.963  9.977  9.974  9.966    0.029 0.033 0.030 0.034 0.039  A 87486
   3017.55794  9.896  9.893  9.907  9.892  9.889    0.027 0.031 0.030 0.030 0.033  A 87845
   3019.56704  9.762  9.796  9.785  9.771  9.765    0.060 0.078 0.060 0.069 0.082  D 88114
   3025.54381  9.850  9.850  9.852  9.853  9.867    0.026 0.029 0.029 0.029 0.033  A 88392
   3194.92132 10.290 10.261 10.303 10.283 10.289    0.030 0.048 0.036 0.033 0.037  A 109156
#ndata= 399
#dataset= 3 ; 1 F0032-24_199
#desig= 002023-2323.0
#cra=    0.339763  00:20:23.1
#cdec= -23.382991 -23:22:58.8
#class= 0
#cmag_0= 10.224
#cmer_0=  0.161
#nskip_0= 2
#cmag_1= 10.222
#cmer_1=  0.159
#nskip_1= 1
#cmag_2= 10.226
#cmer_2=  0.157
#nskip_2= 1
#cmag_3= 10.226
#cmer_3=  0.158
#nskip_3= 0
#cmag_4= 10.227
#cmer_4=  0.158
#nskip_4= 0
#ra=    0.339763  00:20:23.1
#dec= -23.382991 -23:22:58.8
#     HJD      MAG_2  MAG_0  MAG_1  MAG_3  MAG_4    MER_2 MER_0 MER_1 MER_3 MER_4 GRADE FRAME
   1868.55132 10.149 10.232 10.152 10.149 10.150    0.021 0.058 0.026 0.023 0.025  A 43
   1869.54698 10.135 10.137 10.128 10.133 10.132    0.020 0.053 0.022 0.023 0.025  A 203
   1871.59516 10.096 10.037 10.087 10.092 10.096    0.022 0.070 0.028 0.024 0.027  A 501
   1873.57442 10.091 10.053 10.081 10.089 10.093    0.023 0.070 0.029 0.025 0.027  A 815
   1875.56208 10.047 10.007 10.037 10.047 10.054    0.021 0.062 0.024 0.023 0.024  A 1132
   1877.56744 10.062 10.016 10.053 10.054 10.052    0.019 0.044 0.023 0.021 0.023  A 1456
   1879.55024 10.043 10.068 10.045 10.051 10.055    0.020 0.043 0.023 0.022 0.024  A 1762
   1886.58195 10.124 10.125 10.126 10.118 10.117    0.022 0.040 0.027 0.026 0.028  A 2559
   1888.59100 10.137 10.140 10.138 10.136 10.135    0.025 0.057 0.027 0.027 0.031  A 2883
   1900.60561 10.189 10.171 10.187 10.191 10.189    0.021 0.047 0.028 0.024 0.026  A 3339
   1904.53408 10.170 10.159 10.176 10.160 10.157    0.020 0.053 0.023 0.022 0.025  A 3784
   1907.55342 10.174 10.132 10.175 10.162 10.163    0.019 0.041 0.024 0.020 0.022  A 4276
   1915.53329 10.128 10.109 10.134 10.119 10.116    0.023 0.044 0.026 0.024 0.027  A 4885
   1920.54420 10.056 10.048 10.055 10.057 10.057    0.019 0.043 0.025 0.021 0.023  A 5423
   1924.52826  9.952  9.909  9.950  9.943  9.942    0.025 0.044 0.029 0.028 0.031  A 6062
   2031.92253 10.174 10.151 10.156 10.174 10.181    0.025 0.049 0.026 0.028 0.032  A 18140
   2034.91785 10.182 10.223 10.188 10.179 10.176    0.024 0.045 0.027 0.026 0.030  A 18777
   2039.89825 10.273 10.354 10.296 10.250 10.244    0.031 0.070 0.032 0.034 0.035  A 19350
   2040.93569 10.272 10.346 10.283 10.266 10.277    0.042 0.082 0.041 0.048 0.053  A 19591
   2053.86980 10.100 10.120 10.098 10.100 10.103    0.024 0.057 0.027 0.027 0.030  A 20125
   2054.94515 10.424 10.561 10.459 10.433 10.393    0.044 0.076 0.041 0.055 0.062  B 20383
   2056.90302 10.143 10.285 10.148 10.145 10.147    0.025 0.072 0.030 0.028 0.031  A 20813
   2067.85616 10.242 10.178 10.236 10.242 10.238    0.028 0.066 0.033 0.030 0.034  A 21945
   2068.85902 10.279 10.272 10.280 10.266 10.260    0.030 0.070 0.033 0.034 0.039  A 22172
   2069.85644 10.224 10.168 10.219 10.223 10.222    0.030 0.076 0.037 0.033 0.035  A 22394
   2070.86036 10.244 10.289 10.251 10.239 10.235    0.025 0.067 0.031 0.027 0.030  A 22615
   2080.85939  9.964  9.927  9.941  9.967  9.967    0.023 0.061 0.028 0.025 0.027  A 22995
   2082.90620  9.977 10.023  9.987  9.973  9.975    0.021 0.055 0.027 0.023 0.026  A 23481
   2085.90750  9.959  9.944  9.957  9.956  9.957    0.022 0.043 0.026 0.024 0.028  A 23936
   2087.86237  9.932  9.971  9.938  9.932  9.931    0.027 0.059 0.029 0.030 0.036  A 24361
   2088.92092  9.932  9.850  9.920  9.933  9.933    0.023 0.064 0.027 0.025 0.027  A 24615
   2093.88251 10.014 10.019 10.013 10.012 10.007    0.022 0.042 0.024 0.024 0.027  A 24881
   2094.82337 10.058 10.008 10.051 10.052 10.053    0.024 0.051 0.028 0.026 0.030  A 25080
   2103.91330 10.184 10.231 10.180 10.182 10.192    0.026 0.034 0.035 0.026 0.028  A 25927
   2104.84827 10.198 10.149 10.189 10.197 10.202    0.021 0.047 0.026 0.022 0.025  A 26099
   2105.83289 10.215 10.148 10.203 10.216 10.214    0.020 0.047 0.023 0.024 0.026  A 26315
   2106.85230 10.221 10.209 10.225 10.214 10.215    0.021 0.058 0.026 0.024 0.026  A 26526
   2113.85382 10.210 10.293 10.218 10.209 10.211    0.021 0.042 0.026 0.022 0.024  A 26642
   2115.76299 10.253 10.240 10.242 10.256 10.257    0.023 0.044 0.027 0.025 0.028  A 26919
   2116.80096 10.188 10.127 10.180 10.185 10.192    0.022 0.046 0.027 0.024 0.027  A 27158
   2117.80195 10.220 10.283 10.230 10.220 10.219    0.022 0.049 0.027 0.024 0.025  A 27377
   2130.84268 10.418 10.418 10.420 10.409 10.404    0.019 0.041 0.025 0.020 0.023  A 28458
   2131.76992 10.406 10.437 10.405 10.403 10.405    0.020 0.058 0.024 0.022 0.025  A 28627
   2132.77695 10.406 10.423 10.413 10.396 10.393    0.021 0.056 0.024 0.023 0.026  A 28842
   2133.76346 10.430 10.441 10.436 10.434 10.439    0.021 0.043 0.024 0.022 0.025  A 29052
   2134.76355 10.458 10.469 10.465 10.453 10.449    0.024 0.052 0.028 0.026 0.029  A 29266
   2135.76661 10.454 10.552 10.455 10.455 10.459    0.035 0.057 0.036 0.039 0.046  A 29482
   2136.76463 10.388 10.370 10.388 10.390 10.392    0.031 0.048 0.031 0.035 0.039  A 29695
   2141.74796 10.338 10.413 10.348 10.339 10.347    0.022 0.045 0.026 0.025 0.028  A 30442
   2143.74603 10.313 10.278 10.311 10.307 10.308    0.027 0.058 0.033 0.028 0.032  A 30846
   2144.73729 10.333 10.448 10.342 10.338 10.343    0.023 0.051 0.026 0.026 0.029  A 31047
   2145.73525 10.318 10.341 10.327 10.316 10.323    0.021 0.042 0.025 0.023 0.027  A 31250
   2164.69577 10.386 10.373 10.355 10.400 10.394    0.025 0.048 0.032 0.026 0.028  A 31932
   2167.67525 10.344 10.282 10.338 10.336 10.339    0.022 0.048 0.027 0.025 0.027  A 32113
   2168.68940 10.314 10.248 10.320 10.305 10.300    0.024 0.052 0.030 0.026 0.029  A 32287
   2169.70105 10.282 10.216 10.292 10.292 10.291    0.023 0.034 0.032 0.026 0.024  A 32445
   2171.67187 10.266 10.279 10.254 10.272 10.289    0.026 0.049 0.031 0.028 0.032  A 32616
   2174.66940 10.274 10.282 10.259 10.288 10.292    0.030 0.052 0.036 0.033 0.037  A 33166
   2175.66084 10.247 10.275 10.257 10.254 10.259    0.038 0.058 0.042 0.040 0.044  A 33307
   2177.64373 10.262 10.295 10.243 10.268 10.278    0.028 0.045 0.033 0.031 0.034  A 33428
   2178.64848 10.300 10.257 10.311 10.299 10.298    0.029 0.050 0.036 0.029 0.032  A 33605
   2185.69356 10.235 10.241 10.217 10.241 10.252    0.026 0.040 0.034 0.029 0.033  A 34290
   2186.68310 10.231 10.228 10.202 10.247 10.254    0.031 0.043 0.039 0.033 0.033  A 34400
   2188.66567 10.180 10.176 10.181 10.188 10.184    0.026 0.042 0.036 0.028 0.028  A 34703
   2190.61420 10.192 10.142 10.188 10.179 10.162    0.027 0.044 0.034 0.027 0.029  A 34928
   2191.64793 10.079 10.097 10.061 10.092 10.100    0.027 0.054 0.035 0.027 0.027  A 35118
   2192.63361 10.098 10.103 10.090 10.102 10.106    0.024 0.044 0.031 0.025 0.026  A 35286
   2193.63693 10.063 10.043 10.086 10.065 10.064    0.023 0.038 0.031 0.024 0.026  A 35470
   2194.63258 10.024 10.034  9.994 10.048 10.056    0.025 0.044 0.033 0.025 0.026  A 35647
   2195.63461 10.083 10.041 10.081 10.068 10.064    0.024 0.044 0.033 0.026 0.027  A 35825
   2196.63153 10.045  9.984 10.044 10.030 10.025    0.027 0.044 0.035 0.028 0.029  A 35956
   2197.63115 10.061  9.945 10.073 10.044 10.047    0.027 0.050 0.036 0.028 0.028  A 36140
   2198.62552 10.049 10.047 10.041 10.054 10.048    0.026 0.042 0.034 0.027 0.027  A 36309
   2199.62167 10.050 10.065 10.053 10.053 10.057    0.027 0.046 0.036 0.027 0.027  A 36487
   2201.61033 10.043 10.076 10.007 10.062 10.070    0.024 0.043 0.032 0.026 0.027  A 36731
   2202.62014 10.063 10.069 10.047 10.067 10.079    0.026 0.042 0.034 0.028 0.028  A 36903
   2203.60748 10.074 10.086 10.073 10.082 10.096    0.028 0.044 0.037 0.029 0.030  A 37071
   2204.60539 10.119 10.127 10.103 10.123 10.133    0.025 0.044 0.034 0.027 0.026  A 37197
   2205.60120 10.162 10.126 10.151 10.155 10.169    0.082 0.087 0.081 0.093 0.100  D 37327
   2206.60638 10.206 10.220 10.224 10.196 10.197    0.028 0.046 0.037 0.030 0.029  A 37473
   2207.59848 10.196 10.196 10.202 10.187 10.192    0.033 0.046 0.039 0.037 0.039  A 37642
   2213.62933 10.389 10.378 10.380 10.381 10.370    0.033 0.048 0.041 0.036 0.036  A 38084
   2214.59989 10.372 10.353 10.383 10.366 10.368    0.033 0.048 0.040 0.038 0.037  A 38219
   2215.59757 10.380 10.384 10.369 10.372 10.388    0.031 0.044 0.039 0.036 0.036  A 38385
   2216.59779 10.366 10.387 10.391 10.382 10.395    0.032 0.046 0.039 0.037 0.034  A 38555
   2219.56829 10.427 10.436 10.505 10.412 10.417    0.032 0.045 0.040 0.037 0.034  A 38883
   2221.57591 10.489 10.417 10.465 10.493 10.488    0.029 0.044 0.037 0.033 0.031  A 39003
   2222.58292 10.486 10.424 10.480 10.488 10.479    0.028 0.041 0.035 0.034 0.031  A 39161
   2224.57341 10.433 10.411 10.398 10.441 10.462    0.036 0.049 0.044 0.042 0.038  A 39318
   2248.54429 10.444 10.473 10.441 10.449 10.466    0.037 0.058 0.045 0.045 0.045  A 42457
   2250.60068 10.405 10.384 10.378 10.382 10.414    0.035 0.053 0.044 0.044 0.040  A 42839
   2252.58976 10.365 10.364 10.383 10.379 10.379    0.033 0.055 0.042 0.040 0.039  A 43158
   2254.59031 10.253 10.237 10.243 10.262 10.264    0.033 0.052 0.040 0.039 0.037  A 43450
   2256.58465 10.226 10.227 10.211 10.244 10.268    0.037 0.058 0.046 0.044 0.043  A 43764
   2258.58994 10.139 10.097 10.128 10.117 10.097    0.039 0.061 0.049 0.045 0.043  A 44090
   2271.54696  9.993 10.024 10.020  9.971 10.007    0.054 0.083 0.068 0.063 0.063  D 45526
   2442.86171 10.039 10.049 10.008 10.038 10.046    0.035 0.040 0.042 0.037 0.037  A 8584
   2446.84913 10.080 10.042 10.074 10.072 10.061    0.024 0.034 0.035 0.023 0.023  A 9348
   2465.85049 10.209 10.219 10.180 10.208 10.218    0.037 0.045 0.045 0.040 0.034  A 11152
   2466.87883 10.205 10.223 10.211 10.207 10.215    0.022 0.031 0.034 0.022 0.020  A 11383
   2467.83624 10.242 10.213 10.234 10.231 10.242    0.019 0.023 0.028 0.019 0.018  A 11583
   2468.87184 10.249 10.239 10.260 10.244 10.243    0.026 0.040 0.035 0.025 0.027  A 11815
   2470.81258 10.259 10.240 10.249 10.259 10.267    0.030 0.033 0.037 0.036 0.029  A 12072
   2471.89090 10.275 10.288 10.278 10.273 10.275    0.030 0.031 0.035 0.035 0.028  A 12585
   2473.82356 10.305 10.311 10.313 10.300 10.311    0.033 0.041 0.039 0.039 0.033  A 12764
   2481.81595 10.247 10.246 10.255 10.261 10.261    0.042 0.058 0.047 0.051 0.046  A 13026
   2486.79179 10.185 10.171 10.174 10.193 10.193    0.034 0.048 0.043 0.038 0.040  A 13390
   2489.76798 10.148 10.124 10.151 10.147 10.159    0.027 0.032 0.034 0.033 0.033  A 13904
   2490.79069 10.121 10.105 10.107 10.129 10.133    0.033 0.041 0.038 0.040 0.034  A 14132
   2493.78413 10.013 10.048 10.009 10.002 10.014    0.040 0.046 0.045 0.045 0.040  A 14537
   2495.72409  9.960  9.982  9.951  9.940  9.954    0.033 0.035 0.037 0.042 0.035  A 14838
   2496.76918  9.966  9.990  9.956  9.961  9.968    0.032 0.035 0.038 0.036 0.033  A 15068
   2498.76555  9.893  9.911  9.885  9.895  9.901    0.023 0.026 0.028 0.027 0.024  A 15492
   2499.76456  9.877  9.882  9.877  9.861  9.875    0.023 0.028 0.030 0.027 0.024  A 15701
   2501.76550  9.862  9.849  9.819  9.861  9.861    0.022 0.030 0.031 0.026 0.023  A 16064
   2502.75648  9.872  9.796  9.884  9.875  9.857    0.031 0.033 0.034 0.039 0.030  A 16272
   2503.75674  9.867  9.816  9.873  9.861  9.873    0.044 0.056 0.050 0.052 0.052  B 16476
   2520.69778  9.971  9.922  9.992  9.972  9.967    0.019 0.030 0.028 0.019 0.020  A 18225
   2526.78418  9.978  9.945  9.978  9.973  9.980    0.034 0.051 0.047 0.028 0.024  A 18904
   2529.68694  9.921  9.897  9.908  9.928  9.922    0.032 0.054 0.044 0.035 0.031  A 19097
   2539.79744  9.974  9.972  9.975  9.973  9.973    0.060 0.085 0.066 0.071 0.073  D 19587
   2540.84870 99.999 99.999 99.999 99.999 99.999    0.024 0.044 0.024 0.029 0.032  C 19799
   2544.83465 10.064 10.086 10.055 10.065 10.058    0.018 0.023 0.021 0.020 0.022  A 20065
   2548.66188 10.092 10.074 10.111 10.080 10.079    0.021 0.026 0.030 0.024 0.022  A 20602
   2549.83472 10.040 10.090 10.027 10.046 10.060    0.046 0.062 0.060 0.040 0.036  D 20861
   2553.60709 10.006 10.063  9.996 10.006 10.006    0.030 0.056 0.043 0.025 0.023  A 21311
   2554.69033  9.994 10.011  9.992  9.973  9.970    0.028 0.043 0.034 0.037 0.039  A 21530
   2556.71022  9.966 10.010  9.979  9.966  9.978    0.024 0.028 0.032 0.026 0.022  A 21721
   2558.72968  9.982  9.939  9.974  9.983  9.987    0.024 0.047 0.031 0.024 0.026  A 22085
   2559.68069  9.972  9.953  9.962  9.969  9.978    0.019 0.023 0.025 0.020 0.021  A 22245
   2560.67025  9.978  9.956  9.991  9.972  9.969    0.023 0.026 0.026 0.024 0.025  A 22419
   2561.65219  9.988 10.042  9.989  9.980  9.976    0.020 0.040 0.021 0.022 0.024  A 22559
   2562.65096  9.984 10.020  9.987  9.974  9.969    0.017 0.028 0.019 0.019 0.021  A 22739
   2568.54834  9.947  9.990  9.964  9.945  9.942    0.048 0.055 0.055 0.045 0.042  B 23563
   2578.69110 10.069 10.101 10.046 10.070 10.074    0.022 0.031 0.033 0.023 0.021  A 24968
   2623.59276 10.024 10.036 10.052 10.016 10.009    0.024 0.040 0.032 0.025 0.027  A 30112
   2625.62623 10.044 10.040  9.987 10.041 10.052    0.024 0.041 0.041 0.027 0.027  A 30409
   2635.57301 10.242 10.254 10.238 10.247 10.249    0.021 0.032 0.027 0.020 0.022  A 32200
   2637.59476 10.260 10.257 10.250 10.259 10.258    0.019 0.029 0.022 0.020 0.023  A 32501
   2639.59478 10.265 10.255 10.239 10.268 10.270    0.020 0.031 0.034 0.019 0.020  A 32809
   2641.60200 10.285 10.312 10.289 10.284 10.288    0.018 0.030 0.028 0.020 0.022  A 33095
   2643.59793 10.320 10.307 10.317 10.319 10.321    0.017 0.024 0.020 0.018 0.021  A 33405
   2649.54069 10.314 10.316 10.333 10.312 10.317    0.020 0.026 0.027 0.021 0.023  A 34086
   2651.55526 10.314 10.329 10.298 10.318 10.331    0.023 0.035 0.039 0.025 0.027  A 34402
   2653.57343 10.366 10.390 10.378 10.362 10.364    0.021 0.033 0.023 0.024 0.027  A 34717
   2657.54107 99.999 99.999 99.999 99.999 99.999    0.025 0.033 0.040 0.027 0.029  C 35386
   2659.55912 10.303 10.305 10.308 10.302 10.302    0.021 0.024 0.023 0.024 0.027  A 35736
   2661.55592 10.234 10.251 10.237 10.238 10.237    0.019 0.023 0.020 0.021 0.024  A 36077
   2663.55468 10.202 10.202 10.212 10.197 10.196    0.023 0.028 0.024 0.025 0.028  A 36415
   2668.53858 10.098 10.058 10.105 10.100 10.092    0.028 0.030 0.034 0.032 0.035  A 37233
   2671.52782 10.020 10.025 10.025 10.006 10.007    0.024 0.027 0.025 0.028 0.032  A 37715
   2676.52060  9.986  9.982  9.988  9.980  9.976    0.028 0.025 0.028 0.033 0.037  A 38585
   2764.92127 10.325 10.318 10.338 10.317 10.313    0.028 0.027 0.027 0.032 0.038  A 54370
   2786.89092 10.040 10.062 10.029 10.031 10.033    0.021 0.027 0.028 0.023 0.024  A 56676
   2809.86086 10.431 10.454 10.407 10.427 10.427    0.026 0.026 0.036 0.033 0.031  A 59599
   2813.83228 10.476 10.512 10.473 10.477 10.481    0.023 0.028 0.026 0.025 0.026  A 60495
   2819.93145 10.444 10.418 10.468 10.444 10.426    0.024 0.030 0.030 0.027 0.030  A 61415
   2829.93248 10.386 10.372 10.387 10.387 10.386    0.020 0.025 0.027 0.021 0.022  A 62410
   2831.84826 10.405 10.375 10.429 10.401 10.395    0.020 0.024 0.027 0.023 0.026  A 62820
   2836.87021 10.327 10.312 10.356 10.339 10.358    0.037 0.038 0.039 0.043 0.050  A 63773
   2840.89582 10.288 10.292 10.292 10.284 10.281    0.022 0.025 0.029 0.026 0.028  A 64440
   2843.83663 10.275 10.256 10.297 10.279 10.272    0.021 0.024 0.026 0.023 0.024  A 64995
   2851.87441 10.213 10.217 10.209 10.218 10.225    0.018 0.021 0.025 0.020 0.021  A 65541
   2854.75484 10.215 10.203 10.219 10.212 10.208    0.019 0.022 0.025 0.020 0.019  A 65931
   2859.77972 10.164 10.152 10.164 10.155 10.160    0.019 0.022 0.025 0.020 0.020  A 66600
   2861.76018 10.181 10.164 10.197 10.182 10.177    0.025 0.024 0.031 0.030 0.034  A 67013
   2867.82516 10.219 10.197 10.225 10.220 10.224    0.020 0.032 0.025 0.021 0.023  A 67840
   2872.80472 10.347 10.346 10.359 10.331 10.330    0.016 0.023 0.023 0.018 0.019  A 68230
   2875.81329 10.369 10.372 10.373 10.368 10.371    0.015 0.027 0.020 0.016 0.018  A 68625
   2877.77358 10.394 10.417 10.385 10.394 10.401    0.016 0.022 0.021 0.018 0.019  A 69005
   2880.74254 10.414 10.411 10.414 10.410 10.407    0.019 0.025 0.024 0.021 0.023  A 69408
   2883.77397 10.454 10.451 10.437 10.444 10.448    0.016 0.020 0.026 0.016 0.018  A 69677
   2885.70672 10.434 10.449 10.435 10.431 10.441    0.017 0.026 0.024 0.020 0.019  A 70054
   2886.81093 10.439 10.456 10.431 10.437 10.431    0.021 0.029 0.027 0.022 0.024  A 70310
   2890.81130 10.417 10.462 10.427 10.404 10.399    0.048 0.067 0.045 0.060 0.074  D 70577
   2894.75137 10.355 10.368 10.353 10.347 10.349    0.023 0.028 0.028 0.025 0.028  A 71122
   2896.70799 10.318 10.337 10.337 10.318 10.314    0.023 0.025 0.027 0.024 0.026  A 71500
   2898.70243 10.276 10.263 10.289 10.277 10.283    0.018 0.044 0.019 0.019 0.021  A 71896
   2903.77868 10.150 10.179 10.143 10.148 10.147    0.018 0.023 0.025 0.019 0.020  A 72724
   2905.75465 10.132 10.127 10.132 10.126 10.129    0.015 0.024 0.021 0.016 0.018  A 73029
   2908.69074 10.091 10.078 10.110 10.089 10.080    0.017 0.023 0.025 0.018 0.019  A 73432
   2910.72233 10.092 10.073 10.121 10.088 10.073    0.022 0.025 0.034 0.026 0.023  A 73758
   2915.66246 10.080 10.076 10.084 10.076 10.076    0.018 0.026 0.023 0.019 0.020  A 74394
   2916.75223 10.152 10.130 10.191 10.150 10.133    0.034 0.038 0.051 0.035 0.033  A 74625
   2922.67518 10.260 10.248 10.280 10.259 10.249    0.025 0.026 0.029 0.029 0.032  A 75284
   2924.74058 10.834 11.113 11.013 10.714 10.654    0.032 0.032 0.038 0.034 0.039  A 75669
   2927.67034 10.410 10.428 10.421 10.401 10.404    0.018 0.020 0.025 0.020 0.022  A 76015
   2929.67628 10.442 10.460 10.457 10.435 10.438    0.020 0.024 0.027 0.023 0.023  A 76374
   2931.68252 10.497 10.505 10.518 10.494 10.494    0.020 0.021 0.027 0.021 0.023  A 76737
   2933.67224 10.492 10.502 10.466 10.482 10.484    0.021 0.023 0.030 0.022 0.024  A 77087
   2935.66700 10.483 10.470 10.494 10.482 10.481    0.022 0.023 0.034 0.026 0.024  A 77445
   2937.67388 10.461 10.444 10.464 10.463 10.460    0.021 0.024 0.027 0.024 0.026  A 77718
   2940.70017 10.392 10.389 10.386 10.393 10.396    0.018 0.023 0.020 0.019 0.021  A 78028
   2942.62084 10.351 10.399 10.318 10.354 10.355    0.026 0.039 0.028 0.029 0.033  A 78194
   2943.66509 10.332 10.312 10.335 10.329 10.329    0.018 0.029 0.020 0.020 0.022  A 78373
   2944.77653 10.262 10.311 10.273 10.267 10.258    0.040 0.037 0.041 0.044 0.049  A 78585
   2949.59927 10.223 10.223 10.225 10.207 10.200    0.045 0.042 0.041 0.049 0.053  B 79267
   2950.73448 10.256 10.229 10.259 10.249 10.246    0.027 0.025 0.027 0.033 0.040  A 79483
   2953.56081 10.192 10.182 10.168 10.187 10.192    0.027 0.034 0.028 0.030 0.036  A 79801
   2955.57480 10.163 10.180 10.134 10.160 10.160    0.019 0.023 0.027 0.021 0.025  A 80062
   2957.58122 10.111 10.118 10.093 10.108 10.113    0.031 0.034 0.034 0.035 0.042  A 80353
   2959.58084 10.129 10.146 10.113 10.143 10.137    0.033 0.035 0.032 0.039 0.044  A 80643
   2961.57621 10.101 10.138 10.085 10.096 10.095    0.019 0.029 0.021 0.021 0.023  A 80897
   2963.59269 10.096 10.096 10.107 10.088 10.088    0.019 0.023 0.023 0.022 0.025  A 81182
   2965.61286 10.068 10.074 10.045 10.069 10.064    0.030 0.031 0.031 0.037 0.045  A 81476
   2967.60322 10.072 10.089 10.082 10.057 10.062    0.061 0.062 0.062 0.062 0.064  D 81754
   2969.58384 10.062 10.069 10.045 10.061 10.066    0.022 0.027 0.024 0.024 0.026  A 82029
   2971.60882 10.071 10.053 10.071 10.069 10.070    0.020 0.026 0.022 0.023 0.026  A 82234
   2976.54617 10.083 10.094 10.080 10.083 10.089    0.020 0.024 0.026 0.023 0.027  A 82815
   2978.58586 10.147 10.158 10.147 10.138 10.136    0.022 0.025 0.023 0.025 0.029  A 83108
   2980.61991 10.149 10.179 10.134 10.153 10.148    0.026 0.026 0.024 0.030 0.035  A 83370
   2982.62909 10.153 10.141 10.139 10.159 10.172    0.037 0.033 0.034 0.047 0.058  B 83647
   2984.62792 10.196 10.209 10.210 10.194 10.200    0.023 0.030 0.026 0.027 0.029  A 83903
   2989.61361 10.229 10.250 10.224 10.221 10.226    0.020 0.027 0.022 0.023 0.025  A 84514
   2991.62995 10.238 10.228 10.250 10.233 10.228    0.021 0.025 0.023 0.024 0.028  A 84777
   2994.59241 10.274 10.242 10.283 10.269 10.261    0.020 0.025 0.022 0.020 0.024  A 85165
   2996.63299 10.238 10.261 10.247 10.239 10.234    0.022 0.025 0.025 0.024 0.028  A 85443
   2998.62410 10.242 10.235 10.249 10.235 10.235    0.020 0.024 0.023 0.024 0.026  A 85715
   3006.56906 10.120 10.145 10.122 10.129 10.136    0.023 0.027 0.024 0.027 0.031  A 86562
   3008.60268 10.075 10.076 10.089 10.078 10.073    0.030 0.030 0.028 0.038 0.045  A 86829
   3011.57598 10.013 10.021 10.017 10.013 10.006    0.031 0.029 0.030 0.038 0.043  A 87225
   3013.58634  9.981  9.983  9.972  9.991  9.996    0.026 0.031 0.026 0.031 0.036  A 87493
   3017.57367  9.930  9.934  9.935  9.933  9.929    0.022 0.023 0.024 0.025 0.027  A 87851
   3019.57781  9.860  9.852  9.880  9.856  9.853    0.022 0.023 0.024 0.025 0.028  A 88118
   3025.54693  9.876  9.857  9.874  9.874  9.875    0.022 0.025 0.023 0.024 0.027  A 88393
   3157.91936 10.544 10.506 10.555 10.535 10.533    0.050 0.053 0.051 0.053 0.057  B 104324
   3163.91547 10.406 10.416 10.376 10.410 10.426    0.024 0.029 0.027 0.028 0.033  A 105118
   3168.90872 10.220 10.222 10.229 10.231 10.233    0.031 0.030 0.030 0.037 0.044  A 105844
   3180.90318 10.061 10.054 10.080 10.051 10.057    0.021 0.027 0.024 0.023 0.025  A 107433
   3185.87352 10.068 10.041 10.076 10.068 10.070    0.028 0.032 0.029 0.032 0.037  A 108014
   3189.89297 10.168 10.192 10.171 10.159 10.166    0.035 0.036 0.034 0.042 0.048  A 108515
   3194.92617 10.292 10.295 10.251 10.296 10.290    0.025 0.040 0.033 0.027 0.032  A 109158
   3276.79613 10.104 10.047 10.117 10.093 10.092    0.035 0.052 0.037 0.041 0.047  A 116618
   3279.64875 10.097 10.064 10.076 10.094 10.093    0.026 0.053 0.033 0.028 0.031  A 116971
   3281.75974 10.070 10.054 10.064 10.067 10.069    0.080 0.064 0.076 0.083 0.088  D 117229
   3291.82450  9.869  9.880  9.856  9.878  9.881    0.023 0.038 0.033 0.024 0.025  A 118200
   3295.60526  9.901  9.855  9.893  9.898  9.902    0.054 0.055 0.058 0.056 0.057  D 118514
   3298.63530  9.964  9.896  9.968  9.957  9.962    0.021 0.044 0.029 0.024 0.027  A 118802
   3326.57149 10.392 10.478 10.399 10.383 10.377    0.032 0.056 0.034 0.033 0.036  A 121087
   3358.60222 10.344 10.346 10.360 10.336 10.330    0.037 0.072 0.042 0.039 0.041  A 124688
   3365.58141 10.440 10.488 10.446 10.438 10.423    0.030 0.052 0.031 0.034 0.040  A 125039
   3382.59223 10.282 10.199 10.280 10.281 10.279    0.034 0.077 0.038 0.037 0.041  A 125612
   3386.53250 10.157 10.185 10.150 10.169 10.172    0.029 0.040 0.030 0.032 0.037  A 126134
   3388.56373 10.179 10.226 10.181 10.166 10.167    0.035 0.081 0.043 0.037 0.040  A 126423
   3396.54077 10.108 10.178 10.114 10.104 10.106    0.054 0.059 0.050 0.068 0.083  D 127345
   3399.53140 10.065 10.084 10.077 10.063 10.061    0.027 0.044 0.027 0.030 0.036  A 127731
   3403.52843 10.113 10.141 10.114 10.114 10.108    0.024 0.034 0.022 0.029 0.034  A 128212
   3406.52651 10.162 10.147 10.156 10.157 10.158    0.027 0.050 0.031 0.030 0.033  A 128681
   3511.92522 10.177 10.154 10.175 10.178 10.179    0.021 0.037 0.024 0.022 0.026  A 143770
   3523.89701 10.281 10.219 10.275 10.285 10.284    0.047 0.069 0.047 0.051 0.051  B 145277
   3541.89261 10.435 10.381 10.428 10.422 10.427    0.025 0.048 0.028 0.029 0.033  A 147327
   3544.90534 10.433 10.482 10.440 10.442 10.449    0.033 0.072 0.037 0.037 0.040  A 147790
   3552.88077 99.999 10.444 10.434 99.999 99.999    0.029 0.036 0.029 0.034 0.038  C 148549
   3555.88234 10.458 10.411 10.438 10.462 10.461    0.026 0.055 0.031 0.028 0.032  A 149006
   3559.88277 10.492 10.486 10.485 10.494 10.482    0.045 0.047 0.040 0.056 0.068  B 149489
   3562.86525 10.472 10.437 10.456 10.479 10.487    0.027 0.048 0.031 0.029 0.031  A 149981
   3569.89653 10.397 10.377 10.388 10.405 10.411    0.024 0.038 0.033 0.027 0.030  A 150661
   3569.92126 10.408 10.414 10.419 10.410 10.409    0.024 0.036 0.030 0.026 0.029  A 150670
   3572.83845 10.385 10.390 10.379 10.376 10.370    0.025 0.031 0.030 0.029 0.032  A 151017
   3577.88064 10.364 10.331 10.360 10.365 10.370    0.033 0.072 0.037 0.040 0.047  A 151886
   3581.90337 10.388 10.360 10.376 10.390 10.395    0.020 0.030 0.023 0.023 0.025  A 152540
   3584.79718 10.376 10.355 10.364 10.376 10.379    0.021 0.041 0.023 0.023 0.026  A 153059
   3587.78632 10.376 10.396 10.373 10.388 10.400    0.023 0.036 0.027 0.027 0.031  A 153574
   3590.79659 10.391 10.412 10.400 10.386 10.387    0.021 0.035 0.024 0.023 0.025  A 154066
   3595.78964 10.369 10.384 10.374 10.366 10.362    0.059 0.070 0.053 0.074 0.088  D 154871
   3597.79672 10.391 10.400 10.382 10.390 10.379    0.027 0.064 0.033 0.030 0.033  A 155182
   3600.86442 10.377 10.373 10.386 10.372 10.372    0.033 0.041 0.033 0.041 0.050  A 155463
   3617.75050 10.280 10.293 10.266 10.283 10.282    0.029 0.049 0.033 0.033 0.038  A 157171
   3620.70432 10.260 10.402 10.280 10.265 10.273    0.037 0.081 0.043 0.040 0.044  A 157610
   3622.75644 10.283 10.203 10.268 10.287 10.283    0.027 0.055 0.034 0.028 0.031  A 157942
   3625.76573 10.227 10.250 10.224 10.229 10.232    0.027 0.042 0.030 0.029 0.033  A 158209
   3628.72297 10.222 10.195 10.221 10.223 10.228    0.026 0.033 0.032 0.027 0.030  A 158478
   3631.84199 10.209 10.283 10.218 10.202 10.194    0.033 0.042 0.034 0.039 0.045  A 159022
   3634.67808 10.239 10.253 10.236 10.242 10.252    0.028 0.038 0.029 0.034 0.040  A 159387
   3636.80618 10.274 10.256 10.268 10.269 10.270    0.030 0.031 0.033 0.034 0.037  A 159638
   3639.65818 10.306 10.238 10.292 10.302 10.302    0.029 0.044 0.034 0.032 0.035  A 159943
   3641.84444 10.334 10.386 10.346 10.318 10.317    0.025 0.040 0.029 0.026 0.029  A 160243
   3644.65409 10.280 10.257 10.277 10.272 10.273    0.037 0.072 0.039 0.043 0.049  A 160612
   3647.83422 10.274 10.262 10.257 10.278 10.277    0.021 0.026 0.027 0.023 0.024  A 160940
   3650.62707 10.239 10.230 10.239 10.237 10.238    0.021 0.029 0.024 0.022 0.025  A 161306
   3652.67408 10.238 10.245 10.237 10.248 10.250    0.028 0.051 0.032 0.032 0.035  A 161615
   3654.67273 10.261 10.290 10.262 10.268 10.274    0.028 0.055 0.030 0.032 0.036  A 161891
   3656.66074 10.248 10.202 10.244 10.245 10.248    0.027 0.060 0.032 0.030 0.034  A 162185
   3659.65837 10.277 10.256 10.263 10.286 10.291    0.028 0.035 0.028 0.031 0.038  A 162638
   3661.69001 10.347 10.369 10.353 10.329 10.319    0.028 0.039 0.030 0.032 0.037  A 162952
   3663.70313 10.331 10.413 10.345 10.330 10.323    0.032 0.068 0.039 0.035 0.039  A 163234
   3665.75649 10.324 10.318 10.315 10.322 10.317    0.028 0.063 0.033 0.030 0.034  A 163543
   3669.67037 10.347 10.334 10.353 10.345 10.348    0.021 0.030 0.027 0.022 0.024  A 163985
   3671.78892 10.367 10.366 10.342 10.369 10.372    0.028 0.039 0.033 0.032 0.035  A 164308
   3674.61045 10.360 10.323 10.345 10.360 10.354    0.028 0.070 0.034 0.029 0.031  A 164681
   3676.63330 10.404 10.411 10.399 10.406 10.408    0.024 0.065 0.031 0.026 0.029  A 164973
   3680.56409 10.355 10.324 10.350 10.352 10.360    0.020 0.032 0.022 0.022 0.025  A 165326
   3701.59595 10.188 10.204 10.188 10.185 10.185    0.043 0.085 0.045 0.050 0.057  B 168161
   3704.58802 10.169 10.167 10.161 10.168 10.163    0.036 0.089 0.044 0.037 0.040  D 168552
   3707.57176 10.280 10.294 10.278 10.269 10.267    0.031 0.077 0.039 0.032 0.034  A 168958
   3714.53902 10.265 10.301 10.269 10.262 10.260    0.028 0.058 0.031 0.030 0.034  A 169656
   3716.59128 10.253 10.289 10.251 10.258 10.262    0.024 0.036 0.027 0.029 0.033  A 169931
   3718.65598 10.228 10.215 10.231 10.229 10.220    0.031 0.036 0.030 0.038 0.045  A 170207
   3721.61951 10.235 10.329 10.251 10.237 10.243    0.036 0.080 0.042 0.039 0.044  A 170564
   3724.59729 10.204 10.318 10.222 10.200 10.198    0.036 0.086 0.042 0.038 0.041  A 170861
   3727.58154 10.178 10.203 10.182 10.180 10.184    0.036 0.041 0.034 0.041 0.046  A 171255
   3730.62870 10.081 10.067 10.085 10.087 10.089    0.034 0.036 0.032 0.039 0.044  A 171549
   3734.56587 10.082 10.128 10.087 10.074 10.067    0.030 0.042 0.030 0.037 0.045  A 172050
   3737.56045  9.976  9.963  9.975  9.980  9.991    0.034 0.080 0.039 0.036 0.039  A 172461
   3741.57713  9.990  9.943  9.978  9.996  9.999    0.030 0.053 0.032 0.033 0.035  A 173008
   3744.58545 10.022 10.058 10.017 10.021 10.019    0.027 0.045 0.029 0.030 0.034  A 173396
   3748.55964 10.037 10.049 10.047 10.035 10.041    0.037 0.068 0.039 0.044 0.050  A 173929
   3752.57103 10.106 10.100 10.123 10.097 10.081    0.035 0.038 0.034 0.042 0.050  A 174495
   3755.54396 10.119 10.120 10.116 10.123 10.132    0.027 0.044 0.029 0.033 0.038  A 174889
   3758.54152 10.103 10.154 10.105 10.107 10.111    0.024 0.040 0.023 0.028 0.031  A 175311
   3761.54569 10.063 10.078 10.057 10.065 10.068    0.035 0.044 0.033 0.041 0.048  A 175709
   3764.53113 10.048  9.996 10.040 10.042 10.038    0.032 0.049 0.028 0.039 0.046  A 176119
   3768.52305  9.988  9.932  9.985  9.991  9.991    0.037 0.072 0.039 0.043 0.050  A 176675
   3866.92001  9.975 10.006  9.978  9.971  9.971    0.025 0.037 0.025 0.030 0.033  A 189977
   3871.92376  9.981 10.005  9.986  9.981  9.980    0.028 0.042 0.028 0.034 0.040  A 190839
   3889.89263 10.182 10.188 10.179 10.184 10.183    0.026 0.046 0.031 0.029 0.031  A 193076
   3892.90796 10.222 10.246 10.222 10.222 10.226    0.022 0.042 0.028 0.024 0.027  A 193617
   3898.92579 10.254 10.226 10.246 10.253 10.247    0.028 0.063 0.032 0.033 0.037  A 194450
   3902.90398 10.230 10.259 10.232 10.223 10.225    0.026 0.037 0.029 0.029 0.034  A 195124
   3906.87955 10.195 10.260 10.201 10.193 10.190    0.024 0.041 0.027 0.028 0.031  A 195874
   3913.92766 10.095 10.194 10.112 10.085 10.089    0.033 0.058 0.033 0.035 0.038  A 197033
   4091.59391 10.120 10.051 10.108 10.124 10.129    0.037 0.090 0.044 0.038 0.041  D 209368
   4103.58249 10.140 10.072 10.148 10.136 10.149    0.036 0.074 0.043 0.039 0.045  A 210573
   4106.57508 10.127 10.157 10.134 10.130 10.134    0.030 0.049 0.031 0.032 0.035  A 210939
   4109.59365 10.117 10.190 10.133 10.119 10.124    0.032 0.086 0.039 0.033 0.035  A 211231
   4127.53615 10.252 10.204 10.248 10.243 10.247    0.047 0.039 0.044 0.050 0.053  B 211762
   4133.53662 10.246 10.213 10.239 10.251 10.239    0.033 0.039 0.031 0.041 0.048  A 212552
   4137.52057 10.242 10.268 10.253 10.234 10.238    0.035 0.061 0.037 0.039 0.044  A 213092
   4231.92543 10.022 10.006 10.008 10.033 10.032    0.075 0.061 0.065 0.085 0.090  D 223974
   4256.89643 10.234 10.221 10.237 10.245 10.253    0.033 0.036 0.035 0.039 0.046  A 227342
   4273.88792 10.341 10.309 10.319 10.354 10.355    0.034 0.045 0.038 0.038 0.041  A 228582
   4278.91045 10.300 10.317 10.296 10.302 10.310    0.031 0.037 0.031 0.034 0.039  A 229229
   4284.92115 10.336 10.333 10.341 10.344 10.342    0.027 0.044 0.034 0.029 0.032  A 229903
   4292.86115 10.371 10.353 10.342 10.375 10.381    0.039 0.076 0.049 0.038 0.040  A 230952
   4295.86012 10.409 10.389 10.416 10.397 10.398    0.030 0.036 0.035 0.031 0.033  A 231471
   4298.85082 10.403 10.361 10.408 10.401 10.397    0.038 0.045 0.041 0.045 0.053  A 232001
   4301.80757 10.363 10.353 10.360 10.368 10.363    0.032 0.058 0.041 0.032 0.036  A 232528
   4303.84870 10.364 10.326 10.375 10.370 10.374    0.028 0.045 0.036 0.031 0.033  A 232841
   4305.86308 10.312 10.331 10.308 10.309 10.305    0.025 0.039 0.032 0.028 0.030  A 233210
   4307.81107 10.283 10.262 10.269 10.284 10.282    0.027 0.059 0.034 0.028 0.031  A 233537
   4309.82354 10.266 10.252 10.262 10.260 10.256    0.051 0.047 0.049 0.053 0.056  B 233854
   4311.83446 10.251 10.247 10.241 10.261 10.268    0.043 0.048 0.043 0.048 0.052  A 234125
   4314.89540 10.202 10.188 10.187 10.201 10.193    0.045 0.057 0.047 0.048 0.050  B 234467
   4329.85306 10.319 10.300 10.321 10.313 10.318    0.035 0.048 0.040 0.038 0.041  A 235213
   4331.80846 10.406 10.414 10.398 10.400 10.389    0.072 0.067 0.072 0.076 0.081  D 235556
   4333.76776 10.244 10.205 10.248 10.248 10.249    0.029 0.042 0.035 0.030 0.032  A 235901
   4336.76699 10.282 10.255 10.260 10.290 10.295    0.061 0.058 0.057 0.070 0.078  D 236246
   4339.74174 10.299 10.251 10.281 10.303 10.337    0.087 0.081 0.079 0.099 0.106  D 236624
   4342.78631 10.181 10.147 10.177 10.169 10.165    0.046 0.048 0.047 0.052 0.058  B 237151
   4346.81947 10.253 10.204 10.229 10.256 10.274    0.049 0.064 0.051 0.051 0.053  B 237841
   4348.81995 10.276 10.213 10.279 10.270 10.281    0.034 0.057 0.039 0.036 0.040  A 238196
   4351.70396 10.311 10.291 10.302 10.304 10.300    0.040 0.043 0.039 0.046 0.054  A 238619
   4353.83351 10.323 10.384 10.318 10.330 10.333    0.025 0.050 0.033 0.027 0.030  A 238924
   4356.69892 10.380 10.348 10.403 10.375 10.369    0.025 0.035 0.029 0.028 0.033  A 239365
   4358.84053 10.345 10.365 10.318 10.354 10.359    0.033 0.040 0.037 0.033 0.035  A 239697
   4361.67972 10.386 10.377 10.379 10.394 10.405    0.030 0.050 0.037 0.032 0.034  A 240039
   4363.70595 10.411 10.438 10.399 10.415 10.421    0.024 0.032 0.032 0.025 0.027  A 240361
   4365.69576 10.421 10.429 10.417 10.415 10.413    0.025 0.033 0.032 0.028 0.032  A 240669
   4367.77510 10.490 10.466 10.468 10.488 10.487    0.034 0.049 0.040 0.038 0.044  A 240891
   4369.73517 10.511 10.496 10.503 10.507 10.504    0.041 0.046 0.043 0.040 0.048  A 241175
   4371.75679 10.528 10.483 10.527 10.532 10.537    0.030 0.051 0.033 0.035 0.040  A 241512
   4373.77313 10.583 10.569 10.591 10.567 10.562    0.031 0.054 0.037 0.033 0.038  A 241811
   4376.76542 10.625 10.644 10.630 10.622 10.622    0.034 0.042 0.036 0.039 0.045  A 242166
   4379.63965 10.677 10.635 10.683 10.675 10.668    0.025 0.041 0.031 0.027 0.032  A 242573
   4381.68860 10.605 10.601 10.587 10.609 10.606    0.035 0.045 0.036 0.039 0.043  A 242890
   4383.77836 10.588 10.586 10.588 10.576 10.581    0.038 0.052 0.041 0.041 0.044  A 243225
   4385.72666 10.532 10.533 10.513 10.545 10.544    0.026 0.059 0.036 0.027 0.029  A 243522
   4387.79087 10.532 10.521 10.505 10.536 10.534    0.025 0.041 0.032 0.027 0.028  A 243859
   4393.68164 10.404 10.416 10.410 10.392 10.385    0.042 0.071 0.046 0.050 0.059  B 244663
   4399.69332 10.403 10.475 10.414 10.404 10.406    0.034 0.042 0.036 0.039 0.048  A 244851
   4402.70051 10.410 10.418 10.419 10.410 10.413    0.031 0.045 0.037 0.034 0.038  A 245135
   4406.65145 10.372 10.369 10.388 10.374 10.375    0.029 0.050 0.036 0.032 0.035  A 245436
   4408.67880 10.363 10.332 10.364 10.360 10.370    0.024 0.035 0.028 0.027 0.031  A 245743
   4411.64785 10.325 10.408 10.346 10.320 10.323    0.043 0.074 0.046 0.045 0.044  A 246099
   4420.56394 10.244 10.161 10.238 10.238 10.235    0.037 0.057 0.041 0.041 0.046  A 246435
   4422.63666 10.246 10.234 10.249 10.249 10.257    0.027 0.052 0.033 0.029 0.033  A 246655
   4426.63296 10.231 10.263 10.232 10.226 10.230    0.043 0.079 0.047 0.049 0.057  B 246946
   4431.58401 10.235 10.244 10.239 10.232 10.234    0.027 0.039 0.031 0.030 0.036  A 247514
   4433.66401 10.226 10.165 10.221 10.234 10.235    0.033 0.057 0.036 0.038 0.045  A 247802
   4436.60202 10.249 10.215 10.253 10.251 10.249    0.029 0.063 0.036 0.031 0.033  A 248144
   4438.66939 10.247 10.200 10.246 10.246 10.255    0.035 0.047 0.036 0.039 0.043  A 248416
   4441.60078 10.256 10.316 10.254 10.253 10.252    0.038 0.130 0.047 0.039 0.040  D 248768
   4444.60649 10.260 10.321 10.274 10.254 10.255    0.033 0.062 0.040 0.034 0.037  A 249075
   4454.59892 10.301 10.315 10.302 10.302 10.308    0.046 0.056 0.041 0.052 0.059  B 250225
   4457.58583 10.262 10.257 10.262 10.258 10.252    0.041 0.053 0.041 0.048 0.057  B 250549
   4460.58454 10.311 10.302 10.304 10.313 10.321    0.025 0.039 0.030 0.030 0.035  A 250895
   4463.56545 10.299 10.276 10.305 10.294 10.296    0.026 0.051 0.037 0.029 0.032  A 251284
   4466.57076 10.309 10.309 10.308 10.308 10.301    0.032 0.039 0.033 0.037 0.042  A 251621
   4469.56163 10.298 10.266 10.291 10.300 10.303    0.028 0.039 0.031 0.032 0.037  A 251955
   4473.58839 10.273 10.221 10.260 10.271 10.270    0.040 0.060 0.040 0.045 0.047  A 252347
   4476.58338 10.279 10.262 10.281 10.274 10.278    0.040 0.065 0.042 0.043 0.047  A 252625
   4479.56095 10.164 10.147 10.159 10.157 10.160    0.099 0.082 0.095 0.103 0.107  D 252990
   4482.56604 10.182 10.190 10.184 10.177 10.176    0.034 0.060 0.038 0.039 0.044  A 253303
   4486.55034 10.109 10.143 10.099 10.118 10.131    0.034 0.043 0.035 0.039 0.046  A 253680
   4489.54627 10.095 10.131 10.114 10.086 10.085    0.030 0.052 0.035 0.036 0.041  A 254031
   4492.54210 10.027 10.041 10.037 10.017 10.019    0.044 0.059 0.047 0.045 0.045  A 254367
   4498.52690 10.031 10.043 10.003 10.034 10.035    0.025 0.038 0.030 0.029 0.033  A 254868
   4501.52631 10.041 10.035 10.040 10.040 10.046    0.044 0.075 0.046 0.051 0.063  B 255249
#dataset= 3 ; 2 F0032-24_199
#desig= 002024-2323.1
#cra=    0.340099  00:20:24.4
#cdec= -23.385464 -23:23:07.7
#class= 0
#cmag_0= 10.924
#cmer_0=  0.000
#nskip_0= 0
#cmag_1= 10.936
#cmer_1=  0.000
#nskip_1= 0
#cmag_2= 10.762
#cmer_2=  0.000
#nskip_2= 0
#cmag_3= 10.591
#cmer_3=  0.000
#nskip_3= 0
#cmag_4= 10.575
#cmer_4=  0.000
#nskip_4= 0
#ra=    0.340099  00:20:24.4
#dec= -23.385464 -23:23:07.7
#     HJD      MAG_2  MAG_0  MAG_1  MAG_3  MAG_4    MER_2 MER_0 MER_1 MER_3 MER_4 GRADE FRAME
   2924.74058 10.763 10.925 10.936 10.592 10.576    0.032 0.032 0.038 0.034 0.039  A 75669
#ndata= 3
#dataset= 4 ; 1 F0032-16_244
#desig= 002023-2323.0
#cra=    0.339770  00:20:23.2
#cdec= -23.383288 -23:22:59.8
#class= 0
#cmag_0= 10.384
#cmer_0=  0.263
#nskip_0= 0
#cmag_1= 10.353
#cmer_1=  0.231
#nskip_1= 0
#cmag_2= 10.323
#cmer_2=  0.216
#nskip_2= 0
#cmag_3= 10.301
#cmer_3=  0.202
#nskip_3= 0
#cmag_4= 10.290
#cmer_4=  0.203
#nskip_4= 0
#ra=    0.339770  00:20:23.2
#dec= -23.383288 -23:22:59.8
#     HJD      MAG_2  MAG_0  MAG_1  MAG_3  MAG_4    MER_2 MER_0 MER_1 MER_3 MER_4 GRADE FRAME
   2040.93749 29.999 29.999 29.999 29.999 29.999    0.047 0.078 0.044 0.056 0.067  C 19592
   3366.57536 10.475 10.570 10.516 10.443 10.434    0.051 0.078 0.049 0.058 0.062  B 125152
   3387.53490 10.172 10.201 10.192 10.160 10.149    0.031 0.043 0.032 0.035 0.041  A 126283
