#ndata= 3
#dataset= 1 ; 1 F0000-80_006
#desig= 002259-7207.0
#cra=    0.383117  00:22:59.2
#cdec= -72.116258 -72:06:58.5
#class= 0
#cmag_0= 11.816
#cmer_0=  0.086
#nskip_0= 0
#cmag_1= 11.822
#cmer_1=  0.130
#nskip_1= 0
#cmag_2= 11.751
#cmer_2=  0.118
#nskip_2= 0
#cmag_3= 11.669
#cmer_3=  0.131
#nskip_3= 0
#cmag_4= 11.621
#cmer_4=  0.103
#nskip_4= 0
#ra=    0.383117  00:22:59.2
#dec= -72.116258 -72:06:58.5
#     HJD      MAG_1  MAG_0  MAG_2  MAG_3  MAG_4    MER_1 MER_0 MER_2 MER_3 MER_4 GRADE FRAME
   2122.75720 11.729 11.766 11.669 11.575 11.534    0.039 0.060 0.035 0.039 0.043  A 27490
   2137.72049 11.824 11.795 11.749 11.673 11.650    0.030 0.048 0.028 0.032 0.035  A 29876
   2140.71842 11.915 11.887 11.838 11.762 11.680    0.038 0.066 0.033 0.037 0.041  B 30218
#ndata= 444
#dataset= 2 ; 1 F0000-72_018
#desig= 002256-7207.0
#cra=    0.382317  00:22:56.3
#cdec= -72.116331 -72:06:58.8
#class= 0
#cmag_0= 11.766
#cmer_0=  0.239
#nskip_0= 1
#cmag_1= 11.760
#cmer_1=  0.228
#nskip_1= 3
#cmag_2= 11.785
#cmer_2=  0.229
#nskip_2= 2
#cmag_3= 11.787
#cmer_3=  0.230
#nskip_3= 2
#cmag_4= 11.744
#cmer_4=  0.228
#nskip_4= 7
#ra=    0.382317  00:22:56.3
#dec= -72.116331 -72:06:58.8
#     HJD      MAG_1  MAG_0  MAG_2  MAG_3  MAG_4    MER_1 MER_0 MER_2 MER_3 MER_4 GRADE FRAME
   1868.53668 11.715 11.643 11.809 11.851 11.803    0.036 0.070 0.031 0.033 0.036  A 38
   1870.52171 11.708 11.663 11.789 11.814 11.817    0.031 0.048 0.028 0.030 0.032  A 354
   1872.58069 11.786 11.777 11.839 11.877 11.904    0.025 0.044 0.023 0.026 0.029  A 659
   1874.53078 11.793 11.785 11.872 11.909 11.874    0.036 0.077 0.031 0.033 0.034  A 962
   1876.54833 11.718 11.728 11.707 11.662 11.623    0.028 0.055 0.025 0.026 0.029  A 1288
   1878.53792 11.835 11.828 11.876 11.891 11.852    0.031 0.050 0.028 0.031 0.035  A 1601
   1884.52234 11.768 11.799 11.794 11.864 11.933    0.036 0.065 0.036 0.041 0.047  A 2214
   1886.57003 11.799 11.841 11.827 11.825 11.813    0.029 0.044 0.024 0.026 0.031  A 2555
   1888.58380 11.748 11.803 11.754 11.723 11.793    0.033 0.063 0.029 0.031 0.035  A 2881
   1900.58557 11.798 11.806 11.795 11.758 11.725    0.032 0.045 0.028 0.029 0.033  A 3331
   1903.60469 11.986 11.902 12.141 12.264 12.316    0.032 0.049 0.027 0.028 0.029  A 3655
   1906.54886 11.988 11.928 12.045 12.054 12.057    0.027 0.042 0.023 0.024 0.027  A 4115
   1914.59058 11.851 11.881 11.806 11.769 11.731    0.032 0.049 0.026 0.028 0.032  A 4750
   1919.59862 11.928 11.948 11.980 12.027 12.012    0.036 0.041 0.030 0.034 0.038  A 5287
   1923.53314 11.834 11.809 11.841 11.843 11.818    0.032 0.048 0.028 0.029 0.032  A 5894
   1927.52503 11.775 11.807 11.799 11.845 11.843    0.034 0.041 0.031 0.035 0.038  A 6566
   1931.52662 11.854 11.882 11.806 11.782 11.722    0.060 0.057 0.052 0.057 0.061  B 7216
   1950.51590 11.670 11.661 11.678 11.654 11.593    0.048 0.057 0.040 0.045 0.051  A 9314
   2026.89529 11.552 11.531 11.629 11.691 11.716    0.032 0.058 0.031 0.034 0.037  A 17521
   2030.93934 11.477 11.468 11.540 11.589 11.718    0.051 0.060 0.056 0.069 0.080  D 17934
   2032.90395 11.421 11.424 11.495 11.534 11.642    0.029 0.044 0.027 0.030 0.033  A 18352
   2039.90425 11.405 11.260 11.551 11.659 11.717    0.048 0.086 0.041 0.042 0.045  D 19351
   2052.89274 11.378 11.376 11.420 11.455 11.502    0.026 0.050 0.025 0.027 0.031  A 19928
   2054.85151 11.411 11.331 11.503 11.555 11.620    0.032 0.057 0.029 0.031 0.035  A 20341
   2055.89102 11.454 11.482 11.536 11.584 11.621    0.031 0.057 0.028 0.030 0.033  A 20579
   2057.84888 11.348 11.286 11.384 11.458 11.522    0.031 0.052 0.027 0.029 0.032  A 21016
   2064.90911 11.284 11.197 11.338 11.370 11.436    0.031 0.062 0.029 0.031 0.035  A 21664
   2067.80998 11.228 11.167 11.312 11.329 11.355    0.038 0.073 0.035 0.038 0.042  A 21924
   2068.80661 11.211 11.250 11.320 11.367 11.450    0.048 0.075 0.049 0.056 0.064  A 22148
   2069.80191 11.331 11.235 11.495 11.631 11.696    0.035 0.069 0.032 0.035 0.039  A 22369
   2070.80255 11.363 11.284 11.428 11.412 11.544    0.074 0.082 0.082 0.103 0.124  D 22589
   2080.81118 11.410 11.301 11.517 11.585 11.641    0.035 0.068 0.028 0.029 0.033  A 22973
   2085.86362 11.463 11.502 11.484 11.476 11.419    0.031 0.038 0.025 0.027 0.029  A 23916
   2086.94205 11.449 11.471 11.470 11.463 11.428    0.026 0.030 0.026 0.027 0.030  A 24172
   2087.89409 11.485 11.410 11.624 11.723 11.708    0.032 0.053 0.028 0.031 0.034  A 24374
   2088.84888 11.488 11.432 11.670 11.788 11.846    0.030 0.053 0.026 0.028 0.030  A 24583
   2093.76209 11.299 11.214 11.396 11.421 11.424    0.041 0.081 0.034 0.036 0.041  B 24766
   2094.77907 11.350 11.325 11.386 11.373 11.386    0.039 0.070 0.035 0.038 0.041  A 25060
   2095.77066 11.313 11.322 11.355 11.412 11.425    0.047 0.081 0.045 0.050 0.058  B 25283
   2096.74659 11.433 11.323 11.502 11.500 11.464    0.056 0.081 0.056 0.062 0.067  B 25498
   2104.73851 11.391 11.382 11.443 11.488 11.528    0.034 0.060 0.028 0.030 0.034  A 26053
   2105.79020 11.360 11.344 11.434 11.495 11.573    0.036 0.068 0.031 0.032 0.037  A 26296
   2106.80649 11.435 11.340 11.478 11.459 11.436    0.035 0.060 0.029 0.031 0.033  A 26506
   2113.83338 11.573 11.554 11.618 11.665 11.653    0.033 0.051 0.027 0.028 0.030  A 26633
   2114.85420 11.657 11.670 11.667 11.631 11.579    0.039 0.050 0.035 0.037 0.040  A 26754
   2115.90201 11.760 11.725 11.752 11.761 11.751    0.037 0.042 0.033 0.035 0.039  A 26977
   2116.78035 11.689 11.705 11.724 11.729 11.742    0.033 0.053 0.029 0.031 0.034  A 27149
   2117.76554 11.634 11.627 11.684 11.730 11.751    0.035 0.060 0.030 0.030 0.035  A 27361
   2128.70127 11.788 11.776 11.862 11.919 11.935    0.034 0.058 0.030 0.032 0.035  A 27967
   2129.71619 11.758 11.770 11.740 11.688 11.621    0.032 0.051 0.028 0.031 0.034  A 28188
   2130.72447 11.784 11.798 11.821 11.825 11.853    0.035 0.050 0.030 0.031 0.034  A 28408
   2131.73048 11.748 11.723 11.784 11.766 11.797    0.036 0.073 0.031 0.033 0.037  A 28610
   2132.74192 11.769 11.798 11.745 11.706 11.702    0.033 0.064 0.028 0.031 0.033  A 28827
   2133.73279 11.738 11.777 11.703 11.673 11.658    0.032 0.047 0.027 0.029 0.031  A 29039
   2134.73735 11.834 11.808 11.868 11.895 11.878    0.033 0.048 0.028 0.028 0.032  A 29255
   2135.73357 11.787 11.758 11.828 11.758 11.705    0.042 0.069 0.040 0.046 0.052  A 29468
   2136.73154 11.745 11.780 11.737 11.695 11.613    0.034 0.056 0.029 0.031 0.033  A 29681
   2141.71678 11.769 11.691 11.866 11.958 12.014    0.032 0.045 0.028 0.028 0.031  A 30429
   2143.71326 11.857 11.815 11.897 11.847 11.782    0.038 0.068 0.032 0.034 0.036  A 30833
   2144.70594 11.683 11.682 11.711 11.684 11.681    0.036 0.069 0.031 0.033 0.036  A 31034
   2145.70834 11.751 11.710 11.855 11.914 11.887    0.032 0.054 0.029 0.031 0.033  A 31239
   2156.66985 12.070 11.935 12.023 11.943 11.827    0.042 0.056 0.037 0.040 0.043  A 31663
   2164.66797 11.996 12.007 11.966 11.930 11.900    0.046 0.054 0.041 0.043 0.047  A 31921
   2169.68195 11.808 11.880 11.829 11.782 11.697    0.038 0.044 0.033 0.036 0.039  A 32438
   2174.64113 11.808 11.779 11.790 11.749 11.671    0.043 0.047 0.038 0.042 0.043  A 33155
   2177.61092 11.801 11.813 11.771 11.737 11.608    0.051 0.058 0.046 0.048 0.052  A 33415
   2183.57900 11.799 11.848 11.866 11.866 11.817    0.044 0.054 0.037 0.038 0.041  A 33863
   2186.65901 11.699 11.746 11.739 11.720 11.649    0.042 0.047 0.037 0.040 0.044  A 34391
   2188.64157 11.869 11.836 11.875 11.891 11.822    0.045 0.050 0.038 0.040 0.042  A 34694
   2190.56971 11.650 11.681 11.675 11.689 11.649    0.045 0.053 0.037 0.039 0.042  A 34910
   2191.63050 11.696 11.737 11.687 11.644 11.516    0.040 0.048 0.034 0.037 0.039  A 35112
   2192.60948 11.695 11.785 11.717 11.712 11.661    0.041 0.052 0.035 0.037 0.041  A 35277
   2193.61281 11.674 11.724 11.692 11.684 11.610    0.043 0.051 0.035 0.036 0.040  A 35461
   2194.60840 11.697 11.718 11.669 11.648 11.531    0.042 0.050 0.035 0.037 0.039  A 35638
   2196.60275 11.723 11.750 11.738 11.727 11.621    0.039 0.045 0.034 0.037 0.041  A 35945
   2197.60473 11.667 11.693 11.661 11.643 11.549    0.043 0.051 0.035 0.037 0.039  A 36130
   2201.58623 11.752 11.790 11.768 11.762 11.672    0.044 0.051 0.038 0.040 0.042  A 36722
   2203.58554 11.826 11.850 11.831 11.856 11.812    0.047 0.051 0.038 0.040 0.041  A 37063
   2206.57316 11.850 11.802 11.837 11.827 11.703    0.041 0.045 0.035 0.038 0.041  A 37460
   2213.55606 11.686 11.772 11.703 11.684 11.622    0.047 0.053 0.041 0.043 0.047  A 38054
   2214.57351 11.698 11.726 11.723 11.729 11.732    0.042 0.047 0.038 0.043 0.047  A 38209
   2215.58010 11.709 11.734 11.709 11.740 11.642    0.047 0.051 0.041 0.045 0.044  A 38379
   2216.57816 11.560 11.570 11.537 11.508 11.390    0.045 0.048 0.041 0.046 0.047  A 38548
   2217.57102 11.626 11.674 11.669 11.654 11.610    0.043 0.047 0.038 0.042 0.044  A 38712
   2221.53811 11.478 11.473 11.489 11.498 11.404    0.042 0.043 0.038 0.041 0.043  A 38988
   2222.57467 11.591 11.600 11.585 11.579 11.527    0.044 0.045 0.039 0.043 0.044  A 39159
   2224.56298 11.587 11.557 11.578 11.517 11.448    0.045 0.049 0.041 0.047 0.046  A 39315
   2226.53620 11.598 11.623 11.581 11.556 11.510    0.047 0.052 0.041 0.048 0.047  A 39621
   2228.53276 11.495 11.536 11.504 11.489 11.441    0.043 0.045 0.039 0.043 0.043  A 39935
   2233.52913 11.584 11.630 11.617 11.649 11.621    0.044 0.047 0.041 0.047 0.047  A 40589
   2234.55957 11.712 11.754 11.705 11.730 11.644    0.047 0.052 0.042 0.049 0.048  A 40757
   2236.52827 11.686 11.736 11.699 11.707 11.672    0.046 0.049 0.040 0.045 0.045  A 41061
   2241.55595 11.687 11.711 11.662 11.666 11.640    0.048 0.053 0.043 0.049 0.049  A 41706
   2256.56863 29.999 29.999 29.999 29.999 29.999    0.047 0.055 0.040 0.048 0.046  C 43758
   2258.57179 29.999 29.999 29.999 29.999 29.999    0.071 0.081 0.066 0.074 0.075  D 44083
   2445.87183 11.683 11.643 11.675 11.644 11.554    0.028 0.031 0.021 0.022 0.024  A 9197
   2446.90274 11.790 11.810 11.770 11.770 11.723    0.033 0.034 0.026 0.027 0.029  A 9370
   2465.80335 29.999 29.999 29.999 29.999 29.999    0.033 0.035 0.026 0.028 0.027  C 11131
   2466.79701 11.823 11.810 11.874 11.847 11.781    0.033 0.033 0.026 0.029 0.027  A 11347
   2467.80081 11.828 11.797 11.856 11.843 11.774    0.032 0.031 0.022 0.022 0.021  A 11567
   2471.84906 29.999 29.999 29.999 29.999 29.999    0.037 0.039 0.032 0.037 0.030  C 12567
   2473.77318 11.727 11.801 11.643 11.586 11.487    0.039 0.038 0.034 0.039 0.033  A 12742
   2482.70581 29.999 29.999 29.999 29.999 29.999    0.045 0.049 0.040 0.048 0.041  C 13185
   2489.73109 11.554 11.543 11.575 11.571 11.493    0.036 0.037 0.027 0.028 0.027  A 13888
   2493.76724 29.999 29.999 29.999 29.999 29.999    0.057 0.062 0.050 0.054 0.049  C 14530
   2501.73226 11.626 11.664 11.655 11.645 11.613    0.036 0.035 0.029 0.032 0.025  A 16050
   2519.78260 11.601 11.587 11.597 11.584 11.519    0.034 0.036 0.023 0.023 0.022  A 18060
   2523.73033 11.567 11.564 11.591 11.589 11.549    0.036 0.038 0.028 0.030 0.027  A 18522
   2526.66501 11.426 11.464 11.450 11.460 11.441    0.035 0.040 0.032 0.029 0.029  A 18854
   2544.82403 11.417 11.435 11.447 11.469 11.464    0.027 0.031 0.023 0.024 0.028  A 20062
   2548.64923 11.525 11.545 11.536 11.520 11.502    0.034 0.033 0.029 0.031 0.032  A 20598
   2553.57071 11.432 11.456 11.440 11.394 11.312    0.040 0.041 0.033 0.032 0.031  A 21298
   2558.64660 11.417 11.432 11.447 11.457 11.447    0.029 0.031 0.020 0.020 0.022  A 22051
   2559.64012 11.480 11.478 11.451 11.431 11.355    0.034 0.040 0.023 0.024 0.025  A 22229
   2560.64335 11.433 11.421 11.502 11.513 11.517    0.031 0.036 0.028 0.030 0.030  A 22409
   2561.62790 11.457 11.447 11.515 11.550 11.574    0.033 0.042 0.031 0.032 0.033  A 22550
   2562.63347 11.411 11.412 11.418 11.411 11.345    0.027 0.033 0.022 0.023 0.025  A 22733
   2563.65204 11.504 11.431 11.609 11.691 11.729    0.036 0.048 0.028 0.027 0.029  A 22920
   2564.65350 11.425 11.378 11.515 11.570 11.591    0.036 0.043 0.029 0.028 0.031  A 23100
   2565.67629 11.475 11.409 11.499 11.501 11.519    0.032 0.037 0.026 0.026 0.028  A 23288
   2566.68883 11.580 11.622 11.587 11.625 11.625    0.038 0.038 0.029 0.029 0.029  A 23472
   2578.58042 11.460 11.474 11.486 11.480 11.479    0.035 0.042 0.024 0.022 0.021  A 24922
   2579.58438 11.438 11.451 11.491 11.491 11.469    0.043 0.047 0.033 0.028 0.026  A 25087
   2622.57446 11.735 11.707 11.746 11.728 11.718    0.034 0.036 0.028 0.029 0.030  A 29941
   2624.62360 11.935 11.935 12.045 12.086 12.176    0.030 0.052 0.028 0.030 0.034  A 30246
   2627.62769 11.928 11.818 12.071 12.151 12.299    0.032 0.050 0.030 0.032 0.036  A 30568
   2629.62718 11.871 11.900 11.887 11.848 11.880    0.031 0.046 0.030 0.032 0.034  A 30869
   2634.56632 11.883 11.883 11.888 11.847 11.819    0.027 0.034 0.025 0.026 0.029  A 32048
   2636.59308 11.873 11.914 11.858 11.858 11.855    0.028 0.038 0.025 0.026 0.029  A 32363
   2638.60272 12.037 11.908 12.086 12.164 12.207    0.027 0.052 0.025 0.027 0.029  A 32658
   2640.60321 12.029 11.974 12.113 12.212 12.252    0.034 0.054 0.027 0.028 0.029  A 32968
   2642.60107 12.001 11.923 12.068 12.115 12.194    0.032 0.045 0.028 0.029 0.033  A 33252
   2644.59696 11.904 11.853 11.971 12.009 12.046    0.029 0.045 0.026 0.030 0.034  A 33555
   2646.57866 11.859 11.838 11.870 11.840 11.792    0.030 0.040 0.026 0.027 0.030  A 33849
   2649.57512 12.071 11.989 12.121 12.166 12.213    0.030 0.033 0.025 0.026 0.028  A 34101
   2651.58026 12.072 12.015 12.129 12.162 12.165    0.033 0.049 0.028 0.031 0.033  A 34413
   2653.59436 12.111 12.028 12.174 12.175 12.100    0.036 0.047 0.031 0.033 0.036  A 34726
   2659.56815 12.001 11.967 12.065 12.099 12.082    0.029 0.037 0.027 0.030 0.033  A 35740
   2661.56510 12.045 11.963 12.120 12.146 12.158    0.027 0.036 0.024 0.026 0.029  A 36081
   2663.56399 12.038 12.002 12.064 12.069 12.079    0.031 0.040 0.028 0.030 0.032  A 36419
   2665.56391 12.019 12.014 12.044 12.056 12.172    0.033 0.050 0.030 0.031 0.033  A 36770
   2667.56335 11.947 11.974 11.962 12.003 11.971    0.032 0.050 0.028 0.031 0.034  A 37074
   2670.53027 11.997 11.991 12.047 12.095 12.161    0.030 0.038 0.026 0.030 0.032  A 37545
   2672.53560 11.985 12.001 11.986 11.962 11.948    0.028 0.043 0.025 0.027 0.029  A 37882
   2674.53029 12.040 12.024 12.153 12.237 12.289    0.031 0.038 0.027 0.029 0.032  A 38223
   2676.52856 11.957 11.888 11.973 11.974 12.074    0.028 0.041 0.025 0.028 0.031  A 38588
   2678.53033 11.897 11.935 11.940 11.973 11.937    0.030 0.032 0.027 0.030 0.034  A 38931
   2683.51799 11.989 11.878 12.049 12.091 12.106    0.040 0.044 0.041 0.046 0.053  A 39765
   2687.51800 11.808 11.692 11.883 11.943 11.947    0.034 0.044 0.033 0.038 0.044  A 40495
   2783.84898 11.641 11.644 11.663 11.674 11.690    0.028 0.032 0.026 0.027 0.026  A 56020
   2785.90612 11.626 11.531 11.626 11.600 11.582    0.049 0.044 0.047 0.050 0.052  A 56463
   2790.91064 11.577 11.620 11.622 11.641 11.670    0.037 0.031 0.031 0.034 0.034  A 57442
   2809.79391 11.520 11.469 11.570 11.587 11.525    0.028 0.035 0.025 0.025 0.028  A 59570
   2818.94236 11.633 11.636 11.581 11.559 11.478    0.037 0.036 0.032 0.036 0.038  A 61199
   2833.89274 11.552 11.607 11.590 11.582 11.558    0.032 0.032 0.027 0.031 0.037  A 63219
   2839.85289 11.687 11.665 11.618 11.513 11.486    0.078 0.076 0.086 0.098 0.114  D 64198
   2841.79123 11.605 11.652 11.584 11.542 11.457    0.031 0.030 0.024 0.026 0.029  A 64592
   2844.81094 11.797 11.809 11.798 11.795 11.709    0.030 0.025 0.026 0.030 0.029  A 65075
   2854.70162 12.037 12.004 12.020 12.040 12.006    0.029 0.026 0.023 0.026 0.027  A 65909
   2862.82648 11.929 11.979 11.870 11.814 11.700    0.033 0.032 0.027 0.031 0.035  A 67246
   2871.82164 12.038 12.085 11.993 11.933 11.816    0.031 0.027 0.024 0.024 0.025  A 68028
   2874.72762 12.047 12.056 12.048 12.013 11.954    0.026 0.029 0.022 0.022 0.024  A 68401
   2883.69571 12.140 12.135 12.193 12.222 12.277    0.025 0.030 0.021 0.021 0.023  A 69644
   2895.78235 12.189 12.168 12.250 12.271 12.251    0.027 0.034 0.024 0.026 0.028  A 71332
   2897.79855 12.142 12.175 12.096 12.041 11.973    0.029 0.033 0.025 0.026 0.029  A 71738
   2899.76092 12.252 12.182 12.290 12.318 12.318    0.034 0.031 0.030 0.032 0.031  A 72085
   2902.72971 12.207 12.167 12.303 12.394 12.460    0.025 0.032 0.022 0.024 0.026  A 72552
   2907.80197 11.967 11.976 11.945 11.867 11.757    0.049 0.056 0.049 0.054 0.058  A 73304
   2916.71398 12.069 12.042 12.166 12.225 12.257    0.028 0.032 0.025 0.027 0.030  A 74610
   2923.68676 11.823 11.863 11.821 11.806 11.763    0.029 0.040 0.027 0.030 0.034  A 75478
   2926.68805 11.936 11.960 11.958 11.934 11.932    0.027 0.031 0.023 0.026 0.029  A 75838
   2928.68145 11.953 11.951 11.982 12.020 12.028    0.064 0.065 0.066 0.072 0.076  D 76209
   2929.82021 12.679 12.692 12.616 12.597 12.507    0.036 0.048 0.036 0.042 0.047  A 76438
   2931.77135 11.901 11.850 11.947 11.971 11.946    0.034 0.037 0.032 0.035 0.040  A 76775
   2933.73962 11.882 11.878 11.918 11.934 11.999    0.032 0.037 0.030 0.033 0.037  A 77117
   2935.73444 11.894 11.907 11.894 11.889 11.950    0.030 0.035 0.027 0.030 0.035  A 77476
   2939.55504 11.639 11.623 11.671 11.664 11.646    0.026 0.031 0.022 0.023 0.026  A 77781
   2940.78927 11.591 11.520 11.601 11.568 11.482    0.037 0.041 0.036 0.038 0.041  A 78068
   2942.65553 11.755 11.763 11.766 11.772 11.769    0.034 0.031 0.033 0.035 0.036  A 78210
   2945.61943 11.688 11.729 11.711 11.717 11.756    0.040 0.052 0.039 0.043 0.047  A 78697
   2948.61326 11.616 11.608 11.684 11.738 11.739    0.032 0.039 0.031 0.035 0.040  A 79130
   2952.66854 11.563 11.588 11.565 11.555 11.478    0.034 0.035 0.033 0.039 0.044  A 79700
   2954.66720 11.643 11.608 11.664 11.653 11.624    0.034 0.037 0.033 0.036 0.040  A 79954
   2958.66184 11.498 11.550 11.482 11.474 11.408    0.026 0.028 0.023 0.026 0.028  A 80534
   2960.66050 11.523 11.585 11.479 11.402 11.251    0.050 0.051 0.052 0.060 0.068  B 80788
   2962.67287 11.626 11.651 11.655 11.656 11.605    0.028 0.031 0.025 0.027 0.030  A 81077
   2971.52347 11.667 11.698 11.653 11.614 11.591    0.026 0.031 0.025 0.027 0.030  A 82203
   2973.54677 11.713 11.697 11.742 11.733 11.700    0.025 0.029 0.022 0.025 0.029  A 82433
   2975.57236 11.660 11.667 11.655 11.639 11.603    0.029 0.035 0.026 0.029 0.033  A 82690
   2977.59803 11.612 11.663 11.628 11.618 11.551    0.030 0.035 0.027 0.030 0.033  A 82971
   2979.61865 11.637 11.657 11.716 11.792 11.863    0.033 0.037 0.030 0.032 0.037  A 83248
   2981.63532 11.540 11.547 11.564 11.565 11.583    0.034 0.037 0.034 0.039 0.044  A 83510
   2983.64898 11.554 11.532 11.557 11.569 11.515    0.032 0.035 0.031 0.037 0.042  A 83783
   2985.65833 11.537 11.491 11.594 11.610 11.632    0.031 0.034 0.027 0.031 0.034  A 84050
   2990.65154 11.425 11.410 11.482 11.492 11.482    0.031 0.037 0.028 0.031 0.035  A 84650
   2992.65218 11.410 11.419 11.461 11.498 11.498    0.029 0.032 0.025 0.029 0.033  A 84926
   2995.58003 11.517 11.533 11.570 11.591 11.581    0.032 0.033 0.026 0.029 0.032  A 85287
   2997.60600 11.606 11.541 11.636 11.679 11.716    0.029 0.037 0.025 0.028 0.031  A 85572
   3000.59440 11.498 11.489 11.496 11.475 11.427    0.029 0.037 0.025 0.028 0.032  A 85840
   3008.62398 11.492 11.445 11.530 11.586 11.549    0.032 0.033 0.030 0.033 0.038  A 86838
   3011.58525 11.515 11.527 11.554 11.554 11.589    0.043 0.044 0.046 0.056 0.065  A 87229
   3013.59536 11.446 11.445 11.503 11.535 11.550    0.033 0.034 0.033 0.041 0.048  A 87497
   3019.56488 11.519 11.465 11.600 11.656 11.670    0.039 0.039 0.042 0.048 0.055  A 88113
   3023.56649 11.425 11.335 11.472 11.538 11.525    0.031 0.039 0.029 0.031 0.035  A 88272
   3031.55079 11.528 11.484 11.627 11.670 11.672    0.029 0.033 0.027 0.030 0.033  A 88821
   3039.53555 11.501 11.496 11.531 11.548 11.568    0.041 0.041 0.034 0.040 0.046  A 89516
   3043.53399 11.629 11.564 11.790 11.929 12.013    0.046 0.038 0.048 0.054 0.060  A 89892
   3047.52544 11.538 11.507 11.573 11.600 11.595    0.033 0.032 0.032 0.038 0.044  A 90427
   3130.89125 12.067 12.068 12.105 12.106 12.037    0.072 0.082 0.078 0.086 0.097  D 101576
   3182.89261 11.954 11.882 11.975 11.981 11.905    0.033 0.033 0.033 0.039 0.046  A 107594
   3211.91860 11.862 11.852 11.859 11.848 11.766    0.042 0.042 0.042 0.048 0.052  A 109539
   3356.58657 11.697 11.634 11.731 11.770 11.766    0.028 0.043 0.029 0.034 0.038  A 124458
   3389.56625 11.949 11.905 11.976 11.996 12.001    0.035 0.049 0.036 0.039 0.043  A 126557
   3397.53980 11.959 11.960 11.996 11.993 11.944    0.031 0.042 0.031 0.034 0.039  A 127468
   3404.52805 11.855 11.921 11.886 11.879 11.862    0.027 0.038 0.026 0.028 0.032  A 128368
   3407.52681 11.935 11.952 11.916 11.860 11.734    0.066 0.073 0.066 0.071 0.075  D 128839
   3410.52309 11.978 11.964 12.087 12.143 12.231    0.042 0.077 0.044 0.050 0.057  A 129309
   3413.51974 12.274 12.235 12.379 12.441 12.438    0.057 0.060 0.062 0.072 0.083  D 129737
   3529.86959 11.594 11.603 11.563 11.500 11.421    0.045 0.073 0.041 0.046 0.052  A 146270
   3546.88678 11.626 11.663 11.633 11.625 11.523    0.068 0.063 0.075 0.094 0.114  D 147942
   3561.83971 11.501 11.487 11.536 11.555 11.569    0.031 0.044 0.028 0.029 0.033  A 149811
   3568.88598 11.645 11.631 11.610 11.576 11.479    0.035 0.039 0.027 0.029 0.031  A 150463
   3578.82966 11.513 11.520 11.539 11.510 11.455    0.033 0.041 0.028 0.031 0.035  A 152032
   3582.84463 11.566 11.534 11.576 11.533 11.430    0.035 0.047 0.031 0.035 0.038  A 152719
   3592.83067 11.511 11.527 11.507 11.508 11.458    0.030 0.035 0.030 0.034 0.037  A 154425
   3599.84206 11.530 11.548 11.531 11.518 11.453    0.032 0.035 0.029 0.032 0.037  A 155306
   3601.81708 11.481 11.533 11.534 11.563 11.542    0.032 0.034 0.030 0.034 0.040  A 155615
   3615.82597 11.581 11.607 11.624 11.658 11.650    0.043 0.046 0.045 0.050 0.058  A 156967
   3618.68888 11.543 11.543 11.549 11.543 11.491    0.037 0.047 0.034 0.036 0.040  A 157301
   3629.68099 11.792 11.816 11.780 11.731 11.634    0.037 0.039 0.034 0.038 0.044  A 158633
   3631.70052 11.897 11.873 11.890 11.867 11.800    0.036 0.041 0.033 0.038 0.043  A 158977
   3633.71886 11.958 11.891 11.960 11.973 11.947    0.033 0.035 0.032 0.037 0.043  A 159245
   3635.78317 11.751 11.850 11.679 11.619 11.481    0.072 0.066 0.087 0.108 0.126  D 159585
   3638.82310 11.968 11.934 11.954 11.912 11.798    0.031 0.033 0.025 0.028 0.032  A 159840
   3641.71884 11.904 11.991 11.932 11.914 11.867    0.030 0.036 0.026 0.027 0.030  A 160207
   3643.80697 11.854 11.872 11.842 11.799 11.709    0.041 0.048 0.041 0.043 0.046  A 160511
   3647.63698 11.989 12.024 12.040 12.061 12.011    0.034 0.034 0.028 0.028 0.029  A 160904
   3650.59269 11.901 11.987 11.898 11.897 11.839    0.033 0.035 0.026 0.028 0.030  A 161296
   3652.64533 11.903 11.919 11.899 11.891 11.831    0.032 0.038 0.029 0.033 0.036  A 161607
   3654.64678 11.997 12.036 11.998 11.991 11.941    0.040 0.049 0.038 0.039 0.043  A 161883
   3656.62040 11.783 11.846 11.802 11.781 11.732    0.032 0.042 0.028 0.031 0.035  A 162173
   3658.64504 11.746 11.837 11.718 11.640 11.532    0.031 0.042 0.029 0.032 0.035  A 162477
   3660.67051 11.946 12.003 11.962 11.930 11.883    0.034 0.040 0.034 0.039 0.045  A 162794
   3662.69410 11.934 11.924 11.966 11.974 11.924    0.039 0.046 0.042 0.052 0.062  A 163085
   3664.72744 12.003 12.032 11.981 11.911 11.826    0.029 0.038 0.029 0.033 0.039  A 163386
   3668.61226 11.912 11.996 11.877 11.809 11.713    0.032 0.036 0.026 0.027 0.030  A 163823
   3670.65250 11.956 11.982 11.901 11.838 11.677    0.030 0.030 0.025 0.027 0.030  A 164120
   3672.73902 12.028 12.128 12.010 11.967 11.873    0.039 0.059 0.033 0.036 0.040  A 164433
   3675.59093 12.050 12.012 12.029 11.992 11.881    0.030 0.037 0.026 0.029 0.031  A 164818
   3677.70776 12.214 12.237 12.235 12.216 12.197    0.029 0.040 0.026 0.028 0.032  A 165139
   3700.57592 12.031 12.082 12.057 12.055 12.036    0.039 0.055 0.034 0.037 0.041  A 168021
   3702.70659 11.994 11.974 11.969 11.931 11.818    0.030 0.034 0.028 0.032 0.036  A 168324
   3705.60529 11.898 11.955 11.879 11.814 11.722    0.036 0.038 0.035 0.036 0.039  A 168697
   3707.68417 11.946 11.977 11.922 11.895 11.854    0.030 0.034 0.029 0.031 0.034  A 168999
   3711.68614 11.735 11.788 11.722 11.655 11.551    0.032 0.050 0.029 0.032 0.035  A 169281
   3713.62626 11.789 11.769 11.803 11.838 11.858    0.043 0.062 0.039 0.041 0.045  A 169536
   3715.65677 11.783 11.702 11.892 11.975 12.035    0.044 0.052 0.044 0.051 0.059  A 169834
   3718.57113 11.652 11.627 11.708 11.748 11.725    0.040 0.048 0.039 0.045 0.050  A 170178
   3720.65249 11.667 11.596 11.712 11.722 11.693    0.039 0.056 0.037 0.042 0.049  A 170443
   3726.56496 11.556 11.570 11.633 11.649 11.669    0.034 0.044 0.035 0.039 0.044  A 171113
   3728.62234 11.573 11.598 11.601 11.606 11.550    0.038 0.048 0.037 0.042 0.048  A 171407
   3731.64240 11.565 11.582 11.606 11.603 11.523    0.040 0.045 0.041 0.045 0.050  A 171688
   3735.57581 11.640 11.661 11.693 11.711 11.672    0.032 0.040 0.030 0.032 0.035  A 172191
   3738.54512 11.676 11.725 11.732 11.746 11.713    0.031 0.042 0.028 0.030 0.033  A 172598
   3740.59284 11.672 11.736 11.647 11.586 11.493    0.035 0.049 0.031 0.032 0.034  A 172892
   3743.59293 11.700 11.710 11.709 11.683 11.589    0.035 0.048 0.034 0.038 0.042  A 173264
   3749.58464 11.833 11.829 11.824 11.858 11.853    0.042 0.051 0.046 0.056 0.065  A 174078
   3753.56443 11.669 11.694 11.693 11.687 11.681    0.038 0.046 0.040 0.043 0.048  A 174631
   3756.55698 11.711 11.755 11.752 11.760 11.771    0.039 0.043 0.040 0.048 0.058  A 175036
   3759.54805 11.806 11.739 11.894 11.981 12.009    0.035 0.046 0.037 0.043 0.048  A 175453
   3762.55008 11.671 11.594 11.777 11.849 11.953    0.039 0.052 0.041 0.043 0.049  A 175847
   3765.54346 11.569 11.590 11.626 11.630 11.671    0.038 0.046 0.038 0.043 0.046  A 176263
   3768.53748 11.526 11.564 11.578 11.596 11.615    0.058 0.086 0.050 0.053 0.057  D 176679
   3771.53731 11.558 11.600 11.548 11.519 11.436    0.035 0.038 0.037 0.042 0.048  A 177086
   3775.53023 11.545 11.610 11.560 11.545 11.560    0.040 0.049 0.046 0.055 0.068  B 177607
   3778.52332 11.747 11.644 11.843 11.958 12.073    0.038 0.047 0.042 0.052 0.060  A 178064
   3850.92149 11.697 11.736 11.715 11.684 11.593    0.046 0.082 0.040 0.043 0.047  D 187352
   3858.90520 12.138 12.097 12.066 11.998 11.914    0.065 0.070 0.069 0.078 0.086  D 188615
   3862.90432 11.845 11.838 11.884 11.894 11.840    0.031 0.042 0.030 0.033 0.036  A 189288
   3865.91969 11.820 11.778 11.826 11.856 11.842    0.034 0.044 0.035 0.039 0.044  A 189799
   3868.92692 11.904 11.957 11.902 11.878 11.825    0.045 0.056 0.043 0.049 0.057  A 190293
   3871.90546 12.001 11.913 12.090 12.123 12.091    0.039 0.053 0.040 0.046 0.053  A 190832
   3880.91122 11.963 11.998 11.930 11.867 11.736    0.038 0.043 0.035 0.040 0.046  A 191898
   3887.93752 12.076 12.190 12.095 12.070 11.965    0.039 0.046 0.036 0.039 0.043  A 192761
   3891.86985 12.037 12.161 11.974 11.908 11.790    0.036 0.043 0.033 0.037 0.040  A 193432
   3894.88104 12.022 12.093 11.951 11.894 11.743    0.035 0.038 0.029 0.032 0.035  A 193937
   3898.86517 12.155 12.196 12.131 12.066 11.985    0.035 0.041 0.034 0.039 0.043  A 194428
   3901.89273 12.487 12.293 12.568 12.550 12.467    0.040 0.044 0.040 0.046 0.055  A 194933
   3904.88583 12.255 12.225 12.216 12.138 12.019    0.037 0.056 0.033 0.035 0.038  A 195497
   3907.90820 12.118 12.168 12.053 11.973 11.834    0.038 0.048 0.036 0.039 0.044  A 196079
   3912.91844 12.132 12.174 12.133 12.079 11.963    0.034 0.050 0.029 0.032 0.036  A 196841
   4090.59261 11.944 11.912 12.076 12.193 12.211    0.053 0.091 0.051 0.055 0.060  D 209244
   4111.56343 12.185 12.250 12.187 12.140 12.102    0.052 0.100 0.050 0.054 0.061  D 211359
   4231.90956 11.856 11.927 11.849 11.818 11.676    0.043 0.060 0.038 0.043 0.047  A 223967
   4247.88242 11.632 11.656 11.632 11.623 11.538    0.040 0.044 0.038 0.041 0.045  A 226489
   4268.89954 11.683 11.737 11.668 11.624 11.513    0.049 0.048 0.049 0.054 0.058  A 228072
   4286.83842 29.999 29.999 29.999 29.999 29.999    0.061 0.058 0.063 0.076 0.091  D 230239
   4297.89450 11.867 11.917 11.814 11.786 11.729    0.048 0.058 0.045 0.050 0.057  A 231835
   4302.88123 11.831 11.854 11.824 11.799 11.726    0.046 0.050 0.044 0.051 0.060  A 232680
   4304.79770 11.748 11.816 11.783 11.742 11.661    0.037 0.038 0.032 0.035 0.038  A 233011
   4306.79028 11.804 11.836 11.823 11.813 11.755    0.037 0.038 0.031 0.033 0.037  A 233372
   4310.81041 11.822 11.854 11.809 11.758 11.687    0.040 0.045 0.035 0.039 0.045  A 233955
   4316.73961 11.883 11.918 11.878 11.858 11.741    0.038 0.037 0.034 0.038 0.042  A 234680
   4319.81043 11.972 11.966 11.989 11.994 11.957    0.039 0.040 0.035 0.038 0.042  A 235043
   4331.77871 12.012 12.015 11.963 11.918 11.783    0.035 0.039 0.029 0.031 0.034  A 235546
   4333.73957 12.026 12.050 11.980 11.934 11.823    0.031 0.033 0.026 0.029 0.032  A 235892
   4347.75650 11.989 12.107 12.006 11.953 11.858    0.041 0.055 0.032 0.033 0.036  A 237998
   4352.74512 11.946 12.004 11.956 11.918 11.800    0.038 0.037 0.036 0.042 0.050  A 238755
   4356.75583 12.002 12.074 12.028 12.002 11.912    0.035 0.036 0.032 0.036 0.040  A 239385
   4361.76205 12.207 12.203 12.215 12.213 12.189    0.033 0.034 0.028 0.031 0.033  A 240067
   4363.69683 12.107 12.070 12.092 12.091 12.038    0.034 0.036 0.029 0.031 0.034  A 240359
   4365.67139 12.006 12.071 12.001 11.962 11.923    0.036 0.046 0.029 0.032 0.035  A 240662
   4371.74064 11.927 11.971 11.897 11.875 11.755    0.043 0.065 0.037 0.042 0.047  A 241508
   4376.74373 12.132 12.133 12.190 12.260 12.151    0.037 0.047 0.033 0.039 0.046  A 242160
   4385.69705 12.182 12.231 12.170 12.113 11.951    0.032 0.034 0.027 0.029 0.031  A 243513
   4393.65232 12.279 12.280 12.325 12.396 12.384    0.042 0.046 0.044 0.051 0.060  A 244654
   4398.73531 12.119 12.191 12.057 11.987 11.915    0.047 0.070 0.045 0.051 0.057  A 244749
   4410.61180 11.977 12.057 12.003 11.996 11.910    0.029 0.035 0.027 0.029 0.033  A 245961
   4419.61830 12.112 12.161 12.057 12.005 11.909    0.037 0.044 0.035 0.041 0.047  A 246395
   4428.56943 12.065 12.114 12.066 12.058 11.949    0.040 0.041 0.040 0.048 0.058  A 247154
   4437.57907 12.085 12.135 12.034 11.984 11.827    0.031 0.036 0.029 0.030 0.033  A 248260
   4458.60945 12.065 12.118 12.070 12.065 11.966    0.038 0.042 0.038 0.043 0.049  A 250689
   4461.59899 12.109 12.108 12.094 12.045 11.985    0.033 0.034 0.030 0.034 0.038  A 251021
   4463.64774 11.960 12.021 11.935 11.899 11.788    0.036 0.047 0.034 0.038 0.044  A 251312
   4469.59388 11.884 11.963 99.999 99.999 99.999    0.039 0.040 0.036 0.040 0.044  C 251966
   4479.56676 11.959 11.973 11.910 11.869 11.772    0.032 0.044 0.030 0.033 0.037  A 252992
   4486.55379 11.918 11.945 11.912 11.977 12.026    0.063 0.066 0.067 0.076 0.084  D 253681
   4489.54909 11.340 11.904 10.995 10.943 10.894    0.034 0.043 0.034 0.038 0.043  A 254032
   4492.54513 11.785 11.820 11.756 11.746 11.639    0.038 0.041 0.038 0.040 0.043  A 254368
   4499.53945 11.762 11.827 11.701 11.685 11.531    0.057 0.067 0.044 0.046 0.048  B 254995
   4505.53774 11.974 11.999 11.956 11.939 11.842    0.040 0.048 0.038 0.044 0.050  A 255818
   4572.92132 11.738 11.697 11.757 11.753 11.651    0.040 0.047 0.037 0.042 0.046  A 265607
#dataset= 2 ; 2 F0000-72_018
#desig= 002300-7207.0
#cra=    0.383223  00:22:59.6
#cdec= -72.116950 -72:07:01.0
#class= 0
#cmag_0= 11.909
#cmer_0=  0.257
#nskip_0= 9
#cmag_1= 11.929
#cmer_1=  0.251
#nskip_1= 0
#cmag_2= 11.944
#cmer_2=  0.260
#nskip_2= 0
#cmag_3= 11.917
#cmer_3=  0.243
#nskip_3= 1
#cmag_4= 11.853
#cmer_4=  0.246
#nskip_4= 2
#ra=    0.383223  00:22:59.6
#dec= -72.116950 -72:07:01.0
#     HJD      MAG_1  MAG_0  MAG_2  MAG_3  MAG_4    MER_1 MER_0 MER_2 MER_3 MER_4 GRADE FRAME
   1880.52773 11.721 11.762 11.745 11.714 11.649    0.038 0.068 0.035 0.038 0.043  A 1911
   2014.92383 29.999 29.999 29.999 29.999 29.999    0.055 0.066 0.049 0.056 0.057  C 15870
   2040.89816 11.542 11.466 11.623 11.667 11.723    0.047 0.086 0.044 0.050 0.054  D 19573
   2167.64738 11.840 11.874 11.921 11.958 11.941    0.038 0.047 0.035 0.039 0.047  A 32102
   2168.66603 11.810 11.809 11.846 11.865 11.812    0.040 0.055 0.036 0.038 0.042  A 32278
   2171.64603 11.803 11.744 11.798 11.782 11.671    0.046 0.056 0.040 0.043 0.046  A 32606
   2172.65201 11.857 11.841 11.876 11.890 11.838    0.040 0.055 0.036 0.039 0.042  A 32798
   2173.64277 11.801 11.806 11.783 11.733 11.608    0.037 0.045 0.032 0.035 0.039  A 32982
   2175.63485 11.775 11.782 11.745 11.678 11.555    0.043 0.055 0.037 0.041 0.044  A 33297
   2177.61092 11.875 11.900 11.839 11.810 11.688    0.051 0.058 0.046 0.048 0.052  A 33415
   2178.62242 11.857 11.869 11.859 11.853 11.723    0.042 0.047 0.036 0.039 0.041  A 33595
   2184.61330 11.690 11.644 11.680 11.676 11.581    0.040 0.048 0.037 0.042 0.045  A 34070
   2185.62407 11.732 11.774 11.728 11.724 11.659    0.044 0.049 0.037 0.039 0.043  A 34261
   2191.63050 11.809 11.756 11.773 11.736 11.597    0.040 0.048 0.034 0.037 0.039  A 35112
   2195.60146 11.677 11.721 11.666 11.624 11.513    0.038 0.044 0.034 0.037 0.039  A 35812
   2198.60812 11.796 11.784 11.780 11.763 11.715    0.042 0.047 0.035 0.037 0.038  A 36303
   2199.59745 11.734 11.737 11.711 11.685 11.579    0.046 0.054 0.038 0.040 0.042  A 36478
   2202.60939 11.781 11.822 11.795 11.768 11.670    0.042 0.045 0.035 0.038 0.040  A 36900
   2204.57901 11.800 11.835 11.803 11.759 11.675    0.046 0.051 0.038 0.039 0.041  A 37187
   2207.56972 29.999 29.999 29.999 29.999 29.999    0.056 0.061 0.057 0.064 0.075  C 37631
   2230.53387 29.999 29.999 29.999 29.999 29.999    0.046 0.052 0.039 0.046 0.050  C 40263
   2239.54770 29.999 29.999 29.999 29.999 29.999    0.044 0.048 0.040 0.044 0.044  C 41385
   2243.56570 29.999 29.999 29.999 29.999 29.999    0.051 0.058 0.045 0.053 0.053  C 42026
   2248.53235 29.999 29.999 29.999 29.999 29.999    0.047 0.055 0.043 0.052 0.052  C 42453
   2250.58670 29.999 29.999 29.999 29.999 29.999    0.048 0.053 0.042 0.050 0.051  C 42834
   2252.57596 29.999 29.999 29.999 29.999 29.999    0.045 0.053 0.040 0.049 0.051  C 43153
   2254.57204 29.999 29.999 29.999 29.999 29.999    0.051 0.060 0.044 0.052 0.052  C 43443
   2492.81366 29.999 29.999 29.999 29.999 29.999    0.047 0.051 0.042 0.049 0.045  C 14359
   2495.80382 29.999 29.999 29.999 29.999 29.999    0.043 0.044 0.037 0.041 0.034  C 14873
   2498.72821 29.999 29.999 29.999 29.999 29.999    0.037 0.037 0.030 0.033 0.031  C 15476
   2499.72794 29.999 29.999 29.999 29.999 29.999    0.034 0.035 0.028 0.030 0.028  C 15686
   2502.73005 29.999 29.999 29.999 29.999 29.999    0.043 0.047 0.038 0.044 0.038  C 16261
   2503.73250 29.999 29.999 29.999 29.999 29.999    0.072 0.081 0.066 0.075 0.071  D 16466
   2554.66629 29.999 29.999 29.999 29.999 29.999    0.046 0.053 0.039 0.042 0.044  C 21521
   2601.61825 29.999 29.999 29.999 29.999 29.999    0.064 0.083 0.052 0.056 0.053  D 27413
   2851.85105 29.999 29.999 29.999 29.999 29.999    0.037 0.032 0.031 0.038 0.037  C 65531
   2918.66114 11.901 11.943 11.884 11.817 11.707    0.028 0.032 0.027 0.032 0.036  A 74901
   2921.69903 12.000 12.054 11.990 12.012 12.059    0.067 0.058 0.068 0.074 0.081  D 75108
   2950.64789 11.652 11.657 11.673 11.684 11.666    0.031 0.034 0.028 0.032 0.036  A 79449
   2964.67817 11.715 11.701 11.753 11.752 11.732    0.027 0.029 0.024 0.026 0.029  A 81362
   2968.68631 11.601 11.602 11.605 11.602 11.572    0.028 0.030 0.024 0.027 0.030  A 81926
   2987.68455 11.374 11.310 11.392 11.414 11.429    0.032 0.040 0.029 0.032 0.036  A 84325
   3006.60654 11.576 11.494 11.668 11.770 11.843    0.045 0.050 0.049 0.054 0.060  A 86577
   3016.60729 11.404 11.404 11.481 11.490 11.536    0.030 0.036 0.028 0.032 0.035  A 87733
   3028.56621 11.427 11.374 11.456 11.455 11.436    0.032 0.042 0.028 0.031 0.034  A 88547
   3034.55896 11.610 11.577 11.636 11.661 11.632    0.032 0.036 0.031 0.035 0.040  A 89108
   3052.51452 11.512 11.492 11.562 11.608 11.596    0.081 0.077 0.096 0.112 0.120  D 91091
   3105.91998 12.017 12.041 12.047 11.998 11.876    0.068 0.070 0.066 0.071 0.077  D 98164
   3146.90854 12.231 12.248 12.246 12.274 12.301    0.030 0.032 0.032 0.038 0.044  A 103615
   3193.90802 12.010 11.974 12.038 12.086 12.071    0.033 0.042 0.028 0.031 0.035  A 108982
   3359.58984 11.557 11.506 11.614 11.645 11.640    0.038 0.053 0.035 0.040 0.045  A 124792
   3386.59819 11.924 11.928 11.971 11.992 11.995    0.047 0.065 0.051 0.055 0.061  A 126157
   3394.53037 11.988 11.935 12.057 12.076 12.071    0.060 0.070 0.063 0.069 0.076  D 127104
   3400.53798 29.999 29.999 29.999 29.999 29.999    0.031 0.041 0.032 0.037 0.040  C 127876
   3517.92020 11.586 11.646 11.587 11.569 11.526    0.041 0.055 0.039 0.045 0.052  A 144435
   3551.92913 11.539 11.552 11.582 11.601 11.617    0.035 0.048 0.030 0.031 0.035  A 148408
   3554.89091 11.584 11.519 11.599 11.580 11.498    0.050 0.053 0.045 0.050 0.055  A 148842
   4092.66553 12.029 12.054 12.113 12.202 12.275    0.056 0.117 0.054 0.064 0.076  D 209525
   4104.61151 12.219 12.301 12.146 12.059 12.017    0.036 0.043 0.036 0.042 0.049  A 210691
   4107.55340 12.296 12.295 12.310 12.301 12.246    0.034 0.044 0.031 0.034 0.037  A 211071
   4125.55662 12.206 12.196 12.204 12.164 12.099    0.037 0.045 0.036 0.039 0.043  A 211508
   4128.54449 12.153 12.234 12.127 12.060 12.017    0.034 0.047 0.031 0.034 0.037  A 211900
   4131.54592 12.512 12.338 12.724 12.985 13.284    0.038 0.059 0.037 0.042 0.047  A 212285
   4134.54864 12.411 12.397 12.447 12.339 12.235    0.032 0.057 0.034 0.042 0.048  A 212697
   4137.53983 12.185 12.189 12.169 12.140 12.139    0.030 0.052 0.032 0.033 0.036  A 213098
   4228.91588 12.005 11.961 12.068 12.077 11.974    0.047 0.048 0.046 0.051 0.056  A 223441
   4235.89438 11.881 11.898 11.879 11.856 11.727    0.040 0.045 0.038 0.043 0.050  A 224673
   4255.86077 11.625 11.672 11.622 11.586 11.477    0.041 0.039 0.040 0.048 0.058  A 227151
   4273.83732 29.999 29.999 29.999 29.999 29.999    0.044 0.044 0.044 0.050 0.053  C 228564
   4278.79136 11.797 11.782 11.792 11.826 11.801    0.063 0.057 0.069 0.074 0.079  D 229204
   4284.81830 11.756 11.729 11.754 11.756 11.641    0.055 0.053 0.058 0.064 0.068  B 229867
   4290.84282 29.999 29.999 29.999 29.999 29.999    0.059 0.059 0.056 0.059 0.060  C 230568
   4292.89307 11.850 11.822 11.823 11.781 11.655    0.047 0.070 0.042 0.044 0.047  A 230963
   4295.81711 11.819 11.837 11.757 11.685 11.571    0.054 0.056 0.050 0.052 0.055  B 231456
   4300.80907 11.818 11.798 11.792 11.749 11.646    0.042 0.049 0.037 0.043 0.050  A 232341
   4308.79425 29.999 29.999 29.999 29.999 29.999    0.074 0.077 0.076 0.085 0.095  D 233703
   4312.80941 29.999 29.999 29.999 29.999 29.999    0.054 0.065 0.053 0.063 0.073  C 234283
   4329.80674 12.171 12.114 12.158 12.138 12.005    0.053 0.053 0.048 0.051 0.054  B 235197
   4336.73622 29.999 29.999 29.999 29.999 29.999    0.055 0.053 0.054 0.061 0.062  C 236236
   4339.69386 11.975 12.005 11.966 11.904 11.830    0.042 0.041 0.041 0.044 0.049  A 236609
   4341.74564 29.999 29.999 29.999 29.999 29.999    0.049 0.046 0.049 0.055 0.060  C 236962
   4343.75272 12.029 12.036 12.057 12.066 11.983    0.039 0.053 0.032 0.035 0.040  A 237318
   4345.75746 12.017 12.072 11.994 11.930 11.788    0.038 0.057 0.033 0.035 0.039  A 237645
   4349.78275 12.023 12.088 12.054 12.033 11.916    0.041 0.048 0.036 0.038 0.037  A 238341
   4354.72773 12.050 12.065 12.028 11.978 11.870    0.036 0.038 0.030 0.032 0.032  A 239029
   4359.65639 11.932 11.982 11.925 11.873 11.797    0.034 0.035 0.030 0.034 0.040  A 239805
   4367.71953 12.036 12.021 11.983 11.945 11.853    0.038 0.040 0.035 0.039 0.046  A 240874
   4369.71838 29.999 29.999 29.999 29.999 29.999    0.042 0.042 0.038 0.042 0.049  C 241171
   4373.75321 12.072 12.027 12.046 11.971 11.796    0.038 0.059 0.034 0.038 0.043  A 241806
   4379.58873 12.122 12.099 12.119 12.104 11.990    0.033 0.034 0.027 0.029 0.033  A 242558
   4381.65090 12.116 12.140 12.083 12.025 11.941    0.039 0.039 0.036 0.038 0.043  A 242879
   4383.67706 12.255 12.254 12.246 12.221 12.150    0.033 0.038 0.028 0.030 0.038  A 243193
   4387.72569 29.999 29.999 29.999 29.999 29.999    0.049 0.056 0.045 0.046 0.049  C 243839
   4389.70136 12.194 12.217 12.231 12.215 12.090    0.042 0.046 0.039 0.045 0.046  A 244130
   4400.70960 99.999 99.999 99.999 99.999 99.999    0.065 0.087 0.067 0.082 0.098  D 244995
   4403.74024 12.264 12.211 12.330 12.334 12.287    0.039 0.047 0.035 0.038 0.042  A 245295
   4407.73502 12.147 12.145 12.132 12.128 12.078    0.041 0.045 0.038 0.041 0.045  A 245613
   4413.65371 12.129 12.165 12.155 12.111 12.007    0.031 0.033 0.027 0.032 0.036  A 246255
   4422.59085 12.155 12.184 12.121 12.107 12.084    0.031 0.037 0.028 0.032 0.036  A 246641
   4425.74131 12.107 12.097 12.172 12.246 12.211    0.039 0.052 0.043 0.050 0.058  A 246871
   4430.63011 12.208 12.254 12.197 12.158 12.193    0.037 0.044 0.038 0.044 0.053  A 247410
   4432.68037 12.211 12.187 12.199 12.202 12.132    0.030 0.037 0.028 0.031 0.034  A 247682
   4439.65686 12.263 12.242 12.278 12.313 12.306    0.052 0.073 0.045 0.050 0.041  B 248535
   4442.64976 12.094 12.152 12.033 11.956 11.866    0.042 0.063 0.037 0.038 0.041  A 248872
   4453.56948 12.399 12.358 12.395 12.321 12.122    0.032 0.041 0.029 0.033 0.038  A 250102
   4455.63684 12.216 12.211 12.231 12.291 12.274    0.037 0.061 0.036 0.043 0.049  A 250340
   4466.60170 11.969 12.015 11.955 11.941 11.931    0.036 0.044 0.033 0.037 0.042  A 251632
   4473.59362 12.113 12.103 12.117 12.124 12.104    0.035 0.049 0.033 0.035 0.039  A 252349
   4476.58887 12.081 12.075 12.089 12.075 12.035    0.036 0.041 0.033 0.036 0.041  A 252627
   4482.57194 11.879 11.912 11.829 11.739 11.640    0.057 0.055 0.063 0.068 0.074  D 253305
   4510.51928 12.219 12.156 12.294 12.346 12.301    0.047 0.057 0.050 0.059 0.069  B 256511
   4568.91904 11.618 11.605 11.619 11.537 11.348    0.063 0.074 0.066 0.077 0.090  D 264919
#ndata= 407
#dataset= 3 ; 1 F0120-72_019
#desig= 002258-7206.9
#cra=    0.382883  00:22:58.4
#cdec= -72.114920 -72:06:53.7
#class= 0
#cmag_0= 11.453
#cmer_0=  0.128
#nskip_0= 52
#cmag_1= 11.492
#cmer_1=  0.116
#nskip_1= 55
#cmag_2= 11.484
#cmer_2=  0.123
#nskip_2= 59
#cmag_3= 11.465
#cmer_3=  0.161
#nskip_3= 43
#cmag_4= 11.445
#cmer_4=  0.205
#nskip_4= 21
#ra=    0.382883  00:22:58.4
#dec= -72.114920 -72:06:53.7
#     HJD      MAG_1  MAG_0  MAG_2  MAG_3  MAG_4    MER_1 MER_0 MER_2 MER_3 MER_4 GRADE FRAME
   2033.93900 11.748 11.586 11.878 12.117 12.467    0.044 0.047 0.049 0.059 0.070  D 18579
   2040.90690 11.350 11.324 11.332 11.273 11.194    0.046 0.088 0.042 0.048 0.053  B 19577
   2052.93767 11.450 11.492 11.400 11.314 11.189    0.033 0.060 0.031 0.035 0.040  A 19948
   2054.90623 11.360 11.272 11.403 11.350 11.265    0.044 0.086 0.040 0.042 0.045  B 20365
   2056.89661 11.374 11.285 11.433 11.469 11.486    0.038 0.079 0.035 0.038 0.040  B 20809
   2067.85606 11.319 11.307 11.363 11.428 11.406    0.041 0.077 0.037 0.041 0.045  B 21944
   2068.85885 11.355 11.339 11.356 11.348 11.296    0.039 0.076 0.038 0.045 0.058  B 22171
   2069.85401 11.355 11.304 11.377 11.378 11.290    0.039 0.078 0.036 0.040 0.043  B 22392
   2070.85506 11.493 11.382 11.582 11.661 11.843    0.035 0.068 0.033 0.037 0.040  A 22612
   2080.84705 11.406 11.361 11.457 11.439 11.524    0.036 0.071 0.033 0.036 0.040  B 22989
   2082.90270 11.394 11.312 11.389 11.377 11.365    0.034 0.063 0.031 0.033 0.036  A 23479
   2085.90636 11.401 11.361 11.400 11.379 11.348    0.035 0.053 0.031 0.033 0.036  A 23935
   2087.86110 11.454 11.418 11.398 11.305 11.242    0.039 0.058 0.041 0.048 0.053  A 24360
   2088.89157 11.389 11.372 11.335 11.278 11.186    0.034 0.065 0.030 0.033 0.036  A 24602
   2093.89660 11.473 11.470 11.480 11.465 11.380    0.037 0.071 0.032 0.035 0.039  B 24887
   2095.81774 11.341 11.313 11.341 11.316 11.255    0.046 0.074 0.045 0.053 0.060  B 25304
   2103.77139 11.363 11.327 11.367 11.309 11.243    0.040 0.070 0.035 0.037 0.040  B 25869
   2104.85272 11.593 11.424 11.752 11.997 12.435    0.032 0.046 0.029 0.033 0.036  A 26101
   2105.84858 11.414 11.354 11.413 11.374 11.400    0.035 0.059 0.032 0.034 0.038  A 26322
   2106.86606 11.389 11.329 11.384 11.316 11.264    0.039 0.067 0.033 0.036 0.038  A 26532
   2115.78506 11.577 11.470 11.568 11.472 11.481    0.033 0.045 0.029 0.030 0.033  A 26929
   2116.81596 11.626 11.645 11.627 11.638 11.652    0.033 0.045 0.029 0.032 0.035  A 27165
   2134.78199 11.779 11.795 11.742 11.641 11.598    0.033 0.047 0.030 0.032 0.035  A 29275
   2143.75721 11.833 11.805 11.821 11.768 11.654    0.033 0.044 0.030 0.033 0.037  A 30852
   2183.62061 11.648 11.607 11.648 11.647 11.596    0.040 0.051 0.036 0.039 0.044  A 33881
   2465.87118 11.773 11.769 11.766 11.709 11.629    0.045 0.048 0.037 0.042 0.036  A 11161
   2470.83955 11.691 11.671 11.671 11.630 11.492    0.036 0.039 0.030 0.034 0.031  A 12084
   2473.79305 11.738 11.731 11.734 11.675 11.584    0.037 0.039 0.029 0.034 0.031  A 12751
   2490.80045 11.687 11.622 11.671 11.618 11.510    0.044 0.051 0.035 0.036 0.036  A 14137
   2526.84743 11.522 11.498 11.491 11.392 11.237    0.048 0.047 0.037 0.032 0.029  A 18933
   2552.84002 11.346 11.300 11.362 11.312 11.244    0.029 0.039 0.029 0.030 0.033  A 21230
   2786.90074 11.536 11.529 11.497 11.410 11.306    0.030 0.029 0.027 0.028 0.028  A 56679
   2809.86012 11.487 11.512 11.456 11.404 11.286    0.029 0.035 0.027 0.030 0.033  A 59598
   2811.89722 11.637 11.643 11.592 11.495 11.317    0.034 0.032 0.030 0.035 0.039  A 60065
   2834.85356 11.689 11.684 11.676 11.640 11.544    0.045 0.042 0.040 0.047 0.048  A 63427
   2854.76977 11.913 11.917 11.840 11.766 11.612    0.031 0.029 0.026 0.032 0.031  A 65938
   2858.77602 11.985 12.002 11.928 11.869 11.743    0.035 0.030 0.032 0.038 0.035  A 66380
   2860.77664 11.964 11.973 11.897 11.791 11.655    0.031 0.030 0.029 0.033 0.036  A 66810
   2876.76949 12.113 12.138 12.053 11.981 11.850    0.038 0.038 0.032 0.029 0.036  A 68816
   2879.75618 12.185 12.231 12.153 12.075 11.953    0.032 0.030 0.031 0.033 0.033  A 69304
   2885.71755 12.064 12.122 11.995 11.894 11.742    0.036 0.030 0.032 0.032 0.032  A 70060
   2886.82172 12.187 12.214 12.159 12.111 11.930    0.040 0.041 0.036 0.042 0.043  A 70316
   2894.69433 12.020 12.054 11.962 11.869 11.742    0.040 0.036 0.038 0.045 0.046  A 71102
   2905.68061 12.265 12.266 12.280 12.271 12.217    0.034 0.028 0.031 0.033 0.033  A 72999
   2910.67490 12.081 12.099 12.043 11.927 11.789    0.034 0.031 0.036 0.036 0.035  A 73739
   2947.82112 11.635 11.607 11.627 11.612 11.554    0.036 0.042 0.032 0.033 0.036  A 79083
   2998.68658 11.608 11.581 11.590 11.585 11.523    0.031 0.033 0.028 0.032 0.036  A 85740
   3133.92918 29.999 29.999 29.999 29.999 29.999    0.084 0.084 0.075 0.078 0.082  D 102081
   3163.91504 12.059 12.087 12.025 11.960 11.901    0.031 0.033 0.031 0.035 0.040  A 105117
   3177.90239 11.852 11.924 11.801 11.740 11.618    0.066 0.062 0.071 0.082 0.095  D 106987
   3362.67239 11.737 11.613 11.773 11.795 11.817    0.035 0.056 0.034 0.040 0.047  A 124848
   3366.64681 11.837 11.783 11.818 11.799 11.737    0.039 0.047 0.039 0.045 0.054  A 125173
   3511.93152 11.683 11.714 11.714 11.687 11.693    0.034 0.047 0.029 0.033 0.038  A 143771
   3522.89981 11.620 11.534 11.582 11.505 11.336    0.060 0.117 0.055 0.052 0.056  D 145101
   3530.91598 11.688 11.661 11.604 11.517 11.427    0.059 0.070 0.062 0.072 0.085  D 146460
   3541.87778 11.489 11.491 11.498 11.457 11.415    0.038 0.043 0.037 0.044 0.051  A 147322
   3544.89821 11.526 11.506 11.557 11.517 11.457    0.044 0.053 0.043 0.048 0.053  B 147787
   3552.87199 11.446 11.390 11.448 11.375 11.304    0.043 0.056 0.037 0.040 0.046  A 148546
   3556.86933 11.403 11.388 11.381 11.343 11.246    0.036 0.040 0.033 0.032 0.035  A 149143
   3560.85991 11.477 11.473 11.432 11.364 11.337    0.041 0.054 0.039 0.043 0.049  A 149635
   3563.87571 11.488 11.470 11.447 11.382 11.285    0.035 0.037 0.031 0.035 0.038  A 150165
   3574.84522 11.698 11.672 11.715 11.664 11.622    0.041 0.042 0.035 0.040 0.045  A 151357
   3577.84722 11.548 11.485 11.579 11.601 11.555    0.037 0.041 0.035 0.040 0.045  A 151876
   3584.83117 11.519 11.498 11.547 11.517 11.445    0.033 0.048 0.028 0.031 0.036  A 153070
   3587.81403 11.501 11.495 11.451 11.351 11.227    0.042 0.044 0.037 0.040 0.044  A 153583
   3590.81359 11.516 11.450 11.528 11.476 11.416    0.035 0.048 0.029 0.031 0.035  A 154072
   3590.82054 11.483 11.345 11.557 11.622 11.655    0.032 0.045 0.028 0.030 0.034  A 154074
   3593.59805 11.537 11.515 11.576 11.560 11.542    0.036 0.044 0.035 0.038 0.044  A 154524
   3593.60048 11.573 11.517 11.574 11.557 11.497    0.034 0.041 0.034 0.038 0.043  A 154525
   3593.60416 11.626 11.621 11.625 11.611 11.562    0.035 0.041 0.036 0.041 0.046  A 154526
   3593.63501 11.530 11.493 11.492 11.418 11.346    0.034 0.042 0.033 0.037 0.042  A 154535
   3593.63753 11.526 11.489 11.529 11.503 11.428    0.035 0.049 0.034 0.039 0.042  A 154536
   3593.64004 11.533 11.495 11.547 11.496 11.451    0.037 0.049 0.038 0.042 0.045  A 154537
   3593.64254 11.504 11.454 11.499 11.448 11.409    0.036 0.047 0.035 0.040 0.046  A 154538
   3593.64506 11.453 11.444 11.476 11.468 11.475    0.033 0.039 0.034 0.038 0.042  A 154539
   3593.64844 11.554 11.517 11.559 11.550 11.472    0.035 0.046 0.034 0.039 0.044  A 154540
   3593.65087 11.485 11.455 11.495 11.473 11.389    0.037 0.050 0.036 0.039 0.045  A 154541
   3593.65338 11.509 11.526 11.453 11.351 11.269    0.034 0.040 0.033 0.038 0.043  A 154542
   3593.65592 11.509 11.502 11.490 11.407 11.361    0.033 0.039 0.031 0.036 0.041  A 154543
   3593.65927 11.569 11.514 11.605 11.610 11.572    0.033 0.042 0.032 0.038 0.042  A 154544
   3593.66165 11.562 11.484 11.579 11.545 11.418    0.036 0.047 0.035 0.040 0.044  A 154545
   3593.66419 11.551 11.561 11.568 11.532 11.434    0.032 0.035 0.033 0.037 0.041  A 154546
   3593.74411 11.546 11.530 11.511 11.438 11.384    0.048 0.048 0.055 0.069 0.081  D 154549
   3593.74653 11.427 11.397 11.397 11.339 11.265    0.035 0.042 0.031 0.036 0.040  A 154550
   3593.74903 11.676 11.654 11.660 11.556 11.402    0.031 0.035 0.030 0.035 0.041  A 154551
   3593.75153 11.697 11.630 11.660 11.583 11.564    0.033 0.038 0.033 0.037 0.043  A 154552
   3593.75404 11.494 11.475 11.448 11.372 11.309    0.030 0.035 0.029 0.034 0.040  A 154553
   3593.75656 11.380 11.410 11.345 11.217 11.076    0.030 0.033 0.029 0.035 0.038  A 154554
   3593.75906 11.487 11.488 11.470 11.359 11.326    0.032 0.038 0.033 0.036 0.040  A 154555
   3593.76156 11.569 11.516 11.553 11.510 11.486    0.031 0.045 0.031 0.036 0.040  A 154556
   3593.76410 11.557 11.558 11.538 11.520 11.524    0.032 0.036 0.030 0.034 0.040  A 154557
   3593.76660 11.572 11.515 11.576 11.544 11.443    0.032 0.037 0.030 0.035 0.040  A 154558
   3593.76910 11.462 11.494 11.405 11.347 11.217    0.031 0.037 0.030 0.034 0.039  A 154559
   3593.77242 11.503 11.516 11.492 11.453 11.469    0.033 0.040 0.030 0.035 0.039  A 154560
   3593.77490 11.614 11.570 11.685 11.718 11.801    0.031 0.038 0.030 0.035 0.038  A 154561
   3593.77743 11.834 11.687 12.029 12.256 12.833    0.032 0.034 0.030 0.034 0.038  A 154562
   3593.77990 11.727 11.641 11.859 12.054 12.455    0.031 0.043 0.031 0.034 0.039  A 154563
   3594.59386 11.468 11.440 11.442 11.395 11.370    0.046 0.075 0.042 0.045 0.048  B 154683
   3594.59630 11.512 11.440 11.538 11.563 11.565    0.034 0.053 0.032 0.036 0.039  A 154684
   3594.59878 11.511 11.495 11.469 11.417 11.332    0.035 0.045 0.032 0.036 0.039  A 154685
   3594.60218 11.535 11.494 11.509 11.468 11.423    0.034 0.048 0.033 0.036 0.041  A 154686
   3594.63498 11.473 11.296 11.553 11.578 11.572    0.037 0.070 0.036 0.041 0.047  B 154695
   3594.63751 11.419 11.339 11.420 11.358 11.406    0.037 0.061 0.038 0.043 0.047  A 154696
   3594.64087 11.428 11.325 11.437 11.394 11.459    0.040 0.077 0.039 0.045 0.050  B 154697
   3594.64325 11.486 11.384 11.498 11.539 11.567    0.035 0.061 0.036 0.041 0.046  A 154698
   3594.64574 11.442 11.388 11.419 11.380 11.338    0.034 0.059 0.036 0.040 0.045  A 154699
   3594.64826 11.482 11.339 11.481 11.492 11.476    0.040 0.068 0.041 0.045 0.050  A 154700
   3594.65074 11.510 11.484 11.513 11.512 11.450    0.033 0.042 0.033 0.037 0.044  A 154701
   3594.65330 11.482 11.431 11.571 11.609 11.645    0.034 0.055 0.034 0.040 0.045  A 154702
   3594.65579 11.455 11.378 11.468 11.449 11.473    0.032 0.052 0.033 0.036 0.042  A 154703
   3594.65831 11.441 11.305 11.481 11.445 11.442    0.036 0.071 0.035 0.040 0.045  B 154704
   3594.66169 11.552 11.511 11.557 11.535 11.529    0.034 0.043 0.032 0.037 0.042  A 154705
   3594.66406 11.504 11.368 11.527 11.509 11.461    0.040 0.069 0.034 0.039 0.044  A 154706
   3594.66659 11.574 11.507 11.607 11.670 11.699    0.033 0.054 0.033 0.037 0.043  A 154707
   3594.66909 11.532 11.418 11.581 11.611 11.609    0.045 0.076 0.045 0.049 0.053  B 154708
   3594.67159 11.550 11.502 11.532 11.510 11.433    0.037 0.051 0.035 0.039 0.043  A 154709
   3594.67409 11.594 11.555 11.567 11.537 11.535    0.037 0.061 0.037 0.041 0.046  A 154710
   3594.67652 11.522 11.410 11.521 11.498 11.518    0.036 0.059 0.036 0.040 0.047  A 154711
   3594.67915 11.575 11.528 11.563 11.527 11.558    0.034 0.045 0.033 0.036 0.041  A 154712
   3594.68165 11.428 11.362 11.413 11.430 11.314    0.042 0.069 0.040 0.044 0.048  A 154713
   3594.68414 11.504 11.437 11.495 11.439 11.347    0.038 0.049 0.036 0.040 0.045  A 154714
   3594.68665 11.510 11.450 11.492 11.427 11.446    0.036 0.055 0.035 0.038 0.044  A 154715
   3594.68913 11.442 11.362 11.460 11.430 11.334    0.033 0.053 0.034 0.039 0.043  A 154716
   3594.69165 11.441 11.337 11.467 11.452 11.388    0.033 0.055 0.034 0.039 0.044  A 154717
   3594.69418 11.507 11.415 11.481 11.461 11.356    0.034 0.045 0.034 0.038 0.043  A 154718
   3594.69670 11.484 11.402 11.463 11.407 11.335    0.036 0.055 0.036 0.041 0.045  A 154719
   3594.69921 11.592 11.514 11.554 11.547 11.568    0.033 0.050 0.033 0.039 0.043  A 154720
   3594.70174 11.545 11.492 11.552 11.573 11.538    0.031 0.042 0.031 0.036 0.041  A 154721
   3594.70436 11.504 11.467 11.490 11.432 11.302    0.031 0.039 0.029 0.033 0.038  A 154722
   3594.70687 11.522 11.475 11.506 11.473 11.387    0.034 0.050 0.032 0.035 0.040  A 154723
   3594.71022 11.518 11.441 11.508 11.475 11.433    0.035 0.056 0.035 0.039 0.043  A 154724
   3594.71260 11.535 11.426 11.549 11.506 11.533    0.032 0.047 0.032 0.037 0.042  A 154725
   3594.71510 11.485 11.451 11.466 11.438 11.358    0.031 0.039 0.030 0.034 0.039  A 154726
   3594.71760 11.457 11.434 11.452 11.417 11.375    0.034 0.049 0.034 0.039 0.044  A 154727
   3594.72012 11.468 11.478 11.469 11.435 11.477    0.036 0.053 0.038 0.043 0.049  A 154728
   3594.72264 11.492 11.430 11.517 11.494 11.480    0.039 0.069 0.038 0.045 0.051  A 154729
   3594.72590 11.495 11.491 11.456 11.413 11.392    0.036 0.055 0.035 0.040 0.045  A 154730
   3594.72915 11.441 11.382 11.432 11.361 11.346    0.031 0.050 0.034 0.039 0.044  A 154731
   3594.73164 11.505 11.472 11.501 11.443 11.434    0.034 0.048 0.035 0.040 0.045  A 154732
   3594.73412 11.485 11.448 11.488 11.446 11.425    0.036 0.052 0.036 0.041 0.046  A 154733
   3594.73663 11.559 11.557 11.553 11.490 11.442    0.033 0.040 0.033 0.037 0.043  A 154734
   3594.73913 11.524 11.514 11.523 11.520 11.521    0.035 0.041 0.035 0.038 0.043  A 154735
   3594.74164 11.505 11.551 11.438 11.334 11.212    0.034 0.041 0.034 0.037 0.042  A 154736
   3594.74414 11.589 11.522 11.552 11.500 11.388    0.033 0.045 0.032 0.036 0.041  A 154737
   3594.74664 11.506 11.452 11.511 11.506 11.429    0.035 0.040 0.033 0.037 0.041  A 154738
   3594.74914 11.532 11.536 11.525 11.540 11.525    0.045 0.055 0.044 0.049 0.045  B 154739
   3594.75167 11.600 11.585 11.605 11.599 11.562    0.035 0.043 0.034 0.039 0.044  A 154740
   3594.75418 11.586 11.516 11.599 11.581 11.499    0.040 0.040 0.041 0.046 0.041  A 154741
   3594.75745 11.707 11.656 11.740 11.752 11.663    0.043 0.060 0.044 0.049 0.045  B 154742
   3594.76852 11.541 11.538 11.528 11.494 11.447    0.036 0.055 0.032 0.036 0.041  A 154744
   3594.77104 11.580 11.550 11.599 11.614 11.618    0.034 0.042 0.041 0.038 0.042  A 154745
   3594.77356 11.751 11.645 11.916 12.150 12.577    0.043 0.057 0.035 0.040 0.043  A 154746
   3594.77603 11.736 11.614 11.905 12.114 12.438    0.034 0.038 0.033 0.039 0.043  A 154747
   3606.68995 11.426 11.371 11.409 11.383 11.322    0.041 0.042 0.043 0.051 0.060  B 156209
   3606.69235 11.373 11.339 11.329 11.249 11.161    0.040 0.045 0.036 0.036 0.040  A 156210
   3606.69482 11.313 11.377 11.248 11.143 10.996    0.034 0.034 0.029 0.033 0.037  A 156211
   3606.69731 11.431 11.373 11.402 11.368 11.353    0.033 0.036 0.031 0.036 0.041  A 156212
   3606.70073 11.426 11.384 11.422 11.382 11.337    0.036 0.036 0.033 0.036 0.042  A 156213
   3606.70311 11.397 11.291 11.373 11.336 11.382    0.033 0.038 0.031 0.035 0.040  A 156214
   3606.70558 11.327 11.320 11.238 11.172 11.088    0.032 0.034 0.028 0.032 0.036  A 156215
   3606.70808 11.348 11.320 11.299 11.243 11.213    0.032 0.036 0.029 0.033 0.037  A 156216
   3607.56050 11.439 11.431 11.413 11.368 11.336    0.034 0.046 0.032 0.035 0.040  A 156251
   3607.56295 11.453 11.361 11.444 11.413 11.429    0.042 0.072 0.037 0.040 0.043  B 156252
   3607.56551 11.440 11.414 11.450 11.443 11.442    0.038 0.046 0.036 0.039 0.042  A 156253
   3607.56807 11.450 11.421 11.400 11.327 11.267    0.037 0.049 0.036 0.040 0.043  A 156254
   3607.59842 11.373 11.259 11.404 11.432 11.416    0.038 0.065 0.037 0.041 0.045  A 156263
   3607.60090 11.419 11.314 11.416 11.399 11.378    0.042 0.052 0.032 0.036 0.040  A 156264
   3607.60344 11.384 11.366 11.356 11.299 11.208    0.034 0.045 0.032 0.036 0.041  A 156265
   3607.60670 99.999 99.999 99.999 99.999 99.999    0.032 0.044 0.031 0.036 0.040  C 156266
   3607.60995 11.335 11.189 11.360 11.423 11.396    0.034 0.046 0.034 0.037 0.042  A 156267
   3607.61245 11.395 11.310 11.399 11.365 11.291    0.062 0.076 0.053 0.048 0.053  D 156268
   3607.61573 11.389 11.282 11.377 11.358 11.258    0.060 0.088 0.053 0.051 0.049  D 156269
   3607.61823 11.379 11.359 11.336 11.265 11.141    0.039 0.073 0.037 0.040 0.044  B 156270
   3607.62073 99.999 99.999 99.999 99.999 99.999    0.034 0.052 0.034 0.037 0.042  C 156271
   3607.62323 11.357 11.336 11.342 11.284 11.276    0.037 0.054 0.035 0.040 0.043  A 156272
   3607.62574 11.310 11.328 11.261 11.229 11.144    0.082 0.105 0.049 0.043 0.040  D 156273
   3607.62825 11.350 11.270 11.305 11.294 11.219    0.034 0.047 0.033 0.037 0.040  A 156274
   3607.63072 11.425 11.337 11.435 11.426 11.407    0.053 0.073 0.046 0.039 0.042  B 156275
   3607.63324 11.290 11.225 11.261 11.197 11.143    0.054 0.070 0.048 0.039 0.057  B 156276
   3607.63577 11.370 11.317 11.371 11.330 11.235    0.045 0.098 0.045 0.047 0.050  D 156277
   3607.63827 11.407 11.298 11.461 11.433 11.393    0.067 0.087 0.056 0.046 0.059  D 156278
   3607.64075 11.392 11.396 11.359 11.305 11.264    0.032 0.040 0.031 0.036 0.040  A 156279
   3607.64325 11.454 11.393 11.452 11.429 11.296    0.043 0.058 0.033 0.037 0.041  A 156280
   3607.64574 11.360 11.352 11.348 11.300 11.268    0.040 0.046 0.043 0.049 0.053  B 156281
   3607.64920 12.100 12.147 12.075 12.049 12.000    0.041 0.061 0.040 0.042 0.048  A 156282
   3607.65237 11.453 11.382 11.465 11.468 11.483    0.047 0.066 0.047 0.058 0.055  B 156283
   3607.65474 11.376 11.311 11.390 11.342 11.283    0.035 0.042 0.035 0.039 0.042  A 156284
   3607.65801 11.433 11.328 11.445 11.425 11.468    0.034 0.042 0.033 0.038 0.041  A 156285
   3607.66051 11.493 11.397 11.450 11.393 11.391    0.040 0.056 0.039 0.040 0.044  A 156286
   3607.66297 11.521 11.401 11.540 11.498 11.544    0.035 0.039 0.035 0.038 0.042  A 156287
   3607.66631 11.308 11.259 11.313 11.248 11.122    0.035 0.051 0.036 0.040 0.043  A 156288
   3607.66868 11.326 11.319 11.306 11.212 11.178    0.033 0.042 0.033 0.038 0.042  A 156289
   3607.67119 11.241 11.303 11.189 11.181 11.178    0.033 0.035 0.032 0.037 0.041  A 156290
   3607.67371 11.121 11.118 11.145 11.132 11.151    0.035 0.049 0.033 0.038 0.042  A 156291
   3607.67622 11.111 11.067 11.083 11.061 11.033    0.033 0.041 0.031 0.035 0.040  A 156292
   3607.67866 11.250 11.245 11.260 11.244 11.190    0.033 0.041 0.032 0.037 0.042  A 156293
   3607.68117 11.337 11.314 11.269 11.131 11.047    0.032 0.039 0.032 0.036 0.042  A 156294
   3607.68366 11.362 11.335 11.366 11.320 11.236    0.034 0.041 0.033 0.038 0.041  A 156295
   3607.68617 11.372 11.337 11.360 11.312 11.168    0.032 0.038 0.032 0.037 0.040  A 156296
   3607.68868 11.398 11.347 11.430 11.408 11.323    0.034 0.042 0.033 0.037 0.041  A 156297
   3607.69118 11.392 11.313 11.395 11.366 11.293    0.034 0.040 0.031 0.036 0.041  A 156298
   3607.69369 11.446 11.383 11.469 11.439 11.371    0.032 0.040 0.031 0.034 0.041  A 156299
   3607.69617 11.378 11.356 11.343 11.287 11.244    0.032 0.037 0.030 0.035 0.040  A 156300
   3607.69869 11.426 11.359 11.443 11.431 11.343    0.033 0.046 0.031 0.036 0.041  A 156301
   3607.70117 11.387 11.382 11.352 11.278 11.199    0.033 0.039 0.031 0.035 0.040  A 156302
   3607.70365 11.424 11.351 11.467 11.487 11.385    0.033 0.043 0.032 0.036 0.040  A 156303
   3607.70621 11.412 11.373 11.378 11.361 11.302    0.033 0.040 0.032 0.036 0.041  A 156304
   3607.70876 11.407 11.357 11.457 11.456 11.457    0.034 0.041 0.032 0.036 0.042  A 156305
   3607.71125 11.463 11.394 11.469 11.446 11.376    0.035 0.045 0.033 0.037 0.041  A 156306
   3607.71377 11.406 11.340 11.372 11.318 11.328    0.034 0.044 0.032 0.036 0.041  A 156307
   3607.71869 11.426 11.392 11.407 11.359 11.386    0.033 0.037 0.032 0.036 0.042  A 156309
   3607.72118 11.458 11.426 11.451 11.405 11.358    0.033 0.041 0.032 0.037 0.042  A 156310
   3607.72443 11.363 11.315 11.394 11.397 11.356    0.033 0.042 0.033 0.037 0.043  A 156311
   3607.72694 11.398 11.353 11.381 11.350 11.271    0.032 0.041 0.030 0.034 0.040  A 156312
   3607.72943 11.376 11.348 11.382 11.359 11.328    0.037 0.043 0.033 0.038 0.043  A 156313
   3607.73193 11.458 11.392 11.472 11.451 11.430    0.034 0.038 0.031 0.036 0.041  A 156314
   3607.73519 11.432 11.392 11.416 11.359 11.298    0.036 0.047 0.033 0.038 0.044  A 156315
   3607.73768 11.418 11.352 11.402 11.347 11.247    0.034 0.039 0.032 0.036 0.043  A 156316
   3607.74018 11.409 11.277 11.435 11.455 11.418    0.040 0.051 0.037 0.041 0.047  A 156317
   3607.74270 11.414 11.444 11.403 11.418 11.400    0.033 0.038 0.032 0.038 0.043  A 156318
   3607.74523 11.401 11.362 11.378 11.330 11.249    0.032 0.039 0.032 0.036 0.042  A 156319
   3607.74776 11.435 11.443 11.450 11.459 11.455    0.044 0.053 0.043 0.038 0.043  B 156320
   3607.75026 11.431 11.391 11.439 11.382 11.330    0.033 0.043 0.031 0.035 0.041  A 156321
   3607.75274 11.441 11.414 11.435 11.444 11.443    0.033 0.042 0.031 0.035 0.040  A 156322
   3607.75522 11.576 11.410 11.691 11.852 11.967    0.035 0.041 0.032 0.037 0.041  A 156323
   3607.75850 11.732 11.575 11.952 12.331 13.209    0.034 0.040 0.032 0.037 0.042  A 156324
   3608.55615 11.420 11.417 11.414 11.387 11.392    0.037 0.052 0.035 0.035 0.040  A 156442
   3608.55862 11.497 11.516 11.492 11.482 11.436    0.032 0.047 0.032 0.034 0.039  A 156443
   3608.56108 11.544 11.516 11.538 11.539 11.506    0.031 0.042 0.032 0.036 0.042  A 156444
   3608.56359 11.485 11.464 11.474 11.457 11.425    0.031 0.041 0.031 0.036 0.041  A 156445
   3608.56610 11.602 11.582 11.546 11.449 11.345    0.046 0.049 0.039 0.041 0.047  A 156446
   3608.59697 11.431 11.330 11.393 11.307 11.269    0.040 0.060 0.040 0.045 0.048  A 156455
   3608.59949 11.414 11.381 11.396 11.335 11.306    0.031 0.039 0.030 0.035 0.040  A 156456
   3608.60205 11.428 11.399 11.399 11.345 11.316    0.050 0.068 0.049 0.042 0.047  B 156457
   3608.60459 11.412 11.355 11.429 11.392 11.365    0.035 0.063 0.033 0.038 0.042  A 156458
   3608.60720 11.435 11.327 11.461 11.467 11.438    0.047 0.079 0.045 0.047 0.052  B 156459
   3608.60966 11.410 11.339 11.396 11.350 11.278    0.031 0.043 0.032 0.036 0.040  A 156460
   3608.61209 11.449 11.328 11.466 11.437 11.476    0.039 0.062 0.038 0.041 0.046  A 156461
   3608.61463 11.470 11.383 11.485 11.503 11.530    0.033 0.052 0.031 0.036 0.041  A 156462
   3608.61714 11.440 11.377 11.429 11.401 11.421    0.035 0.059 0.034 0.040 0.045  A 156463
   3608.61970 11.386 11.325 11.348 11.262 11.267    0.036 0.056 0.035 0.038 0.042  A 156464
   3608.62230 11.396 11.378 11.361 11.287 11.222    0.036 0.061 0.035 0.039 0.044  A 156465
   3608.62476 11.381 11.387 11.408 11.400 11.326    0.033 0.039 0.031 0.035 0.041  A 156466
   3608.62724 11.410 11.306 11.377 11.327 11.263    0.035 0.068 0.034 0.038 0.043  A 156467
   3608.62979 11.423 11.299 11.422 11.370 11.386    0.037 0.069 0.036 0.042 0.046  A 156468
   3608.63226 11.432 11.303 11.472 11.425 11.395    0.036 0.073 0.034 0.039 0.043  B 156469
   3608.63477 11.479 11.404 11.462 11.439 11.421    0.035 0.055 0.033 0.038 0.042  A 156470
   3608.63728 11.473 11.389 11.478 11.454 11.578    0.032 0.052 0.031 0.036 0.041  A 156471
   3608.63980 11.424 11.438 11.373 11.289 11.195    0.046 0.054 0.046 0.039 0.044  B 156472
   3608.64223 11.432 11.397 11.392 11.332 11.230    0.033 0.045 0.033 0.037 0.040  A 156473
   3608.64477 11.503 11.428 11.480 11.463 11.443    0.038 0.055 0.038 0.042 0.046  A 156474
   3608.64724 11.434 11.370 11.429 11.397 11.407    0.034 0.051 0.033 0.037 0.041  A 156475
   3608.65053 11.435 11.327 11.494 11.482 11.516    0.036 0.053 0.035 0.040 0.043  A 156476
   3608.65293 11.468 11.438 11.448 11.401 11.335    0.032 0.040 0.031 0.036 0.040  A 156477
   3608.65544 11.452 11.454 11.451 11.427 11.417    0.031 0.046 0.031 0.036 0.041  A 156478
   3608.65795 11.457 11.402 11.472 11.437 11.375    0.029 0.038 0.030 0.035 0.039  A 156479
   3608.66043 11.409 11.408 11.394 11.377 11.353    0.038 0.053 0.032 0.036 0.039  A 156480
   3608.66300 11.422 11.434 11.376 11.341 11.372    0.031 0.048 0.031 0.036 0.039  A 156481
   3608.66550 11.353 11.341 11.311 11.275 11.272    0.031 0.045 0.031 0.036 0.041  A 156482
   3608.66796 11.424 11.353 11.419 11.372 11.316    0.033 0.045 0.033 0.037 0.041  A 156483
   3608.67045 11.484 11.470 11.496 11.494 11.459    0.031 0.047 0.030 0.033 0.038  A 156484
   3608.67296 11.505 11.382 11.577 11.650 11.683    0.031 0.049 0.031 0.036 0.041  A 156485
   3608.67547 11.459 11.380 11.469 11.457 11.427    0.042 0.059 0.041 0.044 0.048  A 156486
   3608.67791 11.495 11.414 11.482 11.464 11.413    0.032 0.047 0.031 0.036 0.040  A 156487
   3608.68119 11.449 11.415 11.449 11.419 11.360    0.033 0.039 0.033 0.037 0.041  A 156488
   3608.68368 99.999 99.999 99.999 99.999 99.999    0.035 0.043 0.032 0.036 0.040  C 156489
   3608.68619 11.432 11.451 11.393 11.344 11.257    0.035 0.045 0.033 0.036 0.042  A 156490
   3608.68869 11.487 11.485 11.458 11.435 11.370    0.033 0.041 0.031 0.034 0.041  A 156491
   3608.69113 11.487 11.463 11.486 11.442 11.425    0.034 0.043 0.034 0.037 0.041  A 156492
   3608.69363 11.472 11.417 11.510 11.518 11.488    0.035 0.046 0.034 0.039 0.044  A 156493
   3608.69614 11.487 11.434 11.524 11.534 11.536    0.035 0.044 0.034 0.038 0.043  A 156494
   3608.69864 11.466 11.393 11.442 11.433 11.400    0.042 0.048 0.034 0.037 0.040  A 156495
   3608.70108 11.462 11.472 11.419 11.369 11.298    0.038 0.047 0.034 0.036 0.040  A 156496
   3608.70357 11.483 11.449 99.999 99.999 99.999    0.033 0.046 0.030 0.035 0.039  C 156497
   3608.70607 11.508 11.468 11.531 11.539 11.473    0.033 0.040 0.030 0.036 0.040  A 156498
   3608.70858 11.481 11.450 11.446 11.388 11.316    0.037 0.053 0.032 0.035 0.039  A 156499
   3608.71111 11.433 11.370 11.446 11.432 11.421    0.032 0.048 0.034 0.038 0.044  A 156500
   3608.71361 11.424 11.402 11.382 11.348 11.288    0.032 0.043 0.030 0.034 0.037  A 156501
   3608.71612 11.455 11.386 11.437 11.376 11.328    0.032 0.039 0.030 0.034 0.039  A 156502
   3608.71862 11.330 11.306 11.304 11.230 11.174    0.032 0.040 0.031 0.035 0.039  A 156503
   3608.72112 11.434 11.397 11.403 11.370 11.288    0.034 0.040 0.031 0.035 0.039  A 156504
   3608.72361 11.425 11.404 11.413 11.378 11.379    0.032 0.042 0.031 0.035 0.040  A 156505
   3608.72611 11.433 11.342 11.408 11.369 11.255    0.039 0.055 0.035 0.039 0.045  A 156506
   3608.72858 11.436 11.391 11.432 11.378 11.275    0.035 0.041 0.031 0.035 0.040  A 156507
   3608.73112 11.407 11.397 11.401 11.404 11.306    0.035 0.045 0.033 0.037 0.042  A 156508
   3608.73363 11.435 11.387 11.436 11.401 11.299    0.034 0.045 0.031 0.035 0.038  A 156509
   3608.73613 11.399 11.337 11.394 11.333 11.274    0.035 0.042 0.032 0.035 0.039  A 156510
   3609.61135 11.356 11.269 11.327 11.298 11.369    0.048 0.065 0.050 0.056 0.063  B 156627
   3609.61386 11.396 11.396 11.395 11.382 11.403    0.040 0.049 0.040 0.043 0.048  A 156628
   3609.61637 11.249 11.263 11.284 11.208 11.163    0.052 0.063 0.053 0.057 0.060  B 156629
   3609.62249 11.463 11.418 11.444 11.391 11.396    0.048 0.055 0.047 0.051 0.056  B 156631
   3609.62499 11.414 11.411 11.402 11.374 11.420    0.058 0.072 0.039 0.043 0.049  B 156632
   3609.62749 11.370 11.313 11.389 11.359 11.440    0.043 0.062 0.042 0.046 0.052  A 156633
   3610.69649 11.497 11.439 11.540 11.540 11.543    0.052 0.053 0.055 0.066 0.076  D 156698
   3610.70759 11.538 11.472 11.602 11.603 11.632    0.075 0.070 0.081 0.096 0.108  D 156702
   3610.71011 11.747 11.681 11.899 12.079 11.972    0.094 0.086 0.109 0.134 0.159  D 156703
   3610.71280 11.731 11.542 11.892 11.955 11.821    0.094 0.087 0.107 0.127 0.147  D 156704
   3615.53416 11.515 11.492 11.503 11.478 11.482    0.047 0.066 0.050 0.052 0.047  B 156859
   3615.53662 11.489 11.450 11.448 11.408 11.299    0.063 0.075 0.046 0.050 0.054  D 156860
   3615.53916 11.550 11.538 11.546 11.546 11.493    0.036 0.047 0.038 0.041 0.043  A 156861
   3615.54169 11.618 11.596 11.610 11.607 11.629    0.043 0.069 0.043 0.057 0.054  B 156862
   3615.54425 11.499 11.551 11.504 11.464 11.418    0.037 0.046 0.039 0.042 0.047  A 156863
   3615.57798 11.494 11.480 11.486 11.436 11.368    0.041 0.065 0.040 0.044 0.049  A 156873
   3615.58050 11.467 11.478 11.424 11.346 11.305    0.040 0.057 0.040 0.044 0.051  A 156874
   3615.58549 11.544 11.541 11.505 11.431 11.328    0.054 0.077 0.044 0.049 0.054  B 156876
   3615.59640 11.613 11.581 11.641 11.698 11.734    0.048 0.063 0.046 0.049 0.053  B 156880
   3615.59878 11.580 11.540 11.617 11.630 11.543    0.042 0.049 0.045 0.050 0.056  B 156881
   3615.60129 11.512 11.517 11.503 11.445 11.429    0.042 0.046 0.042 0.048 0.057  A 156882
   3615.60375 11.528 11.416 11.573 11.601 11.543    0.040 0.050 0.041 0.047 0.054  A 156883
   3615.60625 11.561 11.515 11.588 11.573 99.999    0.050 0.054 0.045 0.051 0.058  C 156884
   3615.60876 11.448 11.442 11.431 11.375 99.999    0.041 0.047 0.041 0.046 0.050  C 156885
   3615.61125 11.481 11.462 11.436 11.364 11.317    0.063 0.079 0.066 0.064 0.072  D 156886
   3615.61371 11.502 11.444 11.540 11.507 11.462    0.060 0.093 0.067 0.067 0.079  D 156887
   3615.61623 11.503 11.460 11.468 11.408 11.340    0.044 0.046 0.043 0.048 0.055  B 156888
   3615.62705 11.556 11.507 11.561 11.566 11.589    0.078 0.081 0.074 0.070 0.075  D 156892
   3615.63198 11.605 11.578 11.570 11.516 11.398    0.037 0.054 0.037 0.043 0.057  A 156894
   3615.63452 11.540 11.540 11.521 11.457 11.380    0.051 0.061 0.052 0.042 0.055  B 156895
   3615.63704 11.569 11.545 11.642 11.688 11.709    0.059 0.071 0.052 0.058 0.064  D 156896
   3615.64531 11.556 11.524 11.536 11.526 11.450    0.045 0.061 0.045 0.041 0.046  B 156899
   3615.64781 11.578 11.571 11.574 11.546 11.450    0.043 0.057 0.043 0.049 0.053  B 156900
   3615.65033 11.477 11.502 11.439 11.389 11.325    0.053 0.062 0.048 0.053 0.054  B 156901
   3615.65283 11.507 11.413 11.552 11.555 11.538    0.053 0.059 0.053 0.054 0.056  B 156902
   3615.65538 11.518 11.491 11.494 11.438 11.303    0.067 0.069 0.068 0.075 0.070  D 156903
   3615.65785 11.493 11.460 11.441 11.395 11.289    0.043 0.046 0.044 0.051 0.058  B 156904
   3615.66037 11.512 11.447 11.474 11.472 11.401    0.053 0.064 0.050 0.058 0.066  B 156905
   3615.66288 11.383 11.375 11.373 11.318 11.233    0.044 0.050 0.044 0.051 0.065  B 156906
   3615.66541 11.391 11.390 11.339 11.272 11.212    0.059 0.058 0.054 0.055 0.056  D 156907
   3615.66791 11.417 11.424 11.348 11.253 11.167    0.061 0.066 0.060 0.058 0.069  D 156908
   3615.67041 11.368 11.309 11.333 11.253 11.180    0.041 0.046 0.041 0.044 0.051  A 156909
   3615.67295 99.999 99.999 99.999 99.999 99.999    0.045 0.051 0.038 0.044 0.049  C 156910
   3615.67544 11.481 11.401 11.452 11.376 11.360    0.052 0.059 0.052 0.050 0.055  B 156911
   3615.67787 11.403 11.413 11.320 11.215 11.140    0.049 0.062 0.048 0.054 0.062  B 156912
   3615.68038 11.416 11.385 11.391 11.374 11.293    0.064 0.068 0.062 0.056 0.069  D 156913
   3615.68289 11.306 11.308 11.279 11.220 11.113    0.047 0.061 0.047 0.051 0.057  B 156914
   3615.68532 11.419 11.426 11.405 11.367 11.292    0.042 0.046 0.042 0.046 0.053  A 156915
   3615.68786 11.458 11.417 11.452 11.400 11.306    0.040 0.052 0.040 0.047 0.052  A 156916
   3615.69037 11.460 11.391 11.495 11.474 11.405    0.042 0.047 0.043 0.049 0.058  B 156917
   3615.69287 11.450 11.396 11.443 11.344 11.294    0.041 0.049 0.041 0.046 0.052  A 156918
   3615.69536 11.440 11.396 11.457 11.447 11.421    0.039 0.044 0.037 0.041 0.046  A 156919
   3615.69780 11.369 11.351 11.328 11.278 11.227    0.040 0.044 0.038 0.044 0.051  A 156920
   3615.70031 11.460 11.427 11.419 11.353 11.231    0.044 0.046 0.045 0.053 0.060  B 156921
   3615.70284 11.501 11.512 11.495 11.445 11.368    0.042 0.045 0.042 0.050 0.058  A 156922
   3615.70528 11.449 11.455 11.424 11.350 11.310    0.043 0.047 0.042 0.048 0.054  A 156923
   3615.70779 11.465 11.369 11.464 11.377 11.257    0.048 0.049 0.049 0.048 0.053  B 156924
   3615.71112 11.518 11.407 11.592 11.612 11.636    0.052 0.059 0.050 0.054 0.058  B 156925
   3615.71350 11.356 11.399 11.339 11.274 11.272    0.049 0.058 0.048 0.052 0.058  B 156926
   3615.71599 11.381 11.360 11.440 11.488 11.476    0.047 0.049 0.041 0.045 0.050  A 156927
   3615.71852 11.411 11.343 11.461 11.472 11.377    0.046 0.053 0.046 0.048 0.052  B 156928
   3615.72106 11.432 11.389 11.450 11.428 11.353    0.044 0.058 0.037 0.041 0.046  A 156929
   3615.72363 11.459 11.421 11.492 11.507 11.555    0.036 0.038 0.033 0.037 0.043  A 156930
   3615.72699 11.670 11.562 11.878 12.266 13.251    0.036 0.041 0.034 0.039 0.044  A 156931
   3621.73113 11.497 11.487 11.471 11.403 11.339    0.047 0.053 0.046 0.051 0.060  B 157771
   3860.92708 11.864 11.841 11.864 11.799 11.717    0.046 0.080 0.041 0.046 0.050  B 188928
   3866.91481 11.819 11.769 11.832 11.813 11.801    0.040 0.067 0.037 0.041 0.044  A 189974
   3870.91108 11.865 11.901 11.797 11.707 11.650    0.042 0.061 0.040 0.047 0.055  A 190653
   3877.90243 11.883 11.863 11.828 11.745 11.675    0.041 0.060 0.035 0.038 0.042  A 191580
   3892.89603 12.045 12.101 11.950 11.845 11.725    0.034 0.043 0.030 0.034 0.039  A 193612
   3898.92259 12.043 12.005 12.021 11.961 11.889    0.037 0.047 0.036 0.040 0.046  A 194448
   3902.89968 12.277 12.213 12.324 12.332 12.479    0.036 0.045 0.033 0.039 0.045  A 195122
   3906.87011 12.132 12.168 12.069 11.964 11.829    0.036 0.047 0.033 0.035 0.040  A 195871
   3909.91906 12.424 12.323 12.488 12.555 12.479    0.037 0.054 0.035 0.039 0.044  A 196469
   4231.91962 99.999 99.999 99.999 99.999 99.999    0.040 0.054 0.036 0.041 0.048  C 223971
   4245.90809 11.593 11.569 11.584 11.549 11.551    0.075 0.070 0.085 0.099 0.110  D 226127
   4256.89537 11.684 11.658 11.638 11.583 11.503    0.042 0.045 0.033 0.037 0.043  A 227341
   4273.88021 11.761 11.790 11.694 11.606 11.527    0.042 0.043 0.034 0.037 0.040  A 228579
   4278.90812 11.621 11.552 11.639 11.565 11.518    0.058 0.062 0.057 0.061 0.064  D 229228
   4285.87911 11.757 11.738 11.781 11.725 11.610    0.042 0.045 0.039 0.044 0.051  A 230063
   4290.87051 11.698 11.683 11.659 11.573 11.490    0.052 0.055 0.049 0.055 0.057  B 230578
   4293.87685 11.821 11.824 11.790 11.759 11.743    0.040 0.042 0.034 0.035 0.039  A 231137
   4296.87924 11.705 11.668 11.711 11.716 11.722    0.047 0.051 0.045 0.053 0.060  B 231653
   4299.87111 11.749 11.704 11.773 11.767 11.816    0.045 0.054 0.042 0.039 0.049  A 232196
   4301.86178 11.795 11.711 11.789 11.810 11.808    0.039 0.042 0.033 0.038 0.042  A 232546
   4304.80708 11.710 11.721 11.668 11.679 11.566    0.048 0.050 0.045 0.050 0.055  B 233014
   4306.83084 11.734 11.693 11.724 11.680 11.569    0.035 0.036 0.030 0.031 0.036  A 233385
   4308.82579 11.726 11.739 11.698 11.671 11.718    0.051 0.050 0.050 0.058 0.067  D 233713
   4310.84350 11.775 11.758 11.756 11.764 11.701    0.039 0.040 0.036 0.041 0.047  A 233966
   4312.84408 11.780 11.880 11.755 11.701 11.648    0.064 0.082 0.064 0.075 0.088  D 234294
   4316.77686 11.940 11.896 12.047 12.115 12.217    0.044 0.045 0.041 0.046 0.051  A 234692
   4319.87355 11.882 11.914 11.859 11.818 11.752    0.040 0.041 0.035 0.040 0.045  A 235065
   4329.85431 11.925 11.887 11.939 11.939 11.975    0.043 0.041 0.040 0.043 0.047  A 235214
   4331.82671 12.018 11.889 12.068 12.138 12.142    0.037 0.037 0.032 0.035 0.039  A 235563
   4336.79073 12.015 12.046 12.016 12.014 11.960    0.038 0.037 0.034 0.038 0.041  A 236255
   4339.75640 12.062 12.061 12.071 12.029 12.010    0.040 0.040 0.034 0.037 0.043  A 236630
   4341.76737 12.115 12.098 12.089 12.070 12.156    0.038 0.039 0.032 0.036 0.042  A 236969
   4343.80102 11.913 11.892 11.871 11.825 11.735    0.048 0.049 0.048 0.054 0.059  B 237334
   4345.80753 11.834 11.858 11.813 11.722 11.635    0.040 0.043 0.037 0.041 0.047  A 237662
   4347.82709 12.154 12.096 12.155 12.205 12.183    0.052 0.049 0.052 0.058 0.063  B 238023
   4350.72932 11.916 11.954 11.862 11.814 11.810    0.038 0.044 0.035 0.038 0.042  A 238480
   4353.71948 12.054 12.005 12.053 12.016 11.992    0.035 0.037 0.029 0.031 0.036  A 238885
   4355.78162 12.145 12.069 12.219 12.290 12.572    0.035 0.035 0.030 0.033 0.038  A 239223
   4358.71111 12.085 12.060 12.122 12.163 12.153    0.038 0.040 0.033 0.034 0.037  A 239655
   4361.70555 11.964 11.946 11.940 11.876 11.804    0.051 0.052 0.046 0.046 0.048  B 240048
   4363.73690 11.995 12.019 11.970 11.889 11.782    0.035 0.034 0.030 0.033 0.036  A 240373
   4365.73635 11.912 11.914 11.904 11.830 11.693    0.034 0.040 0.030 0.032 0.035  A 240684
   4368.66962 12.125 12.099 12.152 12.182 12.343    0.040 0.038 0.036 0.041 0.046  A 240997
   4372.73268 11.969 11.945 11.961 11.886 11.873    0.039 0.041 0.039 0.048 0.055  A 241664
   4375.73832 12.014 12.023 11.993 11.919 11.807    0.040 0.042 0.039 0.044 0.051  A 241993
   4377.80256 12.003 11.987 11.953 11.888 11.788    0.042 0.048 0.039 0.043 0.049  A 242316
   4380.64325 12.163 12.121 12.182 12.191 12.105    0.039 0.044 0.037 0.040 0.045  A 242721
   4382.70661 12.350 12.255 12.359 12.334 12.330    0.037 0.039 0.033 0.036 0.039  A 243048
   4384.72626 12.286 12.261 12.240 12.174 12.109    0.041 0.042 0.038 0.039 0.043  A 243360
   4386.71226 12.274 12.243 12.260 12.250 12.292    0.035 0.034 0.029 0.032 0.035  A 243678
   4388.69849 12.182 12.147 12.163 12.155 12.153    0.034 0.035 0.028 0.031 0.033  A 243986
   4392.65078 12.249 12.196 12.282 12.252 12.320    0.041 0.053 0.036 0.039 0.042  A 244521
   4410.63010 12.101 12.010 12.051 12.025 11.966    0.033 0.043 0.030 0.034 0.039  A 245967
   4427.64100 11.999 11.982 11.923 11.887 11.846    0.037 0.040 0.038 0.046 0.055  A 247058
   4429.66186 12.386 12.308 12.587 12.774 13.294    0.037 0.037 0.036 0.041 0.048  A 247310
#ndata= 1
#dataset= 4 ; 1 F2120-72_034
#desig= 002258-7207.0
#cra=    0.382891  00:22:58.4
#cdec= -72.115916 -72:06:57.3
#class= 0
#cmag_0= 12.181
#cmer_0=  0.000
#nskip_0= 0
#cmag_1= 11.979
#cmer_1=  0.000
#nskip_1= 0
#cmag_2= 11.815
#cmer_2=  0.000
#nskip_2= 0
#cmag_3= 11.687
#cmer_3=  0.000
#nskip_3= 0
#cmag_4= 11.578
#cmer_4=  0.000
#nskip_4= 0
#ra=    0.382891  00:22:58.4
#dec= -72.115916 -72:06:57.3
#     HJD      MAG_1  MAG_0  MAG_2  MAG_3  MAG_4    MER_1 MER_0 MER_2 MER_3 MER_4 GRADE FRAME
   4084.53585 11.979 12.181 11.816 11.687 11.578    0.085 0.186 0.044 0.037 0.038  D 208452
#ndata= 1
#dataset= 5 ; 1 F2240-72_035
#desig= 002259-7207.0
#cra=    0.383130  00:22:59.3
#cdec= -72.116672 -72:07:00.0
#class= 0
#cmag_0= 12.009
#cmer_0=  0.000
#nskip_0= 0
#cmag_1= 11.996
#cmer_1=  0.000
#nskip_1= 0
#cmag_2= 11.938
#cmer_2=  0.000
#nskip_2= 0
#cmag_3= 11.836
#cmer_3=  0.000
#nskip_3= 0
#cmag_4= 11.715
#cmer_4=  0.000
#nskip_4= 0
#ra=    0.383130  00:22:59.3
#dec= -72.116672 -72:07:00.0
#     HJD      MAG_1  MAG_0  MAG_2  MAG_3  MAG_4    MER_1 MER_0 MER_2 MER_3 MER_4 GRADE FRAME
   4084.55585 11.997 12.010 11.938 11.837 11.716    0.040 0.051 0.034 0.038 0.043  A 208458
