#ndata= 141
#dataset= 1 ; 1 F0000-64_036
#desig= 002251-5920.0
#cra=    0.380788  00:22:50.8
#cdec= -59.333810 -59:20:01.7
#class= 0
#cmag_0= 10.742
#cmer_0=  0.235
#nskip_0= 7
#cmag_1= 10.743
#cmer_1=  0.278
#nskip_1= 71
#cmag_2= 10.401
#cmer_2=  0.111
#nskip_2= 127
#cmag_3= 10.390
#cmer_3=  0.062
#nskip_3= 130
#cmag_4= 10.846
#cmer_4=  0.280
#nskip_4= 64
#ra=    0.380788  00:22:50.8
#dec= -59.333810 -59:20:01.7
#     HJD      MAG_2  MAG_0  MAG_1  MAG_3  MAG_4    MER_2 MER_0 MER_1 MER_3 MER_4 GRADE FRAME
   1869.54858 10.941 10.881 10.887 10.973 11.020    0.028 0.061 0.033 0.031 0.031  A 205
   1871.60353 10.848 10.823 10.806 10.884 10.918    0.033 0.078 0.039 0.034 0.034  B 506
   1875.57057 10.656 10.674 10.615 10.684 10.728    0.028 0.066 0.033 0.031 0.030  A 1137
   1879.55907 10.441 10.416 10.383 10.475 10.510    0.027 0.055 0.031 0.030 0.030  A 1767
   1881.54612 10.355 10.311 10.336 10.393 10.433    0.025 0.044 0.029 0.027 0.027  A 2074
   1885.53870 10.218 10.172 10.194 10.246 10.280    0.026 0.051 0.031 0.027 0.027  A 2382
   1887.56380 10.191 10.084 10.142 10.220 10.257    0.029 0.066 0.034 0.032 0.032  A 2712
   1906.54666 10.582 10.566 10.508 10.617 10.643    0.026 0.043 0.030 0.026 0.027  A 4114
   1914.58590 10.758 10.726 10.682 10.806 10.845    0.028 0.051 0.033 0.028 0.029  A 4748
   1920.53898 10.705 10.640 10.641 10.735 10.766    0.025 0.043 0.031 0.027 0.028  A 5421
   1923.55159 10.714 10.688 10.657 10.758 10.795    0.027 0.045 0.032 0.029 0.030  A 5902
   1927.54735 10.675 10.665 10.638 10.696 10.742    0.028 0.047 0.034 0.030 0.031  A 6571
   1931.53553 10.566 10.566 10.507 10.604 10.636    0.031 0.045 0.037 0.031 0.031  A 7220
   1949.51589 10.343 10.323 10.288 10.388 10.433    0.044 0.054 0.052 0.049 0.051  B 9141
   2033.89015 10.703 10.666 10.675 10.718 10.755    0.029 0.043 0.034 0.030 0.030  A 18558
   2039.91969 10.829 10.744 10.788 10.864 10.910    0.034 0.068 0.037 0.038 0.041  B 19358
   2052.90142 10.975 11.044 10.954 10.993 11.012    0.027 0.050 0.030 0.029 0.029  A 19932
   2054.85790 11.061 11.082 11.012 11.099 11.134    0.035 0.079 0.041 0.039 0.040  B 20344
   2057.92198 11.058 10.989 10.995 11.108 11.149    0.029 0.058 0.032 0.032 0.033  A 21048
   2064.91785 11.041 10.988 10.989 11.073 11.121    0.030 0.063 0.034 0.032 0.033  A 21668
   2080.80883 10.949 10.861 10.905 10.957 10.968    0.029 0.064 0.034 0.031 0.032  A 22972
   2085.87054 10.942 10.926 10.922 10.977 11.014    0.029 0.052 0.035 0.031 0.032  A 23919
   2087.78551 10.902 10.871 10.866 10.907 10.923    0.060 0.068 0.054 0.076 0.087  D 24327
   2088.83297 10.926 10.858 10.861 10.975 11.013    0.033 0.068 0.037 0.030 0.031  B 24576
   2093.77810 10.978 10.969 10.922 11.012 11.044    0.033 0.074 0.037 0.036 0.036  B 24773
   2094.78134 10.995 10.960 10.932 11.045 11.057    0.033 0.072 0.037 0.038 0.040  B 25061
   2096.76042 11.004 10.908 10.922 11.040 11.070    0.051 0.084 0.055 0.055 0.061  B 25504
   2103.89063 11.070 11.043 11.016 11.103 11.142    0.033 0.058 0.039 0.035 0.035  A 25917
   2104.82889 11.049 11.038 10.984 11.086 11.127    0.028 0.050 0.033 0.029 0.031  A 26092
   2105.79943 11.070 11.006 11.043 11.092 11.132    0.032 0.063 0.037 0.033 0.034  A 26300
   2106.80196 11.072 11.067 11.023 11.094 11.103    0.031 0.064 0.036 0.032 0.033  A 26504
   2114.82891 11.152 11.111 11.104 11.190 11.224    0.043 0.059 0.047 0.046 0.046  A 26743
   2115.90455 11.194 11.157 11.149 11.244 11.277    0.028 0.047 0.035 0.030 0.029  A 26978
   2116.77844 11.136 11.091 11.102 11.149 11.173    0.031 0.062 0.037 0.033 0.032  A 27148
   2117.76363 11.154 11.142 11.097 11.191 11.233    0.032 0.067 0.039 0.033 0.033  A 27360
   2124.68527 11.034 10.994 10.975 11.093 11.180    0.058 0.082 0.059 0.065 0.074  D 27672
   2128.69725 11.053 11.032 11.033 11.075 11.098    0.029 0.059 0.035 0.032 0.034  A 27965
   2129.72110 11.069 11.053 11.016 11.110 11.149    0.031 0.072 0.039 0.032 0.032  B 28190
   2130.73848 11.070 11.027 11.024 11.096 11.138    0.031 0.067 0.038 0.032 0.032  A 28414
   2131.73318 11.016 11.046 10.970 11.036 11.039    0.032 0.071 0.039 0.033 0.034  B 28611
   2132.73795 11.063 11.015 11.022 11.089 11.133    0.028 0.049 0.033 0.030 0.030  A 28825
   2133.73774 11.032 11.019 10.985 11.075 11.117    0.028 0.048 0.033 0.030 0.031  A 29041
   2134.73104 11.045 11.026 10.994 11.087 11.132    0.034 0.061 0.040 0.035 0.034  A 29252
   2135.72730 11.067 11.017 11.011 11.130 11.179    0.044 0.066 0.045 0.052 0.057  B 29465
   2141.72632 11.023 10.976 10.981 11.047 11.086    0.031 0.059 0.035 0.032 0.032  A 30433
   2144.71099 10.952 10.943 10.917 10.971 10.991    0.032 0.066 0.036 0.034 0.034  A 31036
   2145.70215 10.965 10.882 10.924 10.989 11.024    0.029 0.053 0.033 0.032 0.032  A 31236
   2544.67420 10.704 10.730 10.633 10.735 10.774    0.034 0.034 0.037 0.032 0.030  A 19998
   2556.67979 10.746 10.708 10.674 10.781 10.848    0.036 0.044 0.039 0.044 0.038  A 21709
   2560.63732 10.845 10.857 10.809 10.867 10.917    0.035 0.036 0.035 0.034 0.033  A 22406
   2564.65201 10.917 10.921 10.917 10.964 11.005    0.030 0.042 0.037 0.031 0.032  A 23099
   2620.54511 10.685 10.681 10.630 10.712 10.749    0.026 0.036 0.036 0.027 0.026  A 29432
   2622.57245 10.715 10.721 10.661 10.753 10.787    0.029 0.035 0.036 0.029 0.029  A 29940
   2624.62156 10.698 10.673 10.689 10.730 10.752    0.029 0.044 0.037 0.030 0.030  A 30245
   2627.62561 10.732 10.674 10.682 10.760 10.788    0.029 0.033 0.032 0.032 0.033  A 30567
   2629.62508 10.750 10.683 10.696 10.764 10.793    0.031 0.052 0.034 0.034 0.036  A 30868
   2634.56414 10.759 10.730 10.708 10.787 10.820    0.030 0.050 0.035 0.030 0.029  A 32047
   2636.59087 10.823 10.796 10.791 10.861 10.890    0.026 0.040 0.030 0.027 0.027  A 32362
   2638.60050 10.828 10.777 10.790 10.855 10.886    0.029 0.045 0.034 0.030 0.030  A 32657
   2640.60095 10.867 10.835 10.816 10.911 10.955    0.027 0.045 0.032 0.028 0.027  A 32967
   2642.59879 99.999 99.999 99.999 99.999 99.999    0.029 0.038 0.032 0.032 0.030  C 33251
   2644.59464 10.859 10.808 10.816 10.886 10.926    0.032 0.052 0.036 0.035 0.035  A 33554
   2646.57632 10.870 10.816 10.811 10.899 10.916    0.034 0.038 0.037 0.039 0.037  A 33848
   2649.57275 10.847 10.818 10.811 10.881 10.919    0.027 0.034 0.031 0.029 0.028  A 34100
   2651.57787 10.833 10.834 10.797 10.865 10.894    0.031 0.040 0.036 0.031 0.031  A 34412
   2657.54753 10.804 10.838 10.774 10.824 10.857    0.032 0.049 0.035 0.036 0.037  A 35389
   2659.56564 10.796 10.742 10.774 10.834 10.875    0.028 0.045 0.033 0.030 0.031  A 35739
   2661.56257 10.801 10.790 10.747 10.831 10.858    0.027 0.033 0.030 0.030 0.030  A 36080
   2663.56143 10.805 10.794 10.744 10.839 10.871    0.029 0.039 0.032 0.031 0.032  A 36418
   2665.56133 10.796 10.782 10.723 10.826 10.872    0.029 0.042 0.035 0.030 0.030  A 36769
   2668.53653 10.800 10.750 10.755 10.830 10.862    0.033 0.040 0.036 0.036 0.039  A 37232
   2670.53923 10.787 10.754 10.750 10.817 10.849    0.028 0.034 0.032 0.031 0.030  A 37549
   2672.54228 10.805 10.784 10.754 10.838 10.882    0.028 0.041 0.034 0.029 0.029  A 37885
   2674.53695 10.856 10.842 10.815 10.887 10.924    0.028 0.037 0.033 0.029 0.029  A 38226
   2681.51893 10.978 10.965 10.917 11.023 11.077    0.045 0.049 0.046 0.048 0.048  B 39409
   2758.92319 10.931 10.904 10.883 10.973 11.029    0.029 0.031 0.032 0.032 0.032  A 53139
   2818.92383 10.801 10.775 10.768 10.840 10.888    0.036 0.036 0.040 0.041 0.040  A 61191
   2833.88612 10.571 10.585 10.525 10.590 10.626    0.044 0.044 0.046 0.051 0.051  B 63216
   2851.83502 10.356 10.325 10.304 10.380 10.420    0.040 0.039 0.043 0.045 0.043  A 65524
   2862.81310 10.565 10.564 10.520 10.589 10.640    0.036 0.038 0.041 0.040 0.042  A 67240
   2871.81996 10.863 10.831 10.846 10.912 10.930    0.028 0.030 0.034 0.031 0.030  A 68027
   2874.72594 10.897 10.865 10.833 10.932 10.974    0.037 0.035 0.040 0.035 0.030  A 68400
   2883.69412 11.100 11.115 11.055 11.139 11.195    0.034 0.032 0.037 0.035 0.033  A 69643
   2890.78061 11.085 11.057 11.051 11.102 11.169    0.036 0.046 0.038 0.039 0.041  A 70565
   2903.76695 10.970 10.930 10.924 11.001 11.056    0.033 0.037 0.036 0.034 0.034  A 72720
   2907.87943 10.978 10.913 10.920 11.019 11.055    0.072 0.069 0.069 0.080 0.087  D 73336
   2916.72157 10.755 10.727 10.682 10.796 10.837    0.034 0.037 0.038 0.035 0.034  A 74613
   2921.71043 10.661 10.636 10.609 10.688 10.712    0.034 0.034 0.035 0.040 0.044  A 75112
   2926.70287 10.623 10.571 10.582 10.648 10.690    0.030 0.035 0.034 0.032 0.030  A 75844
   2930.68876 10.570 10.613 10.518 10.612 10.656    0.031 0.035 0.036 0.030 0.028  A 76561
   2932.67415 10.565 10.585 10.513 10.606 10.656    0.028 0.032 0.032 0.030 0.030  A 76910
   2934.66872 10.592 10.577 10.546 10.621 10.669    0.027 0.040 0.038 0.034 0.035  A 77262
   2936.67113 10.649 10.591 10.595 10.687 10.707    0.036 0.038 0.038 0.040 0.044  A 77614
   2939.70741 10.605 10.578 10.570 10.632 10.667    0.023 0.035 0.028 0.025 0.025  A 77845
   2942.75165 10.566 10.569 10.487 10.607 10.637    0.031 0.037 0.042 0.030 0.030  A 78250
   2944.59176 10.579 10.567 10.526 10.615 10.650    0.026 0.033 0.031 0.026 0.026  A 78507
   2945.63370 10.592 10.576 10.532 10.635 10.666    0.047 0.048 0.048 0.052 0.055  B 78703
   2949.66367 10.588 10.538 10.546 10.610 10.641    0.027 0.035 0.031 0.030 0.033  A 79293
   2951.67564 10.635 10.606 10.586 10.683 10.744    0.061 0.065 0.061 0.065 0.067  D 79578
   2953.69228 10.561 10.517 10.518 10.603 10.651    0.040 0.037 0.040 0.046 0.050  A 79853
   2955.69630 10.571 10.579 10.515 10.613 10.651    0.029 0.033 0.033 0.030 0.031  A 80110
   2957.69004 10.587 10.518 10.529 10.605 10.645    0.072 0.083 0.077 0.074 0.075  D 80398
   2961.74825 10.653 10.618 10.602 10.682 10.717    0.030 0.034 0.032 0.034 0.034  A 80963
   2963.71581 10.621 10.633 10.565 10.661 10.710    0.029 0.032 0.032 0.032 0.033  A 81231
   2965.74567 10.586 10.547 10.539 10.610 10.628    0.028 0.032 0.032 0.030 0.031  A 81529
   2967.73165 10.613 10.580 10.570 10.644 10.689    0.041 0.051 0.046 0.044 0.045  A 81807
   2969.65554 10.605 10.590 10.557 10.648 10.692    0.031 0.032 0.033 0.035 0.037  A 82059
   2972.54439 10.576 10.551 10.546 10.611 10.634    0.026 0.030 0.031 0.028 0.029  A 82349
   2974.56276 10.470 10.463 10.430 10.505 10.555    0.065 0.065 0.066 0.067 0.067  D 82554
   2975.71792 10.546 10.514 10.514 10.584 10.627    0.029 0.035 0.033 0.032 0.034  A 82749
   2977.65174 10.590 10.541 10.535 10.616 10.669    0.057 0.053 0.055 0.057 0.058  D 82993
   2979.66896 10.532 10.527 10.486 10.563 10.589    0.031 0.034 0.033 0.034 0.036  A 83268
   2981.68774 10.510 10.497 10.477 10.540 10.544    0.036 0.038 0.037 0.040 0.046  A 83531
   2984.54988 10.504 10.488 10.463 10.538 10.581    0.026 0.033 0.031 0.028 0.029  A 83874
   2986.55845 10.517 10.458 10.458 10.557 10.604    0.032 0.036 0.036 0.034 0.035  A 84142
   2988.66985 10.557 10.537 10.502 10.593 10.641    0.026 0.030 0.029 0.028 0.030  A 84402
   2991.54860 10.602 10.582 10.556 10.615 10.634    0.027 0.034 0.033 0.029 0.029  A 84745
   2993.58436 10.641 10.660 10.592 10.675 10.715    0.026 0.032 0.030 0.029 0.030  A 85036
   2995.63454 10.703 10.668 10.638 10.738 10.758    0.028 0.034 0.032 0.030 0.031  A 85309
   2998.55126 10.776 10.759 10.737 10.808 10.850    0.027 0.031 0.030 0.030 0.031  A 85687
   3001.54774 10.885 10.802 10.815 10.923 10.947    0.049 0.052 0.048 0.056 0.062  B 85955
   3005.58597 10.959 10.918 10.910 11.002 11.062    0.067 0.058 0.066 0.071 0.072  D 86442
   3007.59813 10.865 10.851 10.811 10.891 10.906    0.030 0.032 0.033 0.034 0.036  A 86707
   3010.59781 10.874 10.842 10.859 10.912 10.946    0.036 0.036 0.038 0.040 0.046  A 87096
   3012.59438 10.895 10.902 10.840 10.920 10.940    0.038 0.039 0.038 0.045 0.049  A 87359
   3023.56056 10.972 10.948 10.917 10.995 11.001    0.032 0.037 0.035 0.034 0.036  A 88270
   3028.55768 10.908 10.896 10.867 10.930 10.952    0.051 0.050 0.051 0.055 0.057  B 88544
   3031.54793 10.944 10.943 10.900 10.970 11.011    0.029 0.034 0.032 0.032 0.034  A 88820
   3034.55606 11.014 10.965 10.965 11.046 11.068    0.039 0.038 0.040 0.045 0.052  A 89107
   3039.53272 10.915 10.904 10.868 10.955 10.991    0.034 0.037 0.036 0.040 0.044  A 89515
   3044.52384 10.810 10.807 10.764 10.826 10.823    0.063 0.052 0.057 0.077 0.090  D 90018
   3146.91575 10.509 10.452 10.448 10.557 10.612    0.033 0.032 0.034 0.037 0.042  A 103617
   3166.89814 10.585 10.582 10.539 10.601 10.634    0.072 0.063 0.068 0.080 0.087  D 105499
   3175.90369 10.400 10.375 10.353 10.430 10.462    0.028 0.032 0.031 0.031 0.032  A 106678
   3179.83327 10.306 10.266 10.240 10.334 10.373    0.025 0.032 0.028 0.028 0.029  A 107268
   3183.84466 10.212 10.154 10.185 10.254 10.286    0.030 0.036 0.032 0.034 0.037  A 107724
   3186.85845 10.248 10.251 10.240 10.272 10.307    0.034 0.036 0.036 0.039 0.043  A 108168
   3190.81444 10.183 10.166 10.142 10.218 10.260    0.034 0.048 0.040 0.037 0.041  A 108666
   3194.89398 10.253 10.205 10.209 10.291 10.333    0.034 0.046 0.040 0.035 0.037  A 109146
   3276.72805 10.395 10.401 10.355 10.420 10.443    0.034 0.036 0.037 0.040 0.044  A 116597
   3382.56257 11.037 10.884 11.017 11.043 11.071    0.074 0.077 0.069 0.077 0.081  D 125602
#ndata= 4
#dataset= 2 ; 1 F0100-64_037
#desig= 002251-5920.0
#cra=    0.380953  00:22:51.4
#cdec= -59.333746 -59:20:01.5
#class= 0
#cmag_0= 10.722
#cmer_0=  0.033
#nskip_0= 0
#cmag_1= 10.697
#cmer_1=  0.032
#nskip_1= 0
#cmag_2= 10.730
#cmer_2=  0.051
#nskip_2= 0
#cmag_3= 10.747
#cmer_3=  0.053
#nskip_3= 0
#cmag_4= 10.760
#cmer_4=  0.059
#nskip_4= 0
#ra=    0.380953  00:22:51.4
#dec= -59.333746 -59:20:01.5
#     HJD      MAG_2  MAG_0  MAG_1  MAG_3  MAG_4    MER_2 MER_0 MER_1 MER_3 MER_4 GRADE FRAME
   2829.93514 10.783 10.733 10.717 10.800 10.819    0.030 0.031 0.035 0.033 0.032  A 62411
   2886.80171 11.216 11.215 11.254 11.222 11.215    0.038 0.029 0.039 0.037 0.035  A 70307
   2947.81943 10.677 10.713 10.673 10.684 10.681    0.028 0.042 0.032 0.028 0.032  A 79082
   2976.67593 10.679 10.647 10.677 10.694 10.700    0.026 0.028 0.028 0.029 0.032  A 82868
#ndata= 378
#dataset= 3 ; 1 F0000-56_060
#desig= 002251-5919.9
#cra=    0.380836  00:22:51.0
#cdec= -59.332408 -59:19:56.7
#class= 0
#cmag_0= 10.887
#cmer_0=  0.199
#nskip_0= 12
#cmag_1= 10.888
#cmer_1=  0.192
#nskip_1= 12
#cmag_2= 10.890
#cmer_2=  0.192
#nskip_2= 11
#cmag_3= 10.892
#cmer_3=  0.192
#nskip_3= 12
#cmag_4= 10.897
#cmer_4=  0.195
#nskip_4= 10
#ra=    0.380836  00:22:51.0
#dec= -59.332408 -59:19:56.7
#     HJD      MAG_2  MAG_0  MAG_1  MAG_3  MAG_4    MER_2 MER_0 MER_1 MER_3 MER_4 GRADE FRAME
   1869.52631 10.997 10.961 10.992 10.995 10.998    0.023 0.052 0.025 0.026 0.029  A 195
   1871.60178 10.919 10.919 10.913 10.927 10.932    0.023 0.068 0.027 0.025 0.028  A 505
   1873.58556 10.837 10.858 10.835 10.845 10.856    0.028 0.072 0.033 0.031 0.032  A 821
   1875.56877 10.746 10.805 10.756 10.747 10.750    0.021 0.058 0.024 0.024 0.026  A 1136
   1877.58089 10.679 10.688 10.683 10.678 10.675    0.023 0.055 0.027 0.026 0.028  A 1463
   1879.56168 10.553 10.483 10.540 10.565 10.579    0.022 0.047 0.024 0.024 0.026  A 1768
   1885.54125 10.333 10.306 10.328 10.331 10.338    0.024 0.048 0.025 0.025 0.030  A 2383
   1887.56869 10.311 10.235 10.303 10.319 10.324    0.025 0.055 0.028 0.028 0.031  A 2714
   1889.58266 10.274 10.200 10.258 10.286 10.287    0.026 0.056 0.031 0.031 0.036  A 3040
   1900.59951 10.501 10.486 10.503 10.503 10.514    0.022 0.044 0.027 0.025 0.027  A 3337
   1904.53037 10.647 10.748 10.664 10.634 10.625    0.022 0.044 0.025 0.025 0.028  A 3783
   1920.54565 10.828 10.841 10.837 10.816 10.809    0.023 0.040 0.027 0.024 0.027  A 5424
   1923.55651 10.800 10.775 10.817 10.791 10.795    0.024 0.042 0.031 0.026 0.029  A 5904
   1928.52702 10.742 10.634 10.735 10.759 10.769    0.026 0.043 0.031 0.030 0.033  A 6731
   2033.89423 10.824 10.807 10.838 10.810 10.808    0.023 0.039 0.027 0.024 0.028  A 18560
   2039.93785 10.939 10.892 10.934 10.921 10.912    0.034 0.067 0.035 0.039 0.046  A 19366
   2040.92675 10.951 10.959 10.944 10.953 10.972    0.039 0.089 0.045 0.043 0.047  B 19586
   2052.90546 29.999 29.999 29.999 29.999 29.999    0.030 0.066 0.033 0.031 0.033  C 19934
   2054.86437 11.128 11.075 11.116 11.133 11.148    0.031 0.076 0.036 0.033 0.037  A 20347
   2056.84916 11.167 11.287 11.186 11.162 11.156    0.026 0.068 0.030 0.029 0.032  A 20790
   2058.85485 11.160 11.192 11.178 11.149 11.133    0.024 0.044 0.027 0.027 0.030  A 21243
   2064.91972 11.146 11.211 11.163 11.148 11.165    0.028 0.073 0.034 0.031 0.033  A 21669
   2067.82065 11.159 11.109 11.147 11.172 11.190    0.028 0.066 0.032 0.033 0.036  A 21929
   2068.81731 11.192 11.141 11.175 11.248 11.241    0.046 0.080 0.046 0.052 0.059  B 22153
   2069.81751 11.126 11.124 11.133 11.119 11.133    0.028 0.068 0.031 0.032 0.035  A 22376
   2080.81773 11.034 10.965 11.024 11.046 11.047    0.026 0.063 0.031 0.028 0.031  A 22976
   2082.87388 11.047 10.996 11.045 11.037 11.046    0.026 0.061 0.032 0.029 0.031  A 23466
   2085.86567 11.009 11.027 10.993 11.029 11.038    0.024 0.048 0.030 0.026 0.029  A 23917
   2088.84198 11.047 11.052 11.048 11.048 11.064    0.026 0.068 0.030 0.027 0.030  A 24580
   2094.78821 11.069 11.102 11.098 11.023 10.997    0.049 0.077 0.047 0.058 0.064  B 25064
   2095.78218 11.077 11.080 11.072 11.087 11.111    0.037 0.074 0.038 0.042 0.048  A 25288
   2096.75360 11.099 11.097 11.097 11.110 11.131    0.038 0.067 0.040 0.043 0.048  A 25501
   2103.71699 11.210 11.220 11.198 11.203 11.201    0.030 0.066 0.039 0.029 0.031  A 25845
   2129.71927 29.999 29.999 29.999 29.999 29.999    0.027 0.069 0.033 0.029 0.032  C 28189
   2130.73210 29.999 29.999 29.999 29.999 29.999    0.027 0.063 0.032 0.030 0.032  C 28411
   2131.73805 11.148 11.086 11.139 11.152 11.162    0.025 0.061 0.030 0.028 0.031  A 28613
   2132.74962 11.176 11.164 11.196 11.185 11.201    0.026 0.069 0.033 0.028 0.031  A 28830
   2136.72584 11.136 11.163 11.152 11.120 11.107    0.023 0.052 0.029 0.026 0.028  A 29678
   2164.67608 10.643 10.587 10.645 10.644 10.650    0.027 0.047 0.035 0.028 0.031  A 31924
   2167.65328 10.656 10.672 10.656 10.665 10.671    0.026 0.050 0.032 0.029 0.031  A 32104
   2168.67414 10.620 10.597 10.621 10.612 10.613    0.024 0.048 0.031 0.026 0.030  A 32281
   2169.67212 10.619 10.625 10.639 10.604 10.545    0.025 0.043 0.032 0.027 0.029  A 32433
   2171.64969 10.645 10.619 10.653 10.631 10.628    0.028 0.050 0.037 0.029 0.032  A 32607
   2172.66271 10.647 10.663 10.643 10.655 10.663    0.029 0.050 0.037 0.030 0.033  A 32802
   2173.64648 10.663 10.641 10.663 10.656 10.649    0.028 0.049 0.034 0.029 0.032  A 32983
   2174.64710 10.664 10.692 10.653 10.661 10.649    0.040 0.053 0.042 0.046 0.051  B 33157
   2175.64302 10.701 10.686 10.682 10.707 10.712    0.031 0.052 0.039 0.032 0.035  A 33300
   2177.61461 10.727 10.730 10.719 10.739 10.736    0.035 0.053 0.041 0.038 0.041  A 33416
   2178.62614 10.759 10.707 10.784 10.761 10.772    0.027 0.044 0.036 0.028 0.030  A 33596
   2180.63044 10.795 10.777 10.803 10.784 10.784    0.028 0.045 0.035 0.031 0.034  A 33787
   2183.61525 10.878 10.879 10.871 10.885 10.898    0.030 0.050 0.038 0.032 0.035  A 33878
   2184.61924 10.881 10.880 10.893 10.871 10.875    0.029 0.044 0.037 0.031 0.034  A 34072
   2185.63003 10.909 10.906 10.932 10.893 10.891    0.030 0.045 0.037 0.033 0.035  A 34263
   2186.66501 10.918 10.935 10.898 10.929 10.929    0.030 0.042 0.037 0.031 0.033  A 34393
   2188.64980 10.967 10.966 10.965 10.975 10.984    0.031 0.045 0.039 0.033 0.031  A 34697
   2190.58017 10.967 11.004 10.946 10.980 10.974    0.027 0.046 0.036 0.027 0.029  A 34914
   2191.62072 11.047 11.078 11.054 11.054 11.057    0.026 0.042 0.033 0.028 0.030  A 35107
   2192.61317 11.034 11.081 11.032 11.048 11.043    0.023 0.039 0.031 0.026 0.028  A 35278
   2193.61877 11.064 11.070 11.074 11.051 11.048    0.030 0.048 0.038 0.030 0.031  A 35463
   2194.61656 11.114 11.093 11.088 11.125 11.121    0.027 0.044 0.035 0.029 0.030  A 35641
   2195.60514 11.089 11.121 11.082 11.095 11.104    0.027 0.045 0.036 0.029 0.031  A 35813
   2196.61093 11.088 11.105 11.087 11.096 11.089    0.027 0.044 0.035 0.030 0.032  A 35948
   2198.61179 11.136 11.148 11.133 11.145 11.145    0.025 0.039 0.034 0.026 0.029  A 36304
   2199.60111 11.123 11.133 11.091 11.123 11.130    0.029 0.044 0.038 0.030 0.030  A 36479
   2201.59435 11.175 11.170 11.153 11.176 11.177    0.029 0.045 0.038 0.030 0.031  A 36725
   2202.59504 11.171 11.181 11.145 11.174 11.189    0.027 0.039 0.034 0.029 0.030  A 36893
   2203.58472 11.217 11.170 11.242 11.218 11.220    0.028 0.042 0.037 0.030 0.031  A 37062
   2204.58264 11.176 11.175 11.177 11.186 11.197    0.033 0.046 0.041 0.035 0.037  A 37188
   2206.57677 11.175 11.184 11.153 11.193 11.193    0.029 0.044 0.038 0.029 0.032  A 37461
   2207.57780 11.220 11.211 11.254 11.150 11.083    0.065 0.071 0.063 0.078 0.090  D 37634
   2211.55798 11.172 11.163 11.161 11.188 11.182    0.034 0.048 0.044 0.038 0.035  A 37818
   2213.55290 11.134 11.079 11.145 11.135 11.141    0.030 0.039 0.038 0.031 0.034  A 38052
   2214.57929 11.078 11.077 11.056 11.091 11.088    0.030 0.040 0.037 0.035 0.034  A 38211
   2215.58363 11.106 11.069 11.064 11.118 11.129    0.031 0.038 0.039 0.039 0.034  A 38380
   2216.58166 11.021 11.010 10.982 11.023 11.025    0.031 0.049 0.037 0.036 0.034  A 38549
   2217.58133 11.051 11.030 11.045 11.059 11.066    0.031 0.043 0.039 0.035 0.033  A 38716
   2221.54154 10.934 10.910 10.914 10.947 10.957    0.028 0.041 0.036 0.032 0.032  A 38989
   2222.57809 10.920 10.884 10.924 10.928 10.927    0.030 0.043 0.037 0.035 0.032  A 39160
   2224.56636 10.849 10.851 10.854 10.874 10.875    0.033 0.047 0.041 0.038 0.036  A 39316
   2226.54869 10.847 10.821 10.830 10.842 10.853    0.031 0.043 0.038 0.038 0.034  A 39626
   2228.54101 10.786 10.808 10.813 10.800 10.806    0.031 0.041 0.036 0.035 0.033  A 39938
   2230.53947 10.780 10.762 10.790 10.777 10.774    0.029 0.043 0.036 0.036 0.034  A 40265
   2233.53688 10.759 10.767 10.757 10.760 10.755    0.032 0.042 0.039 0.038 0.036  A 40592
   2235.52837 10.695 10.684 10.697 10.708 10.707    0.030 0.044 0.038 0.033 0.031  A 40898
   2237.53151 10.713 10.725 10.726 10.711 10.709    0.035 0.049 0.042 0.042 0.038  A 41219
   2240.53405 10.737 10.725 10.731 10.745 10.739    0.035 0.047 0.043 0.039 0.035  A 41537
   2242.55960 10.730 10.689 10.726 10.742 10.750    0.037 0.048 0.044 0.043 0.041  A 41867
   2244.59630 10.742 10.698 10.725 10.753 10.756    0.042 0.055 0.049 0.047 0.045  B 42162
   2248.54665 10.744 10.764 10.738 10.762 10.785    0.037 0.052 0.045 0.043 0.042  A 42459
   2250.59412 10.748 10.725 10.720 10.753 10.761    0.036 0.052 0.044 0.041 0.037  A 42837
   2252.58324 10.810 10.784 10.799 10.804 10.823    0.036 0.050 0.042 0.041 0.038  A 43156
   2254.58385 10.817 10.759 10.796 10.826 10.837    0.038 0.056 0.048 0.045 0.042  B 43448
   2256.58502 10.823 10.811 10.814 10.812 10.833    0.039 0.053 0.047 0.045 0.044  A 43765
   2263.57844 10.807 10.821 10.832 10.787 10.814    0.050 0.076 0.062 0.057 0.059  D 44682
   2265.56951 10.849 10.824 10.827 10.864 10.862    0.048 0.079 0.060 0.057 0.058  B 44949
   2271.54783 10.816 10.815 10.817 10.828 10.841    0.053 0.075 0.062 0.063 0.065  D 45527
   2440.79475 10.844 10.823 10.833 10.851 10.845    0.021 0.032 0.031 0.022 0.023  A 8128
   2442.81475 10.885 10.914 10.900 10.868 10.886    0.046 0.049 0.050 0.052 0.055  B 8563
   2444.80707 10.829 10.834 10.838 10.835 10.849    0.023 0.026 0.031 0.024 0.022  A 8952
   2445.89221 10.840 10.824 10.831 10.856 10.881    0.022 0.025 0.028 0.025 0.025  A 9206
   2465.81031 99.999 10.887 10.893 99.999 99.999    0.027 0.030 0.034 0.032 0.027  C 11134
   2466.80399 10.866 10.856 10.849 10.854 10.864    0.023 0.029 0.031 0.025 0.024  A 11350
   2467.81005 10.856 10.864 10.862 10.856 10.865    0.022 0.026 0.029 0.024 0.024  A 11571
   2471.86102 10.864 10.879 10.857 10.878 10.869    0.035 0.037 0.040 0.042 0.034  A 12572
   2482.71088 10.740 10.750 10.754 10.758 10.770    0.037 0.046 0.042 0.044 0.037  A 13187
   2489.73864 10.869 10.871 10.866 10.871 10.875    0.030 0.035 0.035 0.033 0.033  A 13891
   2493.77033 10.888 10.955 10.884 10.884 10.887    0.041 0.051 0.047 0.046 0.040  B 14531
   2494.74389 10.810 10.807 10.823 10.816 10.789    0.068 0.083 0.074 0.073 0.072  D 14708
   2495.80245 10.908 10.905 10.892 10.896 10.932    0.037 0.043 0.042 0.044 0.034  A 14872
   2498.73137 10.924 10.910 10.945 10.936 10.937    0.032 0.038 0.039 0.035 0.030  A 15477
   2500.73530 10.974 10.970 10.970 10.961 10.972    0.030 0.040 0.038 0.033 0.029  A 15903
   2501.74229 10.955 10.945 10.956 10.942 10.963    0.026 0.030 0.031 0.029 0.023  A 16054
   2502.73329 10.938 10.918 10.951 10.917 10.913    0.036 0.044 0.041 0.043 0.036  A 16262
   2503.73577 29.999 29.999 29.999 29.999 29.999    0.065 0.083 0.073 0.071 0.068  D 16467
   2519.77468 10.788 10.789 10.781 10.803 10.804    0.022 0.034 0.034 0.022 0.019  A 18056
   2526.67082 10.683 10.662 10.679 10.676 10.683    0.025 0.040 0.031 0.025 0.026  A 18856
   2538.87501 10.685 10.662 10.697 10.662 10.637    0.057 0.081 0.062 0.068 0.067  D 19433
   2540.60834 10.766 10.767 10.758 10.775 10.777    0.026 0.037 0.035 0.027 0.027  A 19699
   2544.69590 10.805 10.819 10.773 10.810 10.812    0.032 0.031 0.036 0.029 0.028  A 20007
   2545.73012 10.785 10.803 10.781 10.790 10.782    0.023 0.031 0.030 0.021 0.022  A 20211
   2553.57968 10.844 10.856 10.852 10.847 10.845    0.030 0.036 0.038 0.030 0.028  A 21301
   2554.67224 10.818 10.824 10.816 10.803 10.814    0.040 0.055 0.047 0.045 0.048  A 21523
   2558.65031 10.904 10.886 10.931 10.904 10.892    0.019 0.028 0.028 0.020 0.020  A 22052
   2559.64865 10.893 10.875 10.882 10.902 10.903    0.021 0.034 0.032 0.021 0.022  A 22232
   2560.64706 10.913 10.913 10.920 10.900 10.891    0.021 0.027 0.022 0.023 0.026  A 22410
   2561.64067 10.927 10.925 10.935 10.940 10.952    0.022 0.056 0.026 0.025 0.026  A 22555
   2562.64169 10.938 10.950 10.945 10.936 10.925    0.020 0.031 0.025 0.022 0.024  A 22736
   2563.65796 11.024 10.999 11.051 11.019 11.011    0.022 0.036 0.031 0.022 0.024  A 22922
   2578.64013 11.144 11.131 11.149 11.140 11.155    0.024 0.031 0.033 0.024 0.023  A 24947
   2621.58961 10.776 10.767 10.784 10.779 10.773    0.028 0.030 0.030 0.026 0.026  A 29780
   2622.66626 10.778 10.803 10.782 10.778 10.795    0.024 0.039 0.026 0.027 0.030  A 29980
   2625.58897 10.751 10.765 10.740 10.760 10.761    0.024 0.045 0.029 0.027 0.030  A 30394
   2628.59324 10.786 10.852 10.799 10.811 10.817    0.030 0.055 0.031 0.034 0.037  A 30703
   2637.62655 10.974 10.969 10.979 10.959 10.953    0.019 0.028 0.023 0.021 0.023  A 32515
   2639.62429 10.963 10.916 10.946 10.990 10.986    0.020 0.030 0.023 0.022 0.024  A 32822
   2642.53537 10.980 11.004 10.989 10.980 10.985    0.023 0.030 0.027 0.024 0.024  A 33224
   2644.54271 10.921 11.000 10.938 10.924 10.940    0.024 0.039 0.025 0.027 0.029  A 33532
   2649.55611 10.953 10.995 10.953 10.960 10.960    0.021 0.032 0.025 0.023 0.025  A 34093
   2651.56598 11.562 11.874 11.743 11.448 11.388    0.024 0.038 0.027 0.027 0.030  A 34407
   2653.58191 10.955 10.950 10.988 10.958 10.957    0.023 0.031 0.025 0.025 0.028  A 34721
   2657.54511 10.915 10.902 10.928 10.904 10.900    0.025 0.039 0.028 0.030 0.035  A 35388
   2659.56320 10.889 10.924 10.860 10.897 10.903    0.023 0.028 0.024 0.026 0.030  A 35738
   2661.56011 10.922 10.905 10.899 10.931 10.931    0.023 0.037 0.026 0.026 0.029  A 36079
   2663.55895 10.916 10.933 10.918 10.917 10.920    0.027 0.034 0.028 0.029 0.030  A 36417
   2666.53053 11.276 11.484 11.361 11.234 11.235    0.030 0.030 0.031 0.035 0.039  A 36907
   2668.54081 10.885 10.897 10.877 10.880 10.880    0.030 0.035 0.031 0.034 0.039  A 37234
   2670.54115 10.942 10.925 10.955 10.930 10.912    0.023 0.032 0.026 0.026 0.027  A 37550
   2672.54417 10.919 10.922 10.935 10.910 10.895    0.022 0.025 0.024 0.024 0.027  A 37886
   2675.52380 10.938 10.948 10.938 10.924 10.904    0.027 0.030 0.028 0.031 0.034  A 38410
   2677.52725 10.954 10.950 10.962 10.942 10.940    0.025 0.032 0.028 0.028 0.031  A 38758
   2783.87868 10.982 11.032 10.966 10.986 10.989    0.023 0.033 0.025 0.025 0.028  A 56033
   2785.91441 10.929 10.942 10.947 10.912 10.911    0.042 0.045 0.042 0.045 0.047  A 56467
   2832.79336 10.746 10.738 10.732 10.735 10.734    0.033 0.028 0.034 0.035 0.034  A 63022
   2839.87150 10.560 10.544 10.565 10.572 10.589    0.072 0.067 0.071 0.079 0.086  D 64206
   2844.83070 10.493 10.462 10.509 10.506 10.494    0.021 0.023 0.027 0.024 0.024  A 65083
   2856.80082 10.526 10.535 10.512 10.540 10.556    0.026 0.028 0.032 0.028 0.030  A 66124
   2861.82122 10.653 10.614 10.658 10.654 10.643    0.039 0.031 0.042 0.044 0.043  A 67038
   2866.80508 10.768 10.779 10.772 10.775 10.785    0.034 0.030 0.035 0.037 0.039  A 67628
   2875.80552 11.025 11.059 11.029 11.022 11.024    0.025 0.027 0.031 0.025 0.024  A 68622
   2883.74966 11.180 11.202 11.163 11.191 11.204    0.021 0.032 0.028 0.024 0.023  A 69667
   2895.78837 11.184 11.177 11.190 11.184 11.172    0.029 0.029 0.032 0.029 0.029  A 71334
   2897.80462 11.198 11.188 11.219 11.193 11.174    0.021 0.023 0.025 0.023 0.026  A 71740
   2899.76699 11.170 11.135 11.151 11.180 11.178    0.027 0.034 0.030 0.027 0.026  A 72087
   2902.73578 11.120 11.115 11.124 11.109 11.109    0.026 0.025 0.028 0.026 0.027  A 72554
   2907.80798 10.936 11.006 10.958 10.921 10.954    0.044 0.047 0.042 0.052 0.058  B 73306
   2912.65114 10.887 10.890 10.894 10.876 10.865    0.020 0.030 0.023 0.022 0.024  A 74106
   2915.62598 10.849 10.871 10.854 10.833 10.854    0.026 0.026 0.035 0.029 0.027  A 74379
   2916.71772 10.850 10.805 10.841 10.850 10.858    0.023 0.026 0.028 0.025 0.026  A 74611
   2918.66788 10.809 10.795 10.801 10.803 10.815    0.024 0.027 0.027 0.027 0.030  A 74903
   2921.70865 10.727 10.758 10.743 10.714 10.719    0.029 0.028 0.029 0.035 0.040  A 75111
   2923.69777 10.721 10.719 10.723 10.720 10.721    0.032 0.031 0.033 0.032 0.034  A 75482
   2926.70136 10.683 10.667 10.669 10.693 10.681    0.022 0.023 0.025 0.023 0.026  A 75843
   2928.69830 10.688 10.682 10.706 10.710 10.722    0.034 0.034 0.037 0.036 0.040  A 76215
   2930.68219 10.687 10.649 10.676 10.692 10.687    0.024 0.027 0.028 0.023 0.025  A 76558
   2932.67262 10.699 10.699 10.677 10.698 10.697    0.028 0.029 0.031 0.030 0.033  A 76909
   2934.66719 10.705 10.725 10.714 10.703 10.710    0.030 0.032 0.040 0.027 0.029  A 77261
   2936.66947 10.712 10.765 10.714 10.707 10.735    0.049 0.045 0.044 0.058 0.068  B 77613
   2939.70082 10.699 10.737 10.714 10.703 10.713    0.021 0.030 0.024 0.023 0.026  A 77842
   2942.74754 29.999 29.999 29.999 29.999 29.999    0.024 0.033 0.031 0.025 0.028  C 78248
   2944.59018 10.748 10.731 10.744 10.743 10.732    0.023 0.026 0.028 0.025 0.027  A 78506
   2945.63212 10.650 10.661 10.622 10.660 10.700    0.038 0.041 0.044 0.042 0.046  A 78702
   2949.66180 29.999 29.999 29.999 29.999 29.999    0.024 0.029 0.026 0.027 0.031  C 79292
   2951.67386 10.694 10.687 10.696 10.691 10.698    0.026 0.026 0.026 0.030 0.034  A 79577
   2953.69047 10.704 10.701 10.716 10.715 10.741    0.037 0.034 0.035 0.044 0.052  B 79852
   2955.69448 10.692 10.708 10.691 10.689 10.680    0.024 0.025 0.026 0.027 0.029  A 80109
   2957.68821 29.999 29.999 29.999 29.999 29.999    0.023 0.023 0.025 0.028 0.031  C 80397
   2961.74046 10.732 10.710 10.731 10.716 10.716    0.030 0.035 0.031 0.032 0.035  A 80960
   2963.71384 10.726 10.722 10.720 10.732 10.741    0.026 0.031 0.029 0.029 0.033  A 81230
   2966.55106 10.707 10.714 10.722 10.697 10.694    0.021 0.026 0.025 0.023 0.025  A 81596
   2968.56369 10.726 10.702 10.711 10.731 10.724    0.038 0.037 0.038 0.039 0.044  A 81876
   2970.56252 10.720 10.728 10.700 10.729 10.727    0.021 0.024 0.025 0.024 0.027  A 82095
   2972.57530 10.706 10.697 10.683 10.712 10.715    0.025 0.026 0.027 0.030 0.033  A 82361
   2974.59897 10.707 10.681 10.697 10.700 10.709    0.024 0.027 0.027 0.028 0.031  A 82568
   2976.60627 10.660 10.655 10.647 10.657 10.655    0.024 0.028 0.028 0.027 0.032  A 82840
   2978.62503 29.999 29.999 29.999 29.999 29.999    0.028 0.025 0.028 0.034 0.040  C 83124
   2980.64918 10.634 10.670 10.644 10.640 10.650    0.026 0.027 0.027 0.032 0.037  A 83382
   2982.65794 29.999 29.999 29.999 29.999 29.999    0.041 0.037 0.039 0.051 0.059  C 83658
   2984.65761 10.623 10.636 10.627 10.627 10.636    0.025 0.030 0.025 0.029 0.034  A 83915
   2986.68494 10.617 10.630 10.623 10.619 10.631    0.025 0.029 0.026 0.030 0.036  A 84190
   2989.62233 10.640 10.669 10.649 10.636 10.649    0.023 0.027 0.025 0.026 0.029  A 84518
   2991.63836 10.684 10.692 10.666 10.692 10.696    0.024 0.024 0.027 0.027 0.030  A 84781
   2993.66662 10.733 10.755 10.719 10.728 10.727    0.025 0.029 0.028 0.028 0.031  A 85069
   2996.58526 10.847 10.861 10.884 10.849 10.839    0.036 0.042 0.039 0.038 0.041  A 85425
   2998.59466 10.888 10.896 10.919 10.906 10.901    0.024 0.026 0.026 0.028 0.031  A 85704
   3001.56931 10.930 10.925 10.920 10.942 10.954    0.023 0.028 0.025 0.025 0.028  A 85963
   3005.59122 10.970 10.972 10.962 10.975 10.969    0.024 0.029 0.026 0.028 0.032  A 86444
   3007.60318 10.994 10.987 11.003 11.001 11.015    0.028 0.028 0.030 0.031 0.036  A 86709
   3010.60017 11.012 11.019 10.987 11.009 10.986    0.034 0.031 0.032 0.041 0.047  A 87097
   3012.59684 11.005 11.070 11.025 10.986 10.968    0.036 0.032 0.034 0.041 0.049  A 87360
   3016.56762 11.120 11.031 11.114 11.105 11.102    0.048 0.096 0.054 0.051 0.056  B 87717
   3018.57910 11.048 11.072 11.053 11.058 11.076    0.040 0.038 0.039 0.043 0.047  A 87993
   3030.55316 11.027 11.056 11.042 11.037 11.028    0.026 0.027 0.027 0.030 0.034  A 88702
   3033.54691 11.018 11.061 11.026 11.008 10.988    0.044 0.030 0.038 0.049 0.053  B 88994
   3126.90844 10.760 10.830 10.788 10.763 10.778    0.093 0.079 0.085 0.099 0.104  D 100967
   3130.91130 10.706 10.723 10.721 10.716 10.695    0.038 0.046 0.037 0.043 0.048  A 101583
   3146.92576 10.633 10.644 10.658 10.616 10.614    0.038 0.035 0.036 0.043 0.047  A 103621
   3154.92418 10.795 10.811 10.799 10.804 10.808    0.025 0.025 0.026 0.029 0.032  A 104039
   3171.89583 10.599 10.592 10.598 10.605 10.625    0.031 0.030 0.030 0.037 0.042  A 106267
   3175.90871 10.555 10.577 10.564 10.545 10.547    0.048 0.040 0.043 0.053 0.057  B 106680
   3179.84660 10.405 10.409 10.397 10.395 10.401    0.024 0.027 0.026 0.027 0.031  A 107273
   3183.86047 10.314 10.309 10.316 10.300 10.301    0.027 0.028 0.027 0.032 0.036  A 107729
   3186.86993 10.240 10.200 10.234 10.266 10.282    0.064 0.050 0.057 0.074 0.078  D 108172
   3326.61989 10.705 10.723 10.698 10.715 10.715    0.024 0.036 0.025 0.028 0.030  A 121102
   3386.55712 10.768 10.798 10.748 10.776 10.775    0.035 0.075 0.039 0.039 0.042  A 126143
   3388.58650 10.755 10.742 10.732 10.760 10.765    0.030 0.062 0.033 0.033 0.037  A 126431
   3396.54661 10.837 10.799 10.829 10.831 10.813    0.032 0.037 0.029 0.040 0.045  A 127347
   3403.53115 10.741 10.754 10.742 10.747 10.748    0.033 0.033 0.030 0.039 0.045  A 128213
   3406.52932 10.697 10.697 10.697 10.699 10.698    0.025 0.038 0.025 0.029 0.033  A 128682
   3409.52298 10.665 10.687 10.660 10.670 10.666    0.027 0.037 0.027 0.031 0.035  A 129148
   3510.90752 10.711 10.686 10.708 10.714 10.731    0.023 0.032 0.030 0.025 0.028  A 143574
   3530.90434 10.916 10.867 10.928 10.921 10.933    0.032 0.037 0.032 0.035 0.039  A 146456
   3547.88860 10.855 10.822 10.828 10.872 10.860    0.054 0.055 0.050 0.063 0.073  B 148121
   3552.82789 10.855 10.873 10.863 10.869 10.875    0.028 0.049 0.031 0.031 0.034  A 148531
   3555.85209 10.877 10.869 10.881 10.872 10.853    0.057 0.063 0.054 0.061 0.064  D 148996
   3562.83263 11.032 11.049 11.035 11.030 11.025    0.027 0.045 0.029 0.030 0.033  A 149971
   3579.89315 10.949 10.930 10.967 10.964 10.981    0.026 0.045 0.031 0.027 0.029  A 152241
   3599.83949 10.628 10.626 10.613 10.629 10.643    0.027 0.030 0.031 0.031 0.035  A 155305
   3617.72316 10.770 10.776 10.744 10.784 10.791    0.035 0.050 0.041 0.038 0.043  A 157162
   3619.85074 10.941 10.937 10.937 10.966 10.991    0.045 0.059 0.044 0.050 0.056  B 157499
   3632.75905 10.712 10.709 10.722 10.704 10.709    0.030 0.036 0.030 0.035 0.041  A 159139
   3635.63955 10.726 10.792 10.739 10.710 10.728    0.066 0.064 0.068 0.077 0.089  D 159539
   3640.76339 10.614 10.588 10.629 10.616 10.619    0.026 0.039 0.030 0.029 0.032  A 160057
   3643.62060 10.603 10.574 10.606 10.615 10.612    0.022 0.028 0.027 0.025 0.028  A 160449
   3646.66951 10.570 10.550 10.578 10.574 10.563    0.025 0.031 0.031 0.026 0.028  A 160775
   3648.82059 10.569 10.547 10.540 10.588 10.583    0.074 0.076 0.073 0.081 0.089  D 161087
   3651.59947 10.576 10.522 10.590 10.578 10.586    0.025 0.044 0.031 0.027 0.030  A 161432
   3653.63820 10.617 10.582 10.614 10.617 10.623    0.030 0.043 0.031 0.037 0.044  A 161757
   3655.63684 10.628 10.615 10.627 10.627 10.625    0.025 0.045 0.030 0.029 0.032  A 162018
   3657.66580 10.662 10.659 10.666 10.660 10.668    0.027 0.054 0.033 0.031 0.035  A 162328
   3659.70205 10.708 10.672 10.724 10.718 10.727    0.027 0.031 0.029 0.031 0.036  A 162653
   3661.73097 10.727 10.705 10.716 10.717 10.708    0.031 0.042 0.033 0.035 0.040  A 162967
   3663.80953 10.911 10.910 10.917 10.919 10.930    0.033 0.032 0.033 0.040 0.048  A 163270
   3666.62606 10.801 10.766 10.808 10.795 10.798    0.024 0.050 0.030 0.026 0.028  A 163649
   3669.71960 10.873 10.906 10.873 10.878 10.882    0.022 0.035 0.028 0.024 0.026  A 164002
   3672.57497 10.937 10.965 10.968 10.928 10.928    0.024 0.037 0.030 0.026 0.030  A 164378
   3674.68391 10.977 10.995 10.958 11.003 11.017    0.023 0.033 0.025 0.026 0.028  A 164702
   3680.55818 11.125 11.144 11.106 11.131 11.135    0.023 0.032 0.027 0.025 0.028  A 165325
   3701.60749 10.927 10.976 10.915 10.935 10.960    0.042 0.064 0.044 0.047 0.052  B 168166
   3704.59708 10.896 10.910 10.914 10.888 10.878    0.034 0.036 0.034 0.042 0.048  A 168556
   3707.57815 10.945 10.929 10.960 10.948 10.959    0.024 0.047 0.029 0.027 0.029  A 168961
   3711.59305 10.857 10.907 10.850 10.857 10.856    0.027 0.054 0.031 0.030 0.032  A 169248
   3713.59261 10.823 10.794 10.822 10.825 10.834    0.025 0.040 0.028 0.028 0.031  A 169524
   3715.62602 99.999 10.820 10.848 99.999 99.999    0.043 0.082 0.046 0.050 0.056  C 169824
   3718.56497 10.796 10.837 10.809 10.800 10.801    0.036 0.050 0.036 0.040 0.043  A 170176
   3720.64693 10.828 10.820 10.827 10.828 10.826    0.034 0.046 0.035 0.040 0.046  A 170441
   3726.55921 10.854 10.844 10.838 10.884 10.880    0.034 0.051 0.034 0.039 0.044  A 171111
   3728.61667 10.897 10.918 10.895 10.903 10.904    0.046 0.086 0.052 0.050 0.055  B 171405
   3731.63618 10.919 10.846 10.891 10.948 10.973    0.041 0.051 0.041 0.046 0.050  B 171686
   3735.57336 10.932 10.919 10.916 10.925 10.910    0.027 0.066 0.033 0.030 0.033  A 172190
   3738.54252 11.030 11.009 11.041 11.032 11.034    0.024 0.044 0.028 0.027 0.029  A 172597
   3740.59011 11.069 11.075 11.064 11.068 11.074    0.025 0.036 0.028 0.028 0.030  A 172891
   3743.59018 11.118 11.086 11.112 11.118 11.113    0.026 0.033 0.027 0.031 0.034  A 173263
   3746.59414 11.060 11.055 11.094 11.039 11.036    0.038 0.043 0.035 0.047 0.055  B 173668
   3749.58168 11.152 11.175 11.135 11.168 11.171    0.042 0.047 0.040 0.054 0.064  B 174077
   3753.56144 11.138 11.144 11.150 11.120 11.130    0.035 0.041 0.034 0.039 0.045  A 174630
   3756.55388 11.098 11.134 11.101 11.094 11.118    0.038 0.039 0.035 0.045 0.053  B 175035
   3759.54399 11.143 11.115 11.149 11.126 11.132    0.036 0.043 0.034 0.045 0.052  B 175452
   3762.54684 11.054 11.062 11.059 11.061 11.071    0.036 0.042 0.034 0.041 0.048  A 175846
   3765.54021 11.007 10.958 10.997 11.010 11.016    0.032 0.046 0.031 0.036 0.041  A 176262
   3768.53264 10.969 10.991 10.976 10.964 10.955    0.033 0.049 0.031 0.037 0.042  A 176678
   3771.53398 10.954 10.934 10.960 10.950 10.941    0.034 0.038 0.030 0.040 0.047  A 177085
   3853.91192 10.697 10.683 10.699 10.695 10.693    0.029 0.052 0.032 0.031 0.035  A 187883
   3862.91648 10.659 10.631 10.659 10.662 10.670    0.027 0.047 0.030 0.030 0.033  A 189293
   3866.89175 10.745 10.704 10.754 10.747 10.757    0.029 0.058 0.036 0.032 0.035  A 189966
   3869.89468 10.808 10.813 10.809 10.803 10.799    0.042 0.056 0.041 0.051 0.060  B 190454
   3872.88849 10.858 10.876 10.865 10.862 10.878    0.035 0.061 0.039 0.039 0.042  A 191017
   3880.91630 11.000 11.027 10.984 11.000 11.011    0.031 0.038 0.030 0.038 0.043  A 191900
   3891.89693 10.853 10.869 10.837 10.850 10.859    0.026 0.043 0.031 0.029 0.032  A 193441
   3894.89907 10.812 10.816 10.792 10.829 10.834    0.023 0.031 0.030 0.025 0.028  A 193943
   3898.87667 10.695 10.648 10.681 10.711 10.711    0.039 0.079 0.043 0.043 0.047  B 194432
   3901.90154 10.644 10.643 10.649 10.639 10.641    0.030 0.042 0.033 0.036 0.041  A 194936
   3905.84873 10.592 10.592 10.590 10.586 10.578    0.033 0.063 0.036 0.036 0.039  A 195671
   3913.89234 10.546 10.517 10.543 10.560 10.573    0.039 0.071 0.042 0.041 0.044  A 197022
   3981.65084 11.141 11.131 11.142 11.149 11.149    0.024 0.037 0.028 0.027 0.031  A 203348
   4089.59605 11.233 11.263 11.218 11.247 11.256    0.025 0.042 0.028 0.028 0.031  A 209117
   4092.57706 11.202 11.169 11.211 11.192 11.190    0.029 0.043 0.031 0.034 0.038  A 209494
   4107.54374 11.132 11.108 11.132 11.149 11.168    0.021 0.040 0.025 0.024 0.027  A 211068
   4125.53884 11.036 11.044 11.035 11.047 11.063    0.039 0.062 0.059 0.038 0.041  B 211502
   4127.55509 11.047 11.021 11.029 11.058 11.059    0.028 0.042 0.031 0.032 0.035  A 211769
   4131.53307 11.048 11.019 11.041 11.037 11.015    0.030 0.038 0.030 0.035 0.039  A 212281
   4134.53496 11.032 11.014 11.029 11.038 11.047    0.033 0.075 0.038 0.040 0.045  A 212693
   4229.90830 10.739 10.743 10.727 10.756 10.772    0.030 0.049 0.037 0.033 0.037  A 223609
   4232.91114 10.823 10.826 10.827 10.823 10.831    0.040 0.044 0.041 0.044 0.049  A 224126
   4247.89820 11.006 10.998 10.984 11.017 11.042    0.028 0.035 0.033 0.031 0.036  A 226495
   4255.87665 10.987 11.018 10.994 10.990 11.008    0.034 0.036 0.034 0.041 0.047  A 227157
   4268.90155 10.879 10.853 10.875 10.875 10.896    0.044 0.045 0.047 0.048 0.052  B 228073
   4273.83964 10.936 10.937 11.003 10.906 10.888    0.029 0.036 0.036 0.032 0.035  A 228565
   4278.79447 10.714 10.715 10.717 10.688 10.679    0.032 0.040 0.034 0.036 0.042  A 229205
   4284.83136 10.698 10.708 10.724 10.692 10.689    0.028 0.047 0.035 0.031 0.035  A 229871
   4286.85226 10.767 10.697 10.735 10.779 10.792    0.073 0.060 0.064 0.086 0.099  D 230243
   4290.85893 10.692 10.693 10.678 10.703 10.719    0.041 0.054 0.048 0.044 0.042  B 230573
   4293.82588 10.657 10.687 10.672 10.658 10.663    0.043 0.045 0.042 0.049 0.051  B 231120
   4296.81596 10.668 10.654 10.665 10.657 10.659    0.040 0.047 0.042 0.047 0.055  B 231631
   4298.88408 10.679 10.680 10.645 10.688 10.699    0.045 0.045 0.045 0.053 0.062  B 232013
   4300.89040 10.673 10.666 10.689 10.664 10.657    0.042 0.043 0.042 0.047 0.052  B 232369
   4303.77625 10.716 10.693 10.725 10.715 10.727    0.038 0.044 0.043 0.042 0.044  A 232815
   4305.81236 10.729 10.724 10.706 10.734 10.755    0.030 0.039 0.037 0.031 0.033  A 233192
   4307.78587 10.742 10.743 10.746 10.747 10.759    0.031 0.042 0.035 0.033 0.035  A 233528
   4309.79339 10.777 10.780 10.785 10.784 10.793    0.027 0.036 0.032 0.031 0.035  A 233844
   4311.78468 10.758 10.776 10.763 10.729 10.688    0.054 0.048 0.047 0.069 0.076  B 234109
   4314.81393 10.868 10.866 10.838 10.890 10.891    0.029 0.035 0.035 0.030 0.033  A 234438
   4330.70133 11.080 11.029 11.101 11.084 11.071    0.038 0.044 0.042 0.040 0.042  A 235336
   4332.71926 11.114 11.089 11.119 11.118 11.127    0.026 0.032 0.030 0.030 0.032  A 235705
   4334.71015 11.106 11.103 11.127 11.112 11.109    0.040 0.036 0.037 0.044 0.046  A 236059
   4338.68302 11.175 11.180 11.147 11.178 11.183    0.029 0.036 0.036 0.031 0.033  A 236446
   4340.76517 11.272 11.257 11.277 11.272 11.313    0.030 0.036 0.035 0.034 0.039  A 236812
   4342.77275 11.212 11.224 11.254 11.224 11.231    0.076 0.078 0.072 0.083 0.089  D 237147
   4344.77744 11.298 11.268 11.235 11.331 11.357    0.088 0.077 0.083 0.103 0.111  D 237489
   4346.79320 11.181 11.257 11.178 11.195 11.219    0.085 0.080 0.085 0.087 0.089  D 237833
   4348.78011 11.255 11.191 11.271 11.269 11.284    0.050 0.069 0.053 0.054 0.056  B 238183
   4351.66639 11.174 11.181 11.153 11.191 11.216    0.038 0.046 0.039 0.044 0.052  B 238607
   4353.78463 11.109 11.098 11.092 11.115 11.113    0.024 0.032 0.030 0.026 0.029  A 238907
   4355.84603 11.014 11.036 11.023 11.010 11.006    0.024 0.029 0.029 0.028 0.031  A 239244
   4358.65582 10.990 11.004 10.990 11.003 11.004    0.033 0.041 0.039 0.034 0.036  A 239636
   4361.64102 10.955 10.953 10.948 10.953 10.954    0.028 0.038 0.035 0.028 0.029  A 240026
   4363.68231 10.926 10.908 10.911 10.932 10.931    0.026 0.031 0.031 0.030 0.032  A 240354
   4365.67961 10.946 10.936 10.941 10.935 10.933    0.024 0.030 0.029 0.028 0.030  A 240664
   4367.72340 10.859 10.876 10.879 10.855 10.847    0.036 0.043 0.039 0.042 0.049  A 240875
   4369.72226 10.908 10.886 10.904 10.909 10.908    0.035 0.039 0.038 0.040 0.045  A 241172
   4371.74551 10.911 10.881 10.934 10.907 10.910    0.032 0.049 0.036 0.038 0.044  A 241509
   4373.75812 10.970 10.958 10.998 10.942 10.927    0.033 0.061 0.038 0.037 0.042  A 241807
   4376.74774 10.991 10.985 10.983 10.992 10.980    0.031 0.039 0.034 0.037 0.043  A 242161
   4379.60007 11.025 11.016 11.039 11.027 11.034    0.025 0.032 0.029 0.029 0.031  A 242561
   4381.66077 11.066 11.057 11.063 11.077 11.086    0.034 0.036 0.035 0.038 0.043  A 242881
   4385.70092 11.082 11.073 11.061 11.087 11.092    0.025 0.039 0.034 0.027 0.028  A 243514
   4387.72962 11.150 11.112 11.120 11.162 11.174    0.035 0.043 0.040 0.038 0.042  A 243840
   4389.70832 11.035 11.017 11.058 11.029 11.037    0.036 0.040 0.039 0.042 0.048  A 244132
   4393.65704 11.077 11.079 11.052 11.096 11.111    0.050 0.069 0.051 0.058 0.067  B 244655
   4399.75180 11.090 11.099 11.078 11.100 11.108    0.035 0.040 0.035 0.043 0.052  B 244871
   4402.78872 11.035 10.980 11.037 11.036 11.040    0.034 0.058 0.038 0.039 0.045  A 245164
   4406.66635 11.034 11.002 11.022 11.039 11.057    0.037 0.053 0.041 0.041 0.045  A 245442
   4408.69686 11.051 11.000 11.049 11.064 11.087    0.028 0.053 0.035 0.032 0.036  A 245750
   4411.65720 10.959 10.949 10.957 10.971 10.978    0.038 0.072 0.041 0.040 0.043  A 246103
   4420.67929 10.915 10.930 10.896 10.915 10.909    0.044 0.058 0.043 0.051 0.056  B 246474
   4422.70977 10.942 10.929 10.942 10.947 10.947    0.025 0.033 0.026 0.028 0.032  A 246680
   4426.64960 10.956 10.975 10.957 10.980 10.995    0.037 0.049 0.038 0.045 0.052  B 246952
   4428.69839 10.951 10.920 10.955 10.945 10.953    0.035 0.045 0.034 0.043 0.050  A 247190
   4431.59452 11.068 11.045 11.046 11.083 11.083    0.030 0.041 0.034 0.034 0.038  A 247518
   4433.67316 11.062 11.018 11.069 11.060 11.056    0.032 0.038 0.032 0.038 0.045  A 247806
   4436.60855 11.094 11.089 11.097 11.107 11.111    0.049 0.085 0.055 0.050 0.052  B 248147
   4438.67329 11.107 11.066 11.109 11.107 11.123    0.036 0.043 0.036 0.041 0.045  A 248418
   4441.60399 11.147 11.095 11.149 11.158 11.167    0.047 0.096 0.067 0.050 0.040  D 248770
   4444.60978 11.102 11.100 11.097 11.104 11.108    0.033 0.036 0.036 0.036 0.038  A 249077
   4452.61474 11.085 11.063 11.098 11.075 11.069    0.026 0.038 0.028 0.028 0.031  A 250011
   4455.59782 11.066 11.111 11.077 11.063 11.081    0.033 0.038 0.032 0.039 0.045  A 250327
   4458.57819 11.311 11.320 11.333 11.295 11.306    0.033 0.041 0.033 0.039 0.046  A 250678
   4461.57735 11.099 11.047 11.104 11.101 11.100    0.045 0.051 0.047 0.038 0.033  B 251013
   4464.57377 11.151 11.148 11.143 11.156 11.165    0.030 0.037 0.033 0.032 0.035  A 251396
   4467.56419 11.111 11.146 11.133 11.116 11.124    0.039 0.048 0.037 0.043 0.046  A 251731
   4470.56602 11.181 11.230 11.183 11.179 11.189    0.031 0.041 0.033 0.034 0.038  A 252076
   4474.57368 11.272 11.286 11.274 11.276 11.266    0.029 0.037 0.029 0.035 0.039  A 252455
   4477.55253 11.266 11.298 11.271 11.271 11.282    0.027 0.040 0.030 0.031 0.036  A 252750
   4480.54852 11.466 11.388 11.424 11.496 11.468    0.086 0.075 0.082 0.094 0.099  D 253107
   4483.56457 11.360 11.369 11.352 11.395 11.412    0.089 0.084 0.086 0.093 0.096  D 253434
   4486.57740 11.288 11.267 11.300 11.274 11.275    0.036 0.043 0.035 0.044 0.051  A 253689
   4489.55975 11.213 11.227 11.230 11.184 11.178    0.031 0.042 0.033 0.036 0.042  A 254036
   4492.55491 11.192 11.160 11.176 11.215 11.269    0.030 0.038 0.032 0.035 0.041  A 254372
   4499.53330 11.027 11.039 11.043 11.021 11.021    0.033 0.047 0.033 0.036 0.040  A 254993
#ndata= 453
#dataset= 4 ; 1 F0048-56_061
#desig= 002251-5919.9
#cra=    0.380836  00:22:51.0
#cdec= -59.332408 -59:19:56.7
#class= 0
#cmag_0= 10.893
#cmer_0=  0.207
#nskip_0= 6
#cmag_1= 10.897
#cmer_1=  0.205
#nskip_1= 6
#cmag_2= 10.894
#cmer_2=  0.204
#nskip_2= 6
#cmag_3= 10.897
#cmer_3=  0.205
#nskip_3= 6
#cmag_4= 10.898
#cmer_4=  0.206
#nskip_4= 7
#ra=    0.380836  00:22:51.0
#dec= -59.332408 -59:19:56.7
#     HJD      MAG_2  MAG_0  MAG_1  MAG_3  MAG_4    MER_2 MER_0 MER_1 MER_3 MER_4 GRADE FRAME
   1868.56058 11.079 11.045 11.074 11.070 11.063    0.020 0.049 0.022 0.023 0.024  A 48
   1869.55630 10.995 11.027 11.015 10.983 10.973    0.018 0.038 0.021 0.021 0.023  A 208
   1871.55570 10.957 10.999 10.967 10.951 10.951    0.024 0.072 0.028 0.026 0.029  A 492
   1873.55236 10.833 10.762 10.824 10.832 10.845    0.026 0.067 0.030 0.029 0.031  A 806
   1875.54228 10.765 10.698 10.751 10.762 10.764    0.030 0.068 0.033 0.026 0.028  A 1124
   1877.54317 10.603 10.566 10.597 10.602 10.611    0.023 0.053 0.026 0.026 0.028  A 1446
   1879.53273 10.536 10.492 10.527 10.538 10.537    0.018 0.037 0.021 0.020 0.022  A 1755
   1881.54255 10.469 10.452 10.468 10.474 10.469    0.019 0.043 0.023 0.022 0.024  A 2072
   1885.52838 10.322 10.279 10.314 10.324 10.328    0.023 0.043 0.026 0.025 0.028  A 2377
   1887.55573 10.291 10.424 10.308 10.292 10.296    0.021 0.041 0.022 0.024 0.027  A 2708
   1889.56754 10.278 10.192 10.269 10.275 10.275    0.024 0.044 0.027 0.027 0.032  A 3033
   1900.57279 10.496 10.488 10.494 10.497 10.497    0.023 0.048 0.030 0.025 0.030  A 3325
   1903.58730 10.601 10.599 10.603 10.604 10.600    0.020 0.043 0.024 0.021 0.024  A 3647
   1905.59521 10.661 10.690 10.655 10.675 10.676    0.017 0.038 0.021 0.019 0.022  A 3972
   1914.57511 29.999 29.999 29.999 29.999 29.999    0.019 0.034 0.022 0.022 0.024  C 4743
   1919.58006 10.824 10.825 10.820 10.816 10.821    0.025 0.036 0.028 0.028 0.033  A 5279
   1922.54717 10.806 10.834 10.807 10.820 10.803    0.020 0.028 0.025 0.021 0.025  A 5736
   1925.54927 10.789 10.726 10.773 10.788 10.796    0.041 0.052 0.042 0.045 0.048  B 6241
   1933.52581 10.583 10.577 10.568 10.585 10.568    0.023 0.033 0.030 0.026 0.028  A 7544
   2033.91922 10.814 10.830 10.827 10.799 10.799    0.022 0.035 0.025 0.024 0.026  A 18571
   2052.92994 11.144 11.127 11.158 11.142 11.129    0.027 0.059 0.031 0.029 0.032  A 19945
   2054.89365 11.148 11.079 11.129 11.166 11.172    0.030 0.077 0.032 0.032 0.034  A 20360
   2056.88125 11.143 11.148 11.135 11.148 11.148    0.026 0.065 0.030 0.028 0.030  A 20804
   2058.90163 29.999 29.999 29.999 29.999 29.999    0.025 0.048 0.026 0.029 0.032  C 21255
   2064.93962 11.169 11.121 11.157 11.162 11.170    0.025 0.067 0.029 0.026 0.029  A 21678
   2067.87361 11.114 11.133 11.114 11.099 11.110    0.026 0.067 0.031 0.029 0.030  A 21952
   2068.84195 11.159 11.150 11.158 11.173 11.159    0.046 0.073 0.044 0.054 0.061  B 22164
   2069.83966 11.118 11.127 11.128 11.117 11.097    0.027 0.068 0.030 0.030 0.035  A 22386
   2080.83527 11.092 11.163 11.106 11.094 11.081    0.022 0.059 0.025 0.025 0.028  A 22984
   2082.89118 11.072 11.096 11.082 11.065 11.074    0.026 0.063 0.032 0.029 0.032  A 23474
   2088.85935 11.007 11.057 11.010 11.009 10.999    0.025 0.065 0.028 0.027 0.030  A 24588
   2094.81705 11.089 11.050 11.086 11.091 11.117    0.030 0.072 0.034 0.033 0.035  A 25077
   2095.79959 11.061 11.103 11.089 11.051 11.055    0.033 0.072 0.036 0.039 0.043  A 25296
   2103.76025 11.241 11.239 11.250 11.232 11.232    0.026 0.060 0.030 0.027 0.029  A 25864
   2131.76011 11.179 11.205 11.172 11.194 11.217    0.024 0.062 0.029 0.026 0.028  A 28623
   2132.77159 11.155 11.225 11.130 11.195 11.223    0.024 0.064 0.028 0.026 0.029  A 28840
   2133.77147 11.135 11.176 11.147 11.128 11.142    0.026 0.050 0.029 0.026 0.029  A 29056
   2136.76135 11.169 11.126 11.166 11.167 11.140    0.038 0.064 0.042 0.040 0.043  A 29694
   2156.67992 10.763 10.731 10.766 10.765 10.764    0.028 0.053 0.035 0.030 0.033  A 31667
   2164.69839 10.621 10.596 10.614 10.623 10.633    0.027 0.043 0.033 0.028 0.031  A 31934
   2168.69416 10.649 10.672 10.648 10.655 10.659    0.025 0.058 0.031 0.026 0.037  A 32290
   2169.71030 10.628 10.615 10.627 10.631 10.625    0.024 0.041 0.031 0.026 0.028  A 32450
   2170.74262 10.614 10.588 10.612 10.615 10.615    0.032 0.056 0.037 0.035 0.039  A 32507
   2171.68357 10.633 10.587 10.622 10.637 10.640    0.030 0.052 0.036 0.032 0.036  A 32622
   2172.70701 10.669 10.705 10.670 10.668 10.669    0.027 0.049 0.034 0.028 0.031  A 32820
   2173.68081 10.654 10.644 10.660 10.648 10.644    0.027 0.047 0.034 0.029 0.032  A 32997
   2174.67181 10.674 10.682 10.675 10.683 10.691    0.027 0.046 0.033 0.029 0.033  A 33168
   2177.65054 10.727 10.702 10.721 10.723 10.730    0.027 0.046 0.034 0.029 0.032  A 33432
   2178.65082 10.730 10.738 10.733 10.740 10.745    0.029 0.046 0.035 0.030 0.033  A 33607
   2183.60588 10.857 10.842 10.846 10.868 10.863    0.031 0.047 0.039 0.031 0.033  A 33874
   2184.63735 10.898 10.895 10.907 10.898 10.892    0.029 0.048 0.038 0.031 0.034  A 34080
   2185.64355 10.924 10.932 10.930 10.925 10.936    0.028 0.044 0.035 0.030 0.034  A 34269
   2186.67862 10.943 10.898 10.942 10.944 10.958    0.029 0.035 0.038 0.031 0.032  A 34399
   2190.64430 11.039 10.987 11.033 11.034 11.045    0.029 0.036 0.037 0.030 0.027  A 34942
   2191.65917 11.055 11.083 11.056 11.059 11.051    0.035 0.052 0.042 0.036 0.038  A 35124
   2192.64473 11.071 11.174 11.081 11.062 11.053    0.025 0.046 0.033 0.027 0.028  A 35292
   2193.64359 11.086 11.131 11.093 11.080 11.076    0.026 0.043 0.034 0.028 0.029  A 35474
   2194.64153 11.089 11.059 11.087 11.082 11.079    0.026 0.046 0.036 0.027 0.028  A 35652
   2195.64135 11.089 11.106 11.087 11.101 11.107    0.025 0.043 0.033 0.027 0.028  A 35829
   2196.64043 11.124 11.134 11.126 11.121 11.124    0.028 0.047 0.037 0.028 0.030  A 35961
   2197.63786 11.110 11.129 11.110 11.114 11.132    0.026 0.044 0.034 0.027 0.029  A 36144
   2198.63444 11.129 11.147 11.143 11.112 11.101    0.026 0.046 0.034 0.027 0.029  A 36314
   2199.63281 11.141 11.107 11.138 11.134 11.127    0.027 0.044 0.037 0.029 0.029  A 36493
   2201.62157 11.180 11.138 11.172 11.184 11.178    0.026 0.040 0.035 0.028 0.028  A 36737
   2202.62910 11.187 11.193 11.181 11.193 11.192    0.049 0.062 0.054 0.053 0.057  B 36908
   2203.61858 11.193 11.210 11.193 11.196 11.197    0.028 0.045 0.036 0.029 0.031  A 37077
   2204.61204 11.197 11.221 11.209 11.184 11.180    0.027 0.042 0.035 0.028 0.029  A 37201
   2206.61312 11.200 11.188 11.190 11.217 11.216    0.028 0.042 0.036 0.030 0.031  A 37477
   2207.60743 11.175 11.193 11.184 11.172 11.171    0.031 0.046 0.039 0.032 0.034  A 37647
   2211.56730 11.150 11.170 11.138 11.169 11.178    0.035 0.046 0.043 0.037 0.034  A 37822
   2213.57382 11.109 11.091 11.097 11.107 11.102    0.030 0.042 0.039 0.032 0.033  A 38061
   2214.60438 11.331 11.300 11.345 11.342 11.361    0.031 0.048 0.040 0.034 0.035  A 38222
   2215.60439 11.067 11.066 11.066 11.065 11.083    0.032 0.045 0.040 0.036 0.034  A 38389
   2216.60449 11.056 11.042 11.040 11.055 11.045    0.029 0.045 0.039 0.034 0.033  A 38559
   2217.60414 11.014 11.011 11.021 11.024 11.026    0.029 0.044 0.039 0.033 0.031  A 38726
   2219.57507 10.979 10.957 11.000 10.997 11.001    0.031 0.044 0.039 0.037 0.035  A 38887
   2221.58727 10.953 10.906 10.958 10.937 10.928    0.031 0.049 0.042 0.034 0.031  A 39009
   2222.58973 10.932 10.888 10.928 10.947 10.954    0.027 0.041 0.035 0.033 0.031  A 39165
   2224.58024 10.890 10.841 10.902 10.883 10.888    0.034 0.047 0.041 0.038 0.035  A 39322
   2225.58473 10.854 10.821 10.853 10.855 10.844    0.031 0.052 0.042 0.033 0.034  A 39487
   2226.58539 10.855 10.850 10.847 10.852 10.853    0.031 0.044 0.039 0.037 0.033  A 39642
   2227.58376 10.800 10.825 10.796 10.820 10.831    0.029 0.043 0.037 0.034 0.031  A 39794
   2229.57829 10.773 10.809 10.771 10.773 10.768    0.031 0.047 0.040 0.034 0.032  A 40117
   2230.57611 10.770 10.742 10.774 10.768 10.766    0.030 0.045 0.039 0.036 0.033  A 40281
   2232.56649 10.746 10.749 10.743 10.743 10.748    0.030 0.043 0.038 0.034 0.032  A 40444
   2234.55649 10.749 10.733 10.722 10.757 10.765    0.033 0.047 0.042 0.038 0.037  A 40755
   2235.55616 10.723 10.727 10.735 10.735 10.735    0.029 0.047 0.038 0.033 0.031  A 40910
   2244.59007 10.736 10.712 10.693 10.763 10.775    0.042 0.062 0.051 0.050 0.047  B 42159
   2248.52676 10.762 10.755 10.740 10.791 10.789    0.036 0.053 0.044 0.044 0.043  A 42450
   2252.56810 10.803 10.827 10.815 10.813 10.802    0.037 0.056 0.044 0.044 0.043  A 43149
   2254.56186 10.832 10.773 10.845 10.837 10.835    0.036 0.055 0.046 0.045 0.043  B 43438
   2256.56070 10.859 10.832 10.873 10.858 10.854    0.041 0.056 0.049 0.045 0.043  B 43754
   2258.56382 10.821 10.758 10.814 10.830 10.836    0.043 0.061 0.051 0.049 0.048  B 44079
   2444.83877 10.838 10.881 10.832 10.838 10.846    0.020 0.024 0.027 0.021 0.020  A 8966
   2446.83396 10.852 10.829 10.858 10.840 10.850    0.023 0.030 0.031 0.024 0.024  A 9341
   2452.81748 10.882 10.855 10.891 10.879 10.872    0.028 0.035 0.035 0.030 0.031  A 9527
   2453.77494 10.841 10.850 10.862 10.856 10.867    0.026 0.032 0.032 0.029 0.029  A 9692
   2465.85301 10.866 10.844 10.864 10.891 10.892    0.035 0.040 0.040 0.038 0.034  A 11153
   2467.83881 10.866 10.863 10.866 10.867 10.870    0.021 0.024 0.028 0.024 0.022  A 11584
   2468.90224 10.873 10.892 10.893 10.858 10.859    0.026 0.030 0.032 0.029 0.028  A 11828
   2470.80359 10.865 10.823 10.876 10.874 10.859    0.026 0.032 0.033 0.030 0.028  A 12068
   2471.91016 10.835 10.872 10.840 10.837 10.844    0.027 0.031 0.034 0.032 0.026  A 12593
   2473.86000 10.814 10.791 10.802 10.837 10.830    0.034 0.039 0.039 0.042 0.037  A 12780
   2481.82003 10.779 10.778 10.776 10.754 10.754    0.044 0.054 0.049 0.051 0.050  B 13028
   2482.71707 10.794 10.752 10.781 10.801 10.824    0.034 0.044 0.039 0.040 0.036  A 13190
   2486.78673 10.828 10.785 10.815 10.830 10.869    0.037 0.047 0.042 0.042 0.044  A 13388
   2487.80074 10.856 10.866 10.879 10.858 10.873    0.048 0.061 0.055 0.051 0.052  B 13550
   2489.76067 10.854 10.852 10.847 10.865 10.860    0.035 0.039 0.040 0.040 0.041  A 13901
   2490.78551 10.832 10.862 10.852 10.827 10.853    0.033 0.039 0.039 0.040 0.037  A 14130
   2493.78788 10.963 10.976 10.964 10.978 10.972    0.039 0.047 0.045 0.044 0.038  A 14539
   2495.72557 10.982 10.955 10.968 11.012 11.007    0.032 0.038 0.037 0.039 0.034  A 14839
   2498.76241 10.946 10.916 10.945 10.947 10.932    0.026 0.031 0.034 0.030 0.024  A 15491
   2499.76139 10.975 10.990 10.948 10.988 11.001    0.026 0.031 0.034 0.030 0.025  A 15700
   2500.73530 10.975 10.968 10.968 10.959 10.970    0.028 0.033 0.036 0.030 0.026  A 15903
   2501.76221 10.958 10.939 10.962 10.950 10.959    0.027 0.032 0.033 0.030 0.023  A 16063
   2502.76901 10.960 10.976 10.971 10.951 10.953    0.032 0.042 0.039 0.038 0.031  A 16278
   2503.76016 10.989 10.971 10.961 10.996 11.009    0.059 0.071 0.065 0.063 0.060  D 16478
   2510.69761 10.958 10.894 10.981 10.935 10.941    0.064 0.063 0.065 0.078 0.092  D 17001
   2520.77907 10.745 10.735 10.731 10.740 10.744    0.037 0.054 0.047 0.039 0.029  A 18260
   2526.79362 10.661 10.659 10.658 10.647 10.652    0.036 0.050 0.048 0.030 0.026  A 18909
   2529.68956 10.628 10.595 10.629 10.628 10.626    0.031 0.050 0.041 0.034 0.030  A 19099
   2539.64844 10.757 10.795 10.792 10.761 10.761    0.044 0.059 0.049 0.049 0.046  B 19525
   2540.72424 10.750 10.766 10.752 10.744 10.741    0.018 0.027 0.023 0.020 0.023  A 19747
   2544.71887 10.802 10.829 10.792 10.809 10.825    0.021 0.023 0.029 0.020 0.021  A 20017
   2545.75728 11.325 11.793 11.557 11.235 11.222    0.017 0.026 0.020 0.018 0.020  A 20223
   2552.78188 10.816 10.859 10.816 10.822 10.820    0.022 0.038 0.025 0.021 0.022  A 21206
   2554.61825 10.877 10.836 10.881 10.874 10.863    0.040 0.054 0.046 0.043 0.045  A 21500
   2556.67831 10.883 10.857 10.868 10.895 10.896    0.036 0.040 0.039 0.042 0.034  A 21708
   2558.70356 10.910 10.907 10.903 10.923 10.924    0.021 0.043 0.027 0.021 0.021  A 22075
   2559.67391 10.878 10.860 10.882 10.872 10.865    0.018 0.029 0.027 0.018 0.019  A 22243
   2560.67245 10.983 10.964 10.988 10.961 10.944    0.030 0.033 0.034 0.027 0.027  A 22421
   2562.65541 10.942 10.957 10.915 10.955 10.977    0.024 0.023 0.032 0.025 0.026  A 22742
   2563.66719 10.971 10.996 10.986 10.963 10.965    0.026 0.042 0.031 0.026 0.027  A 22926
   2564.66639 11.005 11.034 11.010 11.001 11.017    0.023 0.033 0.028 0.024 0.026  A 23105
   2565.68916 11.431 11.526 11.544 11.342 11.324    0.022 0.024 0.027 0.022 0.023  A 23293
   2566.70171 11.042 11.064 11.051 11.043 11.035    0.026 0.031 0.034 0.027 0.026  A 23477
   2578.66382 11.147 11.163 11.159 11.143 11.149    0.022 0.028 0.031 0.022 0.021  A 24957
   2621.60707 10.783 10.816 10.810 10.797 10.791    0.020 0.024 0.022 0.022 0.024  A 29787
   2622.67405 10.810 10.807 10.814 10.807 10.812    0.022 0.035 0.023 0.024 0.027  A 29983
   2624.69861 10.782 10.811 10.803 10.790 99.999    0.025 0.044 0.025 0.028 0.032  C 30278
   2635.62121 10.885 10.887 10.885 10.884 10.881    0.018 0.027 0.021 0.019 0.021  A 32221
   2637.63178 10.949 10.921 10.949 10.951 10.954    0.019 0.021 0.019 0.021 0.024  A 32517
   2639.62952 10.979 10.963 10.958 10.969 10.975    0.022 0.037 0.026 0.022 0.024  A 32824
   2641.63214 10.967 10.966 10.970 10.965 10.963    0.020 0.030 0.021 0.022 0.024  A 33108
   2643.64144 10.967 10.967 10.984 10.958 10.963    0.019 0.033 0.021 0.021 0.024  A 33423
   2645.60933 10.995 10.939 10.982 10.986 10.994    0.019 0.034 0.023 0.020 0.022  A 33707
   2647.59553 10.916 10.951 10.910 10.919 10.926    0.027 0.033 0.028 0.029 0.033  A 33999
   2650.57797 10.987 10.969 11.022 10.969 10.973    0.021 0.027 0.024 0.021 0.023  A 34256
   2652.58868 10.940 10.898 10.960 10.919 10.913    0.027 0.040 0.029 0.029 0.033  A 34566
   2654.59666 10.929 10.914 10.942 10.916 10.927    0.023 0.039 0.030 0.024 0.027  A 34879
   2658.56128 10.921 10.980 10.925 10.924 10.945    0.022 0.036 0.025 0.025 0.028  A 35568
   2664.56161 29.999 29.999 29.999 29.999 29.999    0.026 0.036 0.037 0.025 0.026  C 36593
   2668.56475 10.917 10.980 10.960 10.905 10.888    0.023 0.028 0.034 0.022 0.024  A 37244
   2670.56018 10.911 10.889 10.925 10.905 10.903    0.019 0.026 0.020 0.020 0.022  A 37558
   2672.56319 10.948 10.999 10.937 10.963 10.968    0.020 0.027 0.022 0.021 0.022  A 37894
   2674.55330 10.877 10.888 10.872 10.870 10.874    0.019 0.023 0.022 0.021 0.023  A 38233
   2676.54681 10.957 11.008 10.960 10.958 10.962    0.020 0.027 0.023 0.021 0.024  A 38596
   2678.54372 10.983 10.973 10.967 10.985 10.971    0.021 0.026 0.022 0.023 0.027  A 38937
   2680.55110 10.991 11.039 10.995 10.987 10.997    0.024 0.034 0.026 0.027 0.030  A 39270
   2683.53872 11.080 11.056 11.053 11.086 11.080    0.024 0.030 0.026 0.027 0.031  A 39774
   2686.52762 11.048 11.088 11.103 11.059 11.079    0.029 0.035 0.027 0.034 0.039  A 40316
   2688.53532 11.078 11.118 11.075 11.078 11.098    0.025 0.031 0.025 0.029 0.033  A 40683
   2691.51394 11.075 11.061 11.064 11.059 11.048    0.023 0.028 0.025 0.026 0.029  A 41231
   2698.50681 11.029 11.013 11.016 11.023 11.015    0.032 0.031 0.031 0.038 0.044  A 42455
   2755.92368 10.984 10.952 11.000 10.971 10.962    0.025 0.026 0.028 0.027 0.031  A 52582
   2760.92358 11.057 11.057 11.098 11.067 11.062    0.024 0.027 0.029 0.026 0.029  A 53548
   2764.91398 11.097 11.098 11.098 11.083 11.074    0.025 0.029 0.026 0.029 0.034  A 54366
   2776.92703 11.119 11.123 11.096 11.150 11.175    0.029 0.030 0.030 0.031 0.034  A 55430
   2783.87868 10.986 11.035 10.976 10.989 10.991    0.025 0.036 0.027 0.026 0.029  A 56033
   2786.89047 10.917 10.915 10.921 10.928 10.931    0.019 0.025 0.021 0.020 0.022  A 56675
   2809.83619 10.960 10.970 10.940 10.962 10.972    0.026 0.027 0.031 0.025 0.025  A 59588
   2811.87611 10.979 10.962 10.971 10.975 10.980    0.027 0.025 0.028 0.028 0.029  A 60056
   2813.87844 10.932 10.919 10.911 10.938 10.936    0.023 0.025 0.025 0.023 0.024  A 60514
   2819.91227 10.879 10.917 10.874 10.868 10.853    0.042 0.039 0.046 0.049 0.052  B 61407
   2830.77486 10.774 10.765 10.749 10.792 10.810    0.028 0.030 0.032 0.033 0.036  A 62563
   2832.82596 10.714 10.702 10.703 10.719 10.723    0.025 0.027 0.029 0.029 0.030  A 63031
   2836.88889 10.598 10.662 10.611 10.588 10.590    0.053 0.045 0.053 0.060 0.064  B 63781
   2839.88231 10.541 10.549 10.552 10.535 10.529    0.053 0.053 0.056 0.058 0.064  B 64211
   2841.83300 10.489 10.491 10.497 10.489 10.486    0.026 0.028 0.031 0.029 0.031  A 64609
   2844.88981 10.450 10.444 10.467 10.455 10.451    0.022 0.022 0.027 0.025 0.024  A 65108
   2853.76500 10.456 10.490 10.448 10.456 10.461    0.024 0.020 0.027 0.027 0.025  A 65714
   2856.80941 10.555 10.575 10.560 10.562 10.577    0.025 0.029 0.031 0.028 0.031  A 66128
   2858.86363 10.609 10.593 10.611 10.611 10.610    0.022 0.021 0.026 0.023 0.021  A 66417
   2860.76811 10.627 10.636 10.586 10.631 10.633    0.027 0.024 0.029 0.028 0.030  A 66806
   2862.74573 10.715 10.727 10.708 10.711 10.712    0.024 0.028 0.030 0.027 0.031  A 67214
   2872.81486 10.960 10.964 10.933 10.949 10.948    0.026 0.021 0.029 0.029 0.027  A 68235
   2875.82333 11.017 11.051 11.026 11.017 11.016    0.026 0.024 0.038 0.023 0.021  A 68630
   2877.78353 11.085 11.101 11.076 11.084 11.091    0.034 0.023 0.038 0.035 0.032  A 69010
   2880.75024 11.141 11.163 11.154 11.135 11.144    0.031 0.026 0.033 0.031 0.030  A 69412
   2883.79771 11.184 11.200 11.191 11.195 11.195    0.016 0.028 0.022 0.017 0.018  A 69688
   2885.70971 11.260 11.209 11.238 11.256 11.257    0.025 0.021 0.028 0.027 0.028  A 70056
   2886.81390 11.211 11.241 11.238 11.218 11.213    0.032 0.028 0.035 0.031 0.031  A 70312
   2892.76382 11.226 11.205 11.212 11.262 11.284    0.024 0.029 0.024 0.025 0.029  A 70729
   2894.66989 11.191 11.199 11.188 11.195 11.189    0.033 0.035 0.035 0.034 0.037  A 71091
   2895.79277 11.195 11.167 11.214 11.202 11.204    0.024 0.025 0.027 0.028 0.028  A 71336
   2897.81160 11.207 11.205 11.196 11.191 11.182    0.019 0.022 0.025 0.020 0.022  A 71743
   2899.77143 11.206 11.154 11.226 11.188 11.167    0.030 0.026 0.036 0.028 0.028  A 72089
   2902.74025 11.124 11.112 11.129 11.120 11.114    0.022 0.023 0.027 0.022 0.023  A 72556
   2905.66025 11.051 11.047 11.053 11.048 11.049    0.021 0.019 0.025 0.021 0.021  A 72990
   2907.82169 29.999 29.999 29.999 29.999 29.999    0.040 0.047 0.043 0.041 0.045  C 73312
   2910.65677 10.924 10.918 10.932 10.912 10.911    0.027 0.025 0.028 0.026 0.026  A 73731
   2916.81404 29.999 29.999 29.999 29.999 29.999    0.024 0.025 0.034 0.031 0.029  C 74651
   2918.69699 10.787 10.796 10.782 10.805 10.832    0.043 0.039 0.038 0.053 0.062  B 74915
   2921.73112 10.714 10.730 10.704 10.706 10.707    0.027 0.024 0.025 0.033 0.039  A 75120
   2923.72037 10.711 10.745 10.729 10.722 10.728    0.023 0.023 0.032 0.025 0.027  A 75492
   2926.72400 10.671 10.710 10.680 10.675 10.685    0.024 0.026 0.028 0.023 0.023  A 75853
   2928.72097 10.710 10.616 10.712 10.727 10.719    0.038 0.034 0.046 0.038 0.037  A 76225
   2930.71357 10.662 10.707 10.689 10.671 10.671    0.019 0.026 0.021 0.019 0.021  A 76571
   2932.70228 10.709 10.675 10.712 10.712 10.711    0.028 0.030 0.037 0.030 0.033  A 76922
   2934.69701 10.715 10.634 10.734 10.718 10.702    0.024 0.025 0.030 0.023 0.022  A 77274
   2936.70083 10.788 10.724 10.774 10.780 10.770    0.038 0.039 0.037 0.042 0.044  A 77626
   2940.58596 10.675 10.683 10.683 10.693 10.698    0.021 0.024 0.025 0.020 0.021  A 77980
   2943.59383 10.677 10.686 10.653 10.671 10.673    0.021 0.023 0.025 0.024 0.024  A 78345
   2944.73840 29.999 29.999 29.999 29.999 29.999    0.026 0.032 0.033 0.028 0.029  C 78570
   2946.61085 10.684 10.694 10.680 10.692 10.691    0.023 0.021 0.028 0.024 0.024  A 78815
   2947.80931 10.681 10.664 10.682 10.685 10.686    0.031 0.041 0.032 0.033 0.037  A 79078
   2949.70049 10.660 10.699 10.659 10.679 10.696    0.027 0.025 0.025 0.032 0.036  A 79307
   2951.71103 10.694 10.719 10.702 10.701 10.719    0.024 0.024 0.026 0.029 0.033  A 79592
   2953.72764 10.647 10.659 10.671 10.629 10.575    0.041 0.035 0.038 0.049 0.058  B 79867
   2955.76811 10.685 10.697 10.699 10.681 10.678    0.026 0.024 0.027 0.030 0.034  A 80138
   2957.75974 10.714 10.711 10.698 10.713 10.721    0.029 0.031 0.032 0.033 0.038  A 80425
   2962.54695 10.712 10.635 10.698 10.748 10.782    0.042 0.041 0.040 0.048 0.056  B 81027
   2964.57382 10.680 10.682 10.698 10.702 10.713    0.032 0.029 0.028 0.035 0.038  A 81319
   2968.60387 10.696 10.678 10.699 10.699 10.697    0.019 0.021 0.022 0.021 0.024  A 81892
   2970.59525 10.726 10.721 10.750 10.718 10.704    0.019 0.024 0.021 0.021 0.024  A 82108
   2972.63252 10.731 10.735 10.728 10.729 10.741    0.022 0.022 0.022 0.025 0.028  A 82384
   2976.63962 10.679 10.671 10.668 10.674 10.673    0.026 0.029 0.027 0.029 0.032  A 82853
   2980.67505 10.637 10.656 10.645 10.620 10.587    0.049 0.033 0.043 0.054 0.059  B 83392
   2984.67935 10.594 10.655 10.595 10.597 10.600    0.025 0.029 0.025 0.029 0.033  A 83923
   2986.70141 10.610 10.616 10.603 10.596 10.588    0.023 0.022 0.023 0.027 0.032  A 84196
   2989.63062 10.643 10.664 10.648 10.645 99.999    0.022 0.024 0.021 0.024 0.028  C 84521
   2991.64933 10.778 10.672 10.802 10.756 10.731    0.047 0.052 0.066 0.046 0.042  D 84785
   2993.67765 10.760 10.763 10.743 10.752 10.740    0.027 0.031 0.031 0.030 0.034  A 85073
   2996.59906 10.822 10.838 10.829 10.803 10.800    0.042 0.040 0.041 0.049 0.055  B 85430
   2998.60788 10.884 10.873 10.905 10.869 10.864    0.022 0.024 0.024 0.024 0.028  A 85709
   3001.57761 10.939 10.950 10.945 10.938 10.925    0.040 0.028 0.036 0.043 0.045  A 85966
   3005.59688 10.951 11.019 10.953 10.944 10.953    0.060 0.054 0.059 0.062 0.065  D 86446
   3007.61186 10.979 11.025 10.981 10.975 10.981    0.024 0.025 0.026 0.027 0.030  A 86712
   3010.60864 11.009 10.993 10.996 11.006 11.017    0.028 0.030 0.029 0.034 0.040  A 87100
   3012.60566 10.967 11.036 10.965 10.940 10.937    0.033 0.031 0.031 0.039 0.047  A 87363
   3015.61429 11.035 11.056 11.051 11.007 11.005    0.025 0.025 0.026 0.028 0.033  A 87613
   3017.62444 11.020 11.065 11.018 11.015 11.014    0.021 0.028 0.022 0.025 0.029  A 87871
   3025.59396 11.087 11.036 11.094 11.061 11.061    0.035 0.036 0.032 0.038 0.043  A 88411
   3030.55627 11.064 11.080 11.103 11.057 11.054    0.022 0.022 0.023 0.026 0.028  A 88703
   3035.57700 11.114 11.081 11.102 11.100 11.106    0.024 0.027 0.025 0.028 0.033  A 89232
   3042.54478 10.984 11.000 10.978 10.968 10.938    0.031 0.029 0.029 0.039 0.046  A 89764
   3045.54047 10.865 10.864 10.859 10.874 10.870    0.064 0.067 0.063 0.066 0.069  D 90161
   3048.53337 10.816 10.778 10.819 10.820 10.815    0.033 0.031 0.031 0.038 0.044  A 90561
   3051.52844 10.655 10.668 10.661 10.655 10.647    0.026 0.029 0.029 0.029 0.032  A 90954
   3054.52044 10.566 10.572 10.551 10.563 10.549    0.025 0.028 0.026 0.029 0.033  A 91364
   3057.51752 10.498 10.519 10.475 10.495 10.505    0.037 0.037 0.036 0.039 0.042  A 91780
   3060.50817 10.432 10.449 10.421 10.433 10.453    0.030 0.031 0.029 0.037 0.044  A 92174
   3128.92430 10.808 10.796 10.801 10.810 10.790    0.039 0.039 0.041 0.043 0.048  A 101302
   3142.91924 10.521 10.509 10.536 10.522 10.533    0.026 0.027 0.027 0.030 0.034  A 103205
   3156.90410 10.817 10.807 10.814 10.817 10.818    0.022 0.023 0.022 0.025 0.028  A 104260
   3163.89028 10.766 10.778 10.754 10.765 10.752    0.027 0.030 0.027 0.031 0.036  A 105108
   3166.91120 10.714 10.699 10.734 10.707 10.726    0.034 0.034 0.031 0.041 0.047  A 105504
   3175.92403 10.485 10.510 10.503 10.498 10.492    0.021 0.023 0.023 0.025 0.029  A 106686
   3179.86225 10.364 10.378 10.368 10.362 10.363    0.022 0.027 0.023 0.026 0.030  A 107279
   3183.89132 10.295 10.321 10.303 10.283 10.271    0.026 0.025 0.026 0.030 0.035  A 107741
   3187.84108 10.253 10.275 10.264 10.262 10.256    0.026 0.026 0.026 0.031 0.035  A 108345
   3191.84584 10.330 10.304 10.359 10.321 10.306    0.034 0.044 0.037 0.039 0.045  A 108798
   3326.66178 10.682 10.703 10.682 10.690 10.704    0.028 0.041 0.031 0.029 0.031  A 121114
   3355.54490 11.018 11.018 11.015 11.024 11.032    0.021 0.048 0.027 0.022 0.024  A 124337
   3357.61373 11.014 10.968 11.004 11.026 11.040    0.038 0.045 0.036 0.041 0.045  A 124582
   3362.65543 11.060 10.986 11.049 11.072 11.076    0.027 0.042 0.028 0.031 0.036  A 124843
   3366.63150 11.038 11.067 11.037 11.040 11.038    0.032 0.045 0.032 0.038 0.045  A 125169
   3386.54315 10.783 10.777 10.781 10.791 10.791    0.029 0.042 0.029 0.034 0.040  A 126138
   3388.57256 10.779 10.804 10.783 10.776 10.768    0.026 0.057 0.030 0.030 0.033  A 126426
   3390.60694 10.774 10.775 10.775 10.776 10.790    0.028 0.043 0.029 0.033 0.038  A 126712
   3395.57591 10.768 10.766 10.772 10.769 10.770    0.032 0.038 0.030 0.040 0.046  A 127244
   3398.55353 10.832 10.798 10.816 10.839 10.859    0.033 0.047 0.032 0.036 0.040  A 127606
   3410.53746 10.666 10.675 10.669 10.660 10.650    0.027 0.042 0.027 0.029 0.032  A 129314
   3413.52809 10.685 10.640 10.678 10.685 10.693    0.045 0.046 0.043 0.048 0.052  B 129740
   3416.53060 10.674 10.669 10.681 10.667 10.665    0.028 0.030 0.026 0.035 0.038  A 130230
   3420.52550 10.659 10.641 10.637 10.674 10.687    0.028 0.031 0.026 0.035 0.039  A 130861
   3428.50758 10.780 10.739 10.772 10.794 10.801    0.034 0.037 0.032 0.041 0.047  A 132105
   3511.90128 10.724 10.696 10.726 10.715 10.720    0.028 0.052 0.035 0.029 0.032  A 143761
   3525.90936 10.855 10.804 10.849 10.862 10.867    0.045 0.081 0.046 0.050 0.055  B 145586
   3529.88360 10.847 10.874 10.862 10.836 10.811    0.043 0.059 0.047 0.046 0.050  B 146275
   3544.85652 10.842 10.926 10.867 10.825 10.828    0.035 0.076 0.039 0.041 0.045  A 147774
   3552.85930 10.842 10.836 10.845 10.840 10.839    0.029 0.042 0.032 0.032 0.036  A 148542
   3556.85607 10.906 10.950 10.911 10.906 10.919    0.023 0.034 0.025 0.027 0.030  A 149139
   3560.83024 11.023 11.149 11.059 11.021 11.017    0.041 0.085 0.051 0.044 0.047  B 149626
   3563.86166 11.079 11.018 11.070 11.080 11.087    0.026 0.037 0.028 0.027 0.030  A 150160
   3569.91290 11.061 11.059 11.073 11.049 11.040    0.023 0.031 0.030 0.026 0.029  A 150667
   3572.85474 11.120 11.109 11.125 11.119 11.123    0.027 0.032 0.032 0.031 0.035  A 151022
   3578.83557 10.981 10.974 10.979 10.984 10.994    0.025 0.033 0.028 0.028 0.032  A 152034
   3582.93428 10.887 10.878 10.887 10.878 10.889    0.032 0.038 0.030 0.039 0.046  A 152750
   3585.81832 10.833 10.810 10.828 10.839 10.843    0.026 0.066 0.031 0.028 0.031  A 153241
   3588.80056 10.725 10.701 10.722 10.723 10.715    0.022 0.036 0.024 0.025 0.028  A 153718
   3591.78460 10.681 10.700 10.681 10.697 10.699    0.028 0.051 0.031 0.031 0.035  A 154234
   3595.80202 10.532 10.546 10.530 10.540 10.543    0.050 0.053 0.047 0.059 0.068  B 154875
   3597.81169 10.620 10.580 10.610 10.627 10.632    0.027 0.049 0.032 0.030 0.032  A 155188
   3601.72246 10.693 10.698 10.684 10.713 10.720    0.032 0.059 0.035 0.036 0.040  A 155585
   3603.81802 10.695 10.674 10.683 10.702 10.709    0.031 0.036 0.033 0.036 0.042  A 155944
   3617.76392 10.780 10.744 10.771 10.774 10.773    0.031 0.041 0.038 0.034 0.038  A 157176
   3620.72044 10.728 10.684 10.723 10.741 10.752    0.031 0.068 0.037 0.034 0.037  A 157616
   3622.76827 10.802 10.811 10.811 10.803 10.800    0.027 0.041 0.033 0.029 0.033  A 157947
   3625.78186 10.775 10.757 10.780 10.776 10.773    0.023 0.034 0.031 0.025 0.028  A 158215
   3628.74267 10.762 10.738 10.765 10.770 10.773    0.025 0.032 0.032 0.028 0.033  A 158485
   3630.74849 10.752 10.718 10.745 10.751 10.757    0.028 0.034 0.032 0.033 0.038  A 158826
   3632.77084 10.720 10.709 10.721 10.716 10.708    0.030 0.041 0.029 0.036 0.043  A 159143
   3635.67044 10.781 10.738 10.761 10.819 10.863    0.096 0.073 0.082 0.127 0.154  D 159549
   3638.72355 10.663 10.639 10.661 10.657 10.661    0.022 0.033 0.030 0.024 0.027  A 159807
   3640.82529 10.604 10.569 10.602 10.605 10.604    0.022 0.042 0.027 0.025 0.028  A 160078
   3643.64818 10.602 10.571 10.612 10.594 10.595    0.034 0.040 0.041 0.037 0.041  A 160457
   3646.69868 10.571 10.563 10.567 10.580 10.585    0.027 0.036 0.033 0.029 0.031  A 160784
   3651.68491 10.710 10.752 10.734 10.698 10.718    0.025 0.052 0.031 0.027 0.029  A 161462
   3653.67361 10.613 10.637 10.616 10.612 10.615    0.032 0.046 0.034 0.038 0.044  A 161768
   3655.65239 10.612 10.563 10.602 10.614 10.613    0.024 0.044 0.027 0.026 0.029  A 162024
   3657.67535 10.668 10.652 10.666 10.659 10.643    0.026 0.035 0.028 0.030 0.035  A 162331
   3659.70991 10.685 10.692 10.696 10.668 10.662    0.027 0.031 0.027 0.032 0.036  A 162656
   3661.73882 10.751 10.741 10.750 10.769 10.782    0.029 0.037 0.031 0.035 0.040  A 162970
   3664.58629 10.809 10.802 10.809 10.814 10.803    0.026 0.043 0.029 0.028 0.031  A 163340
   3666.64993 10.839 10.903 10.853 10.831 10.832    0.022 0.040 0.026 0.023 0.026  A 163657
   3669.72534 10.865 10.831 10.864 10.864 10.864    0.022 0.028 0.026 0.023 0.026  A 164004
   3671.82719 10.941 10.901 10.926 10.963 10.973    0.025 0.033 0.030 0.029 0.032  A 164321
   3674.62072 10.989 11.017 10.993 10.983 10.988    0.026 0.063 0.033 0.028 0.029  A 164685
   3676.63951 11.017 11.029 11.025 11.018 11.019    0.022 0.032 0.024 0.024 0.026  A 164976
   3680.57035 11.119 11.093 11.116 11.125 11.134    0.023 0.038 0.027 0.025 0.028  A 165329
   3701.61401 11.020 10.962 10.996 11.030 11.028    0.042 0.040 0.038 0.049 0.054  B 168168
   3703.74342 10.952 10.963 10.956 10.946 10.950    0.028 0.064 0.036 0.030 0.033  A 168465
   3706.56595 10.949 10.960 10.949 10.953 10.953    0.038 0.052 0.039 0.041 0.046  A 168817
   3708.65164 10.893 10.856 10.896 10.895 10.891    0.027 0.059 0.030 0.030 0.033  A 169127
   3712.62931 10.888 10.924 10.894 10.886 10.889    0.028 0.061 0.035 0.030 0.033  A 169402
   3714.63676 10.809 10.765 10.804 10.805 10.795    0.026 0.050 0.031 0.028 0.030  A 169690
   3717.59683 10.784 10.779 10.783 10.780 10.772    0.031 0.038 0.029 0.036 0.040  A 170070
   3720.59213 10.778 10.766 10.766 10.795 10.794    0.033 0.073 0.037 0.037 0.041  A 170422
   3722.65527 29.999 29.999 29.999 29.999 29.999    0.031 0.037 0.030 0.036 0.041  C 170701
   3725.62488 10.849 10.841 10.852 10.848 10.844    0.036 0.053 0.036 0.040 0.043  A 170998
   3727.64371 10.875 10.869 10.868 10.893 10.906    0.029 0.044 0.029 0.033 0.038  A 171278
   3731.58440 10.925 10.930 10.929 10.930 10.927    0.032 0.040 0.033 0.036 0.039  A 171668
   3734.61885 10.953 10.941 10.943 10.955 10.961    0.038 0.039 0.033 0.048 0.058  B 172068
   3737.61214 11.026 11.054 11.025 11.037 11.041    0.023 0.050 0.027 0.026 0.028  A 172479
   3739.63258 11.058 11.082 11.064 11.052 11.051    0.023 0.033 0.026 0.027 0.031  A 172768
   3742.59811 11.131 11.152 11.138 11.137 11.138    0.028 0.061 0.031 0.030 0.033  A 173132
   3745.60393 11.110 11.054 11.092 11.110 11.100    0.031 0.044 0.033 0.033 0.036  A 173546
   3748.59507 11.499 11.570 11.523 11.492 11.506    0.034 0.052 0.035 0.042 0.050  A 173942
   3751.60971 11.124 11.083 11.124 11.112 11.080    0.035 0.041 0.034 0.043 0.051  A 174369
   3754.58246 11.177 11.095 11.151 11.200 11.193    0.036 0.041 0.032 0.045 0.050  B 174770
   3757.56369 11.071 11.176 11.098 11.059 11.052    0.026 0.043 0.030 0.030 0.034  A 175178
   3760.55850 11.141 11.175 11.162 11.135 11.136    0.049 0.072 0.061 0.039 0.042  D 175600
   3763.55080 11.094 11.051 11.071 11.119 11.147    0.030 0.036 0.028 0.035 0.038  A 175987
   3766.54027 10.979 11.026 10.989 10.986 10.993    0.037 0.050 0.034 0.041 0.044  A 176407
   3769.53132 10.991 10.984 10.994 10.992 11.000    0.028 0.030 0.027 0.032 0.037  A 176796
   3772.54026 10.964 10.950 10.959 10.960 10.961    0.029 0.041 0.030 0.032 0.035  A 177189
   3775.54470 10.915 10.871 10.893 10.931 10.935    0.035 0.035 0.031 0.042 0.053  B 177612
   3778.53354 10.873 10.795 10.855 10.876 10.880    0.037 0.041 0.032 0.045 0.054  B 178068
   3783.52932 10.753 10.772 10.739 10.779 10.805    0.048 0.046 0.044 0.055 0.064  B 178635
   3791.51630 10.672 10.692 10.683 10.660 10.649    0.033 0.035 0.030 0.040 0.047  A 179360
   3861.91197 10.655 10.681 10.661 10.653 10.658    0.030 0.042 0.030 0.035 0.039  A 189110
   3865.90956 10.749 10.721 10.746 10.759 10.764    0.028 0.035 0.029 0.032 0.034  A 189796
   3869.90499 10.897 10.856 10.895 10.891 10.863    0.046 0.081 0.048 0.055 0.063  B 190458
   3883.92102 11.039 10.981 11.020 11.050 11.048    0.025 0.050 0.030 0.028 0.031  A 192358
   3891.91936 10.855 10.871 10.846 10.860 10.864    0.025 0.040 0.030 0.026 0.030  A 193449
   3898.89559 10.725 10.788 10.735 10.713 10.702    0.032 0.066 0.036 0.038 0.043  A 194439
   3902.86981 10.614 10.627 10.615 10.634 10.631    0.029 0.055 0.034 0.033 0.037  A 195112
   3905.89291 10.531 10.453 10.525 10.528 10.522    0.036 0.084 0.043 0.039 0.042  B 195687
   3913.90994 10.608 10.601 10.601 10.613 10.619    0.040 0.088 0.047 0.043 0.045  D 197027
   3981.67595 11.118 11.079 11.139 11.106 11.102    0.026 0.053 0.032 0.028 0.031  A 203357
   4092.59605 11.184 11.199 11.182 11.196 11.212    0.025 0.050 0.029 0.028 0.032  A 209501
   4106.63391 11.091 11.097 11.101 11.083 11.081    0.027 0.034 0.028 0.032 0.036  A 210959
   4111.63374 11.273 11.214 11.246 11.292 11.301    0.032 0.068 0.037 0.035 0.038  A 211384
   4126.58695 11.039 11.049 11.039 11.035 11.031    0.041 0.064 0.047 0.043 0.046  A 211648
   4129.54598 11.080 11.054 11.063 11.096 11.106    0.023 0.031 0.024 0.025 0.029  A 212031
   4132.53099 11.098 11.031 11.077 11.110 11.114    0.032 0.042 0.031 0.038 0.043  A 212409
   4135.52896 11.033 11.052 11.036 11.039 11.040    0.035 0.055 0.032 0.042 0.048  A 212820
   4147.51853 11.062 11.037 11.059 11.066 11.056    0.026 0.034 0.027 0.031 0.036  A 214524
   4151.52424 11.116 11.082 11.104 11.113 11.102    0.025 0.038 0.025 0.028 0.032  A 214924
   4154.51729 11.185 11.191 11.171 11.208 11.221    0.027 0.046 0.026 0.032 0.037  A 215379
   4160.50632 10.972 10.981 11.019 10.924 10.908    0.088 0.080 0.074 0.103 0.111  D 216259
   4230.92201 10.664 10.606 10.669 10.665 10.654    0.064 0.079 0.067 0.068 0.071  D 223786
   4234.92480 10.863 10.825 10.869 10.847 10.853    0.032 0.060 0.038 0.036 0.040  A 224499
   4255.91766 11.020 10.981 11.009 11.015 10.992    0.054 0.048 0.055 0.059 0.065  B 227172
   4268.93122 10.933 10.909 10.929 10.933 10.920    0.055 0.053 0.056 0.061 0.065  B 228083
   4273.86097 10.793 10.778 10.779 10.801 10.805    0.031 0.041 0.038 0.033 0.035  A 228573
   4278.82625 10.739 10.737 10.739 10.750 10.764    0.028 0.036 0.030 0.032 0.038  A 229215
   4284.91847 10.714 10.675 10.700 10.716 10.709    0.027 0.040 0.034 0.030 0.033  A 229902
   4290.86570 10.673 10.669 10.670 10.687 10.693    0.048 0.056 0.053 0.051 0.049  B 230576
   4293.85692 10.702 10.749 10.709 10.696 10.690    0.028 0.043 0.037 0.028 0.029  A 231131
   4296.85060 10.669 10.652 10.645 10.670 10.659    0.038 0.043 0.045 0.044 0.051  A 231643
   4299.84486 10.701 10.660 10.685 10.703 10.704    0.025 0.033 0.029 0.028 0.031  A 232188
   4301.83027 10.700 10.666 10.696 10.701 10.704    0.060 0.099 0.066 0.044 0.047  D 232536
   4303.86251 10.749 10.721 10.747 10.756 10.758    0.042 0.044 0.044 0.047 0.049  B 232846
   4305.87944 10.731 10.668 10.740 10.724 10.725    0.028 0.038 0.035 0.030 0.030  A 233216
   4307.82056 10.755 10.811 10.760 10.765 10.762    0.029 0.046 0.039 0.031 0.033  A 233540
   4309.82888 10.880 10.872 10.891 10.870 10.863    0.046 0.063 0.052 0.050 0.054  B 233856
   4312.79795 10.847 10.860 10.857 10.825 10.822    0.066 0.077 0.061 0.078 0.087  D 234279
   4316.76379 10.888 10.877 10.892 10.895 10.892    0.035 0.044 0.039 0.038 0.041  A 234688
   4319.84456 10.938 10.888 10.937 10.947 10.949    0.027 0.034 0.032 0.029 0.032  A 235055
   4330.71324 11.099 11.021 11.128 11.080 11.075    0.029 0.054 0.039 0.028 0.030  A 235340
   4332.74426 11.238 11.162 11.221 11.253 11.257    0.060 0.058 0.059 0.062 0.065  D 235713
   4334.72782 11.130 11.150 11.125 11.138 11.142    0.025 0.036 0.033 0.026 0.029  A 236065
   4338.71262 11.193 11.220 11.182 11.196 11.194    0.028 0.034 0.035 0.031 0.033  A 236455
   4340.78255 11.210 11.234 11.209 11.221 11.221    0.029 0.039 0.033 0.033 0.038  A 236818
   4342.78156 11.264 11.255 11.267 11.301 11.324    0.058 0.058 0.055 0.063 0.068  D 237150
   4344.79124 11.285 11.255 11.274 11.289 11.291    0.063 0.054 0.061 0.068 0.073  D 237494
   4346.81157 11.275 11.248 11.257 11.284 11.303    0.061 0.045 0.047 0.077 0.086  D 237839
   4351.69895 11.137 11.203 11.141 11.140 11.148    0.045 0.056 0.046 0.053 0.061  B 238618
   4353.82841 11.101 11.129 11.104 11.101 11.111    0.024 0.031 0.028 0.026 0.029  A 238923
   4356.70275 11.011 11.016 11.005 11.003 11.006    0.026 0.032 0.031 0.029 0.032  A 239367
   4358.84373 10.968 10.983 10.966 10.969 10.967    0.034 0.038 0.039 0.033 0.035  A 239699
   4361.69612 10.951 10.919 10.925 10.963 10.966    0.048 0.068 0.058 0.038 0.038  B 240045
   4363.71905 10.895 10.900 10.884 10.898 10.898    0.024 0.031 0.031 0.026 0.029  A 240366
   4365.71390 11.076 11.082 11.081 11.065 11.063    0.024 0.034 0.030 0.027 0.030  A 240676
   4367.79794 10.907 10.892 10.909 10.892 10.868    0.036 0.044 0.039 0.042 0.047  A 240899
   4369.76198 10.906 10.928 10.910 10.897 10.892    0.037 0.043 0.041 0.043 0.049  A 241185
   4371.78940 10.964 11.026 10.986 10.955 10.947    0.029 0.040 0.032 0.034 0.039  A 241524
   4374.77067 11.039 11.102 11.038 11.056 11.097    0.045 0.059 0.046 0.055 0.065  B 241858
   4377.63482 11.018 11.024 11.027 11.008 11.008    0.024 0.043 0.029 0.026 0.029  A 242260
   4379.69778 11.044 11.010 11.040 11.042 11.042    0.025 0.033 0.030 0.026 0.029  A 242593
   4381.71975 11.057 11.054 11.062 11.056 11.052    0.035 0.035 0.036 0.039 0.043  A 242901
   4383.79040 11.052 11.030 11.052 11.052 11.060    0.037 0.046 0.038 0.040 0.043  A 243230
   4385.73773 11.094 11.047 11.142 11.105 11.110    0.025 0.033 0.034 0.026 0.028  A 243527
   4387.80596 11.070 11.076 11.066 11.074 11.086    0.030 0.036 0.035 0.034 0.037  A 243865
   4391.79248 11.108 11.065 11.078 11.124 11.155    0.061 0.054 0.055 0.071 0.084  D 244433
   4393.69319 11.025 10.967 11.028 11.011 11.010    0.042 0.043 0.039 0.049 0.056  B 244668
   4399.79666 11.089 11.087 11.119 11.112 11.135    0.038 0.051 0.038 0.044 0.050  A 244886
   4402.83769 11.050 11.005 11.029 11.067 11.065    0.031 0.050 0.036 0.035 0.040  A 245181
   4406.67201 11.050 10.995 11.033 11.061 11.071    0.041 0.048 0.046 0.044 0.047  A 245444
   4408.70247 11.018 11.040 11.015 11.019 11.015    0.026 0.034 0.029 0.029 0.033  A 245752
   4411.66091 11.000 10.942 10.979 11.018 11.024    0.035 0.039 0.035 0.037 0.040  A 246104
   4421.60362 10.938 10.932 10.943 10.953 10.952    0.027 0.039 0.030 0.032 0.038  A 246533
   4423.61818 10.974 10.934 10.963 10.982 11.009    0.032 0.048 0.033 0.038 0.046  A 246738
   4426.69757 10.981 11.007 11.000 10.955 10.949    0.037 0.051 0.036 0.045 0.054  B 246968
   4428.73566 10.985 10.990 10.992 10.974 10.942    0.040 0.047 0.041 0.048 0.056  B 247201
   4431.60579 11.039 11.019 11.044 11.054 11.067    0.031 0.035 0.033 0.035 0.041  A 247522
   4433.68155 11.063 11.017 11.058 11.059 11.049    0.026 0.039 0.029 0.030 0.035  A 247809
   4436.61423 11.070 11.113 11.083 11.074 11.068    0.045 0.075 0.067 0.046 0.041  D 248149
   4438.67906 11.083 11.079 11.087 11.070 11.043    0.033 0.038 0.035 0.038 0.041  A 248420
   4441.60973 11.110 11.075 11.093 11.113 11.123    0.041 0.057 0.046 0.036 0.041  A 248772
   4444.61559 11.147 11.124 11.139 11.151 11.146    0.030 0.035 0.033 0.032 0.035  A 249079
   4452.58346 11.083 11.097 11.094 11.081 11.075    0.043 0.038 0.040 0.047 0.050  B 250001
   4454.61699 11.147 11.139 11.129 11.180 11.219    0.030 0.039 0.032 0.035 0.039  A 250232
   4456.67085 11.068 11.057 11.062 11.075 11.082    0.053 0.053 0.047 0.065 0.077  D 250462
   4459.60629 11.136 11.065 11.118 11.140 11.146    0.034 0.042 0.035 0.039 0.044  A 250799
   4462.59686 11.173 11.157 11.158 11.177 11.189    0.026 0.032 0.029 0.031 0.037  A 251163
   4465.58368 11.168 11.165 11.165 11.162 11.152    0.031 0.039 0.034 0.035 0.040  A 251509
   4468.58850 11.209 11.161 11.200 11.198 11.190    0.029 0.041 0.032 0.031 0.034  A 251848
   4473.62527 11.237 11.251 11.251 11.235 11.239    0.031 0.038 0.031 0.035 0.039  A 252360
   4476.61861 11.277 11.217 11.259 11.282 11.310    0.057 0.050 0.054 0.063 0.068  D 252637
   4479.59175 11.309 11.281 11.300 11.313 11.325    0.055 0.064 0.060 0.045 0.054  D 253001
   4485.59890 11.311 11.310 11.299 11.326 11.331    0.035 0.041 0.033 0.042 0.049  A 253579
   4488.57049 11.238 11.288 11.245 11.247 11.230    0.055 0.052 0.051 0.061 0.067  B 253919
   4494.54946 11.154 11.175 11.157 11.151 11.157    0.025 0.035 0.029 0.028 0.031  A 254618
   4498.55025 11.103 11.097 11.092 11.112 11.113    0.033 0.040 0.037 0.035 0.036  A 254876
   4501.54513 11.058 11.009 11.046 11.068 11.091    0.037 0.041 0.034 0.046 0.057  B 255255
   4504.54501 10.984 10.986 10.977 11.000 11.010    0.046 0.048 0.045 0.055 0.063  B 255679
   4507.52525 10.962 10.892 10.960 10.970 10.980    0.037 0.044 0.037 0.044 0.049  A 256104
   4510.53804 10.906 10.904 10.906 10.903 10.914    0.045 0.044 0.043 0.051 0.059  B 256517
   4520.51262 11.021 10.970 11.005 11.045 11.048    0.032 0.051 0.035 0.036 0.041  A 257666
   4525.50748 11.094 11.139 11.117 11.065 11.056    0.039 0.041 0.038 0.048 0.057  B 258394
