#ndata= 2
#dataset= 1 ; 1 F0032-16_244
#desig= 002432-0954.1
#cra=    0.408793  00:24:31.7
#cdec=  -9.901105 -9:54:04.0
#class= 0
#cmag_0= 10.673
#cmer_0=  0.191
#nskip_0= 0
#cmag_1= 10.668
#cmer_1=  0.163
#nskip_1= 0
#cmag_2= 10.654
#cmer_2=  0.148
#nskip_2= 0
#cmag_3= 10.640
#cmer_3=  0.130
#nskip_3= 0
#cmag_4= 10.645
#cmer_4=  0.132
#nskip_4= 0
#ra=    0.408793  00:24:31.7
#dec=  -9.901105 -9:54:04.0
#     HJD      MAG_2  MAG_0  MAG_1  MAG_3  MAG_4    MER_2 MER_0 MER_1 MER_3 MER_4 GRADE FRAME
   2151.69447 10.759 10.808 10.782 10.732 10.738    0.041 0.073 0.047 0.047 0.054  B 31410
   3367.56974 10.551 10.538 10.553 10.549 10.553    0.036 0.052 0.037 0.041 0.044  A 125241
#ndata= 5
#dataset= 2 ; 1 F0000-08_288
#desig= 002432-0954.1
#cra=    0.408793  00:24:31.7
#cdec=  -9.901338 -9:54:04.8
#class= 0
#cmag_0= 10.477
#cmer_0=  0.031
#nskip_0= 0
#cmag_1= 10.525
#cmer_1=  0.029
#nskip_1= 1
#cmag_2= 10.515
#cmer_2=  0.045
#nskip_2= 0
#cmag_3= 10.514
#cmer_3=  0.042
#nskip_3= 0
#cmag_4= 10.506
#cmer_4=  0.032
#nskip_4= 0
#ra=    0.408793  00:24:31.7
#dec=  -9.901338 -9:54:04.8
#     HJD      MAG_2  MAG_0  MAG_1  MAG_3  MAG_4    MER_2 MER_0 MER_1 MER_3 MER_4 GRADE FRAME
   2242.57333 10.953 10.943 10.951 10.966 10.975    0.035 0.054 0.042 0.041 0.038  A 41872
   2468.89237 10.507 10.479 10.508 10.506 10.512    0.019 0.027 0.029 0.018 0.020  A 11824
   2473.86197 10.515 10.493 10.513 10.526 10.515    0.030 0.034 0.037 0.035 0.029  A 12781
   2481.82460 10.441 10.441 10.410 10.447 10.466    0.042 0.053 0.048 0.051 0.048  B 13030
   2490.79728 10.552 10.464 10.536 10.536 10.516    0.030 0.033 0.035 0.036 0.033  A 14135
#ndata= 341
#dataset= 3 ; 1 F0032-08_289
#desig= 002431-0954.1
#cra=    0.408749  00:24:31.5
#cdec=  -9.901115 -9:54:04.0
#class= 0
#cmag_0= 10.706
#cmer_0=  0.186
#nskip_0= 4
#cmag_1= 10.713
#cmer_1=  0.186
#nskip_1= 4
#cmag_2= 10.712
#cmer_2=  0.181
#nskip_2= 4
#cmag_3= 10.716
#cmer_3=  0.183
#nskip_3= 4
#cmag_4= 10.721
#cmer_4=  0.184
#nskip_4= 7
#ra=    0.408749  00:24:31.5
#dec=  -9.901115 -9:54:04.0
#     HJD      MAG_2  MAG_0  MAG_1  MAG_3  MAG_4    MER_2 MER_0 MER_1 MER_3 MER_4 GRADE FRAME
   1868.54988 10.607 10.638 10.607 10.612 10.609    0.023 0.057 0.026 0.025 0.027  A 42
   1873.57295 10.522 10.470 10.513 10.524 10.536    0.024 0.069 0.027 0.026 0.028  A 814
   1875.56730 10.485 10.503 10.480 10.489 10.491    0.023 0.065 0.028 0.025 0.026  A 1134
   1877.56598 10.472 10.411 10.457 10.476 10.487    0.024 0.058 0.028 0.026 0.029  A 1455
   1879.55791 10.505 10.574 10.510 10.505 10.515    0.023 0.056 0.027 0.025 0.027  A 1765
   1902.53662 10.919 10.970 10.916 10.920 10.922    0.021 0.046 0.027 0.022 0.024  A 3464
   1905.55812 10.937 10.870 10.918 10.944 10.948    0.022 0.051 0.025 0.023 0.026  A 3955
   1915.55216 10.915 10.862 10.906 10.929 10.942    0.025 0.058 0.030 0.027 0.029  A 4893
   1921.52700 10.904 10.887 10.888 10.919 10.906    0.028 0.046 0.033 0.031 0.035  A 5576
   2040.91878 10.893 10.853 10.878 10.906 10.900    0.037 0.084 0.045 0.039 0.043  A 19584
   2052.94322 10.821 10.866 10.825 10.819 10.829    0.046 0.057 0.042 0.059 0.070  B 19952
   2054.91184 10.809 10.767 10.792 10.822 10.835    0.031 0.075 0.034 0.033 0.036  A 20369
   2056.90932 10.748 10.751 10.744 10.747 10.755    0.026 0.065 0.029 0.028 0.030  A 20816
   2067.89186 10.538 10.538 10.530 10.545 10.548    0.024 0.055 0.027 0.027 0.031  A 21959
   2069.88176 10.517 10.490 10.505 10.520 10.516    0.029 0.068 0.032 0.031 0.032  A 22405
   2070.88536 10.506 10.499 10.503 10.509 10.518    0.023 0.054 0.027 0.025 0.028  A 22626
   2080.87009 10.495 10.485 10.496 10.493 10.499    0.022 0.061 0.026 0.024 0.027  A 23000
   2082.94029 10.504 10.552 10.506 10.498 10.503    0.026 0.063 0.029 0.029 0.033  A 23496
   2085.93684 10.596 10.646 10.599 10.605 10.614    0.024 0.048 0.028 0.026 0.029  A 23949
   2087.88258 10.622 10.646 10.626 10.621 10.636    0.031 0.056 0.031 0.035 0.038  A 24370
   2093.89766 10.736 10.735 10.734 10.730 10.733    0.025 0.056 0.028 0.028 0.031  A 24888
   2094.85731 10.736 10.717 10.725 10.747 10.752    0.025 0.053 0.028 0.029 0.031  A 25095
   2095.84663 10.769 10.725 10.773 10.778 10.781    0.025 0.055 0.028 0.028 0.030  A 25317
   2096.81990 10.791 10.778 10.789 10.800 10.818    0.058 0.076 0.059 0.062 0.068  B 25531
   2105.84371 10.877 10.925 10.887 10.875 10.878    0.021 0.051 0.024 0.023 0.026  A 26320
   2106.85871 10.878 10.852 10.868 10.881 10.884    0.023 0.053 0.030 0.024 0.026  A 26529
   2113.85570 10.881 10.833 10.869 10.883 10.891    0.021 0.042 0.025 0.022 0.024  A 26643
   2115.79025 10.905 10.907 10.905 10.920 10.923    0.022 0.043 0.026 0.024 0.026  A 26931
   2116.80961 10.889 10.913 10.892 10.890 10.888    0.023 0.045 0.026 0.025 0.029  A 27162
   2117.81311 10.854 10.848 10.849 10.852 10.851    0.024 0.047 0.027 0.026 0.028  A 27382
   2132.78362 10.915 10.898 10.919 10.910 10.909    0.020 0.044 0.023 0.022 0.024  A 28845
   2133.77682 10.937 11.044 10.951 10.938 10.945    0.021 0.047 0.025 0.023 0.026  A 29058
   2134.77247 10.906 10.938 10.905 10.910 10.914    0.024 0.055 0.026 0.026 0.029  A 29270
   2135.77557 10.902 10.937 10.913 10.903 10.907    0.032 0.057 0.033 0.038 0.045  A 29486
   2136.77134 10.945 10.951 10.942 10.941 10.948    0.035 0.057 0.037 0.039 0.044  A 29698
   2143.75509 10.897 10.855 10.893 10.895 10.896    0.029 0.056 0.034 0.031 0.032  A 30850
   2144.75078 10.853 10.897 10.866 10.862 10.876    0.023 0.056 0.028 0.025 0.027  A 31053
   2164.70498 10.661 10.631 10.662 10.660 10.664    0.027 0.050 0.035 0.028 0.030  A 31936
   2167.68231 10.663 10.651 10.662 10.673 10.676    0.025 0.054 0.031 0.027 0.030  A 32116
   2168.70096 10.686 10.677 10.681 10.681 10.683    0.024 0.051 0.030 0.025 0.028  A 32292
   2169.70816 10.702 10.687 10.690 10.710 10.735    0.026 0.047 0.033 0.026 0.028  A 32448
   2171.67672 10.705 10.686 10.703 10.707 10.714    0.026 0.051 0.032 0.028 0.032  A 32618
   2172.70027 10.685 10.700 10.679 10.694 10.699    0.026 0.048 0.033 0.027 0.030  A 32816
   2173.68554 10.700 10.678 10.690 10.703 10.704    0.025 0.047 0.029 0.026 0.029  A 32998
   2174.67878 10.723 10.707 10.715 10.736 10.757    0.030 0.057 0.037 0.032 0.037  A 33170
   2175.67007 10.719 10.699 10.711 10.716 10.722    0.039 0.057 0.044 0.041 0.046  A 33311
   2177.65762 10.721 10.715 10.705 10.738 10.744    0.030 0.053 0.036 0.032 0.035  A 33434
   2178.65777 10.732 10.693 10.710 10.734 10.738    0.029 0.049 0.035 0.031 0.034  A 33609
   2190.62389 10.811 10.800 10.799 10.824 10.841    0.027 0.047 0.035 0.028 0.030  A 34932
   2191.65531 10.796 10.769 10.790 10.800 10.806    0.025 0.046 0.033 0.026 0.029  A 35121
   2192.63644 10.844 10.830 10.830 10.848 10.854    0.024 0.048 0.031 0.026 0.029  A 35287
   2193.63979 10.860 10.847 10.835 10.871 10.876    0.025 0.043 0.032 0.026 0.029  A 35471
   2194.63772 10.861 10.792 10.862 10.849 10.842    0.025 0.039 0.032 0.025 0.028  A 35649
   2195.63750 10.836 10.823 10.816 10.857 10.863    0.024 0.043 0.032 0.026 0.030  A 35826
   2196.63441 10.846 10.804 10.836 10.857 10.859    0.027 0.046 0.034 0.029 0.033  A 35957
   2197.63405 10.824 10.783 10.822 10.820 10.823    0.025 0.046 0.033 0.026 0.029  A 36141
   2198.62843 10.856 10.818 10.846 10.859 10.866    0.025 0.045 0.033 0.025 0.027  A 36310
   2199.63129 10.817 10.785 10.810 10.833 10.835    0.027 0.043 0.035 0.028 0.029  A 36491
   2201.61785 10.852 10.844 10.840 10.844 10.849    0.026 0.044 0.034 0.026 0.027  A 36734
   2202.62536 10.840 10.837 10.826 10.836 10.836    0.031 0.047 0.039 0.032 0.033  A 36905
   2204.60833 10.788 10.807 10.772 10.798 10.788    0.026 0.043 0.034 0.027 0.028  A 37198
   2206.60936 10.768 10.741 10.758 10.773 10.773    0.028 0.044 0.037 0.029 0.029  A 37474
   2207.60144 10.755 10.715 10.757 10.751 10.777    0.036 0.047 0.041 0.041 0.045  A 37643
   2219.57130 10.712 10.677 10.694 10.711 10.712    0.032 0.036 0.041 0.038 0.033  A 38884
   2229.54653 10.834 10.772 10.814 10.829 10.834    0.032 0.043 0.042 0.036 0.033  A 40102
   2242.55364 10.952 10.931 10.917 10.953 10.943    0.036 0.050 0.045 0.041 0.039  A 41863
   2244.60155 10.923 10.940 10.939 10.913 10.916    0.042 0.058 0.052 0.045 0.042  B 42163
   2248.56305 10.921 10.950 10.944 10.879 10.924    0.033 0.049 0.040 0.040 0.039  A 42465
   2251.54196 10.904 10.874 10.877 10.890 10.915    0.035 0.048 0.043 0.040 0.038  A 42976
   2253.58185 10.884 10.890 10.864 10.894 10.892    0.035 0.051 0.043 0.041 0.039  A 43316
   2256.53731 10.883 10.856 10.843 10.887 10.892    0.039 0.054 0.047 0.043 0.041  A 43743
   2260.53141 10.776 10.749 10.758 10.757 10.758    0.043 0.067 0.052 0.051 0.054  B 44192
   2271.56585 10.592 10.538 10.595 10.584 10.592    0.064 0.084 0.073 0.067 0.065  D 45534
   2275.54480 10.643 10.584 10.612 10.660 10.661    0.059 0.080 0.070 0.062 0.059  D 46125
   2445.85971 10.476 10.462 10.474 10.476 10.475    0.019 0.026 0.027 0.019 0.021  A 9193
   2465.86153 10.462 10.442 10.434 10.455 10.471    0.039 0.046 0.045 0.043 0.035  A 11157
   2467.84478 10.468 10.458 10.462 10.476 10.483    0.020 0.024 0.029 0.019 0.019  A 11587
   2468.89237 10.494 10.476 10.491 10.497 10.507    0.028 0.038 0.037 0.028 0.028  A 11824
   2470.82344 10.490 10.467 10.480 10.486 10.498    0.030 0.033 0.036 0.034 0.029  A 12077
   2473.86197 10.509 10.489 10.503 10.523 10.514    0.033 0.040 0.040 0.037 0.033  A 12781
   2481.82460 10.428 10.431 10.399 10.442 10.469    0.043 0.056 0.049 0.051 0.048  A 13030
   2487.80763 10.415 10.423 10.416 10.381 10.386    0.047 0.064 0.055 0.051 0.052  B 13553
   2489.77453 10.377 10.401 10.374 10.387 10.400    0.042 0.043 0.048 0.043 0.044  A 13907
   2490.79728 10.543 10.466 10.526 10.530 10.512    0.033 0.041 0.039 0.040 0.035  A 14135
   2493.79292 10.409 10.407 10.436 10.432 10.420    0.039 0.045 0.044 0.046 0.036  A 14541
   2495.73755 10.475 10.464 10.477 10.495 10.474    0.034 0.036 0.038 0.041 0.033  A 14844
   2496.77582 10.439 10.443 10.445 10.438 10.449    0.025 0.029 0.032 0.028 0.023  A 15071
   2498.77459 10.465 10.456 10.441 10.473 10.491    0.024 0.028 0.031 0.027 0.024  A 15496
   2499.77121 10.465 10.458 10.458 10.465 10.474    0.025 0.028 0.032 0.029 0.022  A 15704
   2501.77447 10.467 10.499 10.461 10.467 10.475    0.024 0.028 0.032 0.026 0.023  A 16068
   2502.77450 10.492 10.471 10.493 10.499 10.503    0.025 0.029 0.030 0.032 0.026  A 16280
   2503.76568 10.450 10.484 10.445 10.427 10.445    0.042 0.048 0.046 0.051 0.047  A 16480
   2519.82452 10.456 10.407 10.463 10.455 10.458    0.020 0.027 0.031 0.018 0.018  A 18077
   2521.68848 10.452 10.477 10.448 10.438 10.440    0.020 0.027 0.029 0.022 0.020  A 18417
   2523.82476 10.481 10.479 10.493 10.472 10.480    0.038 0.038 0.039 0.042 0.046  A 18560
   2526.70836 10.469 10.514 10.436 10.463 10.467    0.021 0.026 0.029 0.020 0.020  A 18871
   2529.69397 10.484 10.509 10.476 10.464 10.466    0.033 0.055 0.044 0.037 0.031  A 19100
   2543.66753 10.546 10.535 10.566 10.554 10.542    0.040 0.049 0.047 0.041 0.042  A 19906
   2545.74638 10.493 10.536 10.488 10.505 10.513    0.025 0.034 0.034 0.024 0.023  A 20217
   2552.72669 10.448 10.438 10.436 10.445 10.450    0.020 0.034 0.027 0.020 0.020  A 21182
   2553.80061 10.425 10.407 10.438 10.446 10.437    0.037 0.044 0.040 0.043 0.040  A 21392
   2554.77580 10.432 10.373 10.410 10.470 10.466    0.035 0.049 0.043 0.039 0.038  A 21566
   2556.78663 10.424 10.399 10.416 10.423 10.420    0.045 0.061 0.052 0.050 0.050  B 21753
   2558.58961 10.401 10.407 10.398 10.415 10.427    0.024 0.033 0.033 0.023 0.021  A 22025
   2578.65294 10.592 10.582 10.597 10.586 10.570    0.027 0.034 0.037 0.028 0.024  A 24951
   2623.52599 10.728 10.725 10.732 10.742 10.748    0.027 0.027 0.027 0.031 0.035  A 30083
   2625.60101 10.729 10.728 10.736 10.713 10.713    0.021 0.023 0.023 0.023 0.026  A 30398
   2634.55241 10.675 10.635 10.695 10.677 10.662    0.021 0.036 0.039 0.021 0.022  A 32041
   2636.57898 10.636 10.625 10.631 10.634 10.636    0.019 0.028 0.022 0.021 0.022  A 32356
   2638.58852 10.609 10.591 10.586 10.609 10.612    0.019 0.033 0.025 0.021 0.023  A 32651
   2640.58886 10.546 10.565 10.543 10.557 10.559    0.023 0.029 0.033 0.022 0.024  A 32961
   2642.58656 10.511 10.489 10.508 10.502 10.504    0.019 0.028 0.022 0.021 0.024  A 33245
   2644.58229 10.456 10.455 10.460 10.455 10.454    0.020 0.027 0.022 0.023 0.027  A 33548
   2650.53162 10.312 10.352 10.297 10.320 10.331    0.029 0.036 0.035 0.032 0.030  A 34236
   2652.56390 10.315 10.338 10.314 10.313 10.325    0.023 0.025 0.026 0.024 0.028  A 34555
   2655.56317 10.305 10.338 10.300 10.310 10.309    0.023 0.027 0.024 0.026 0.030  A 35202
   2659.54317 10.314 10.323 10.280 10.320 10.332    0.021 0.025 0.028 0.022 0.024  A 35729
   2661.54219 10.324 10.289 10.327 10.320 10.319    0.019 0.024 0.020 0.023 0.026  A 36071
   2664.53138 10.392 10.373 10.394 10.390 10.389    0.026 0.033 0.032 0.028 0.032  A 36580
   2668.52735 10.448 10.465 10.455 10.457 10.463    0.033 0.036 0.047 0.038 0.039  A 37228
   2767.91772 10.551 10.583 10.553 10.550 10.565    0.027 0.027 0.031 0.028 0.030  A 54623
   2787.89151 10.529 10.518 10.547 10.527 10.531    0.020 0.027 0.027 0.021 0.023  A 56905
   2809.87483 10.469 10.404 10.485 10.464 10.467    0.033 0.034 0.052 0.033 0.030  B 59605
   2814.88780 10.519 10.503 10.506 10.522 10.519    0.032 0.030 0.051 0.033 0.029  A 60758
   2820.86516 10.563 10.554 10.561 10.567 10.571    0.020 0.026 0.025 0.022 0.025  A 61607
   2829.92284 10.588 10.570 10.579 10.597 10.608    0.024 0.029 0.029 0.026 0.028  A 62406
   2831.85542 10.583 10.576 10.570 10.589 10.597    0.024 0.025 0.028 0.027 0.027  A 62823
   2834.81645 10.539 10.515 10.530 10.554 10.561    0.069 0.069 0.072 0.079 0.090  D 63412
   2836.87201 10.503 10.520 10.502 10.522 10.523    0.047 0.043 0.045 0.054 0.066  B 63774
   2841.89410 10.501 10.474 10.506 10.497 10.496    0.018 0.024 0.023 0.020 0.022  A 64634
   2844.87288 10.463 10.471 10.458 10.461 10.470    0.020 0.023 0.026 0.022 0.022  A 65101
   2851.86503 10.602 10.493 10.528 10.598 10.610    0.017 0.023 0.022 0.020 0.022  A 65537
   2854.76381 10.493 10.467 10.493 10.494 10.496    0.018 0.022 0.024 0.018 0.019  A 65935
   2859.78887 10.514 10.477 10.512 10.534 10.538    0.017 0.022 0.023 0.019 0.021  A 66604
   2861.76723 10.517 10.510 10.516 10.520 10.528    0.021 0.026 0.024 0.024 0.026  A 67016
   2871.81892 10.591 10.566 10.585 10.589 10.592    0.018 0.023 0.023 0.019 0.021  A 68026
   2874.76686 10.616 10.624 10.635 10.625 10.633    0.023 0.030 0.032 0.022 0.024  A 68416
   2876.75833 10.648 10.622 10.649 10.646 10.639    0.017 0.027 0.020 0.018 0.019  A 68810
   2879.73690 10.673 10.658 10.661 10.679 10.682    0.020 0.022 0.026 0.021 0.021  A 69295
   2883.73038 10.701 10.722 10.691 10.701 10.709    0.019 0.024 0.026 0.020 0.022  A 69658
   2885.71379 10.726 10.678 10.717 10.735 10.733    0.019 0.026 0.026 0.020 0.021  A 70057
   2886.81803 10.744 10.752 10.721 10.745 10.746    0.024 0.032 0.028 0.025 0.026  A 70313
   2895.85772 10.733 10.772 10.739 10.728 10.737    0.026 0.032 0.029 0.029 0.033  A 71363
   2897.83745 10.772 10.738 10.784 10.763 10.762    0.018 0.026 0.021 0.021 0.024  A 71753
   2899.80037 10.741 10.783 10.738 10.745 10.770    0.023 0.028 0.024 0.026 0.031  A 72099
   2902.77789 10.761 10.754 10.743 10.770 10.784    0.021 0.035 0.023 0.023 0.024  A 72570
   2905.67029 10.810 10.819 10.817 10.810 10.808    0.015 0.026 0.021 0.016 0.018  A 72993
   2907.82880 10.804 10.783 10.782 10.816 10.837    0.055 0.049 0.048 0.070 0.081  D 73314
   2912.68369 10.783 10.768 10.817 10.786 10.777    0.016 0.022 0.022 0.017 0.018  A 74119
   2915.67433 10.803 10.774 10.807 10.807 10.821    0.019 0.044 0.024 0.020 0.022  A 74399
   2916.76411 10.788 10.795 10.796 10.781 10.780    0.025 0.041 0.034 0.027 0.028  A 74630
   2923.67316 10.759 10.763 10.774 10.759 10.789    0.029 0.029 0.032 0.033 0.035  A 75470
   2926.67193 10.785 10.724 10.767 10.794 10.788    0.019 0.023 0.028 0.020 0.021  A 75829
   2928.66795 10.792 10.738 10.772 10.775 10.759    0.058 0.054 0.060 0.062 0.064  B 76201
   2929.81235 10.760 10.744 10.776 10.760 10.773    0.031 0.032 0.032 0.037 0.042  A 76433
   2931.75300 10.796 10.745 10.823 10.816 10.814    0.024 0.039 0.042 0.027 0.029  A 76766
   2933.73739 10.753 10.741 10.750 10.759 10.762    0.025 0.033 0.045 0.028 0.027  A 77114
   2935.73223 10.765 10.790 10.771 10.776 10.792    0.021 0.026 0.025 0.023 0.025  A 77473
   2939.58622 10.736 10.712 10.719 10.737 10.736    0.018 0.023 0.024 0.022 0.021  A 77792
   2942.75323 10.782 10.770 10.759 10.775 10.773    0.024 0.027 0.029 0.025 0.028  A 78249
   2944.60916 10.764 10.715 10.761 10.763 10.761    0.017 0.029 0.020 0.019 0.021  A 78513
   2945.65109 10.740 10.773 10.746 10.737 10.736    0.022 0.028 0.024 0.026 0.031  A 78709
   2950.59755 10.764 10.728 10.775 10.784 10.794    0.027 0.031 0.029 0.032 0.039  A 79429
   2952.61102 10.758 10.788 10.732 10.765 10.768    0.027 0.028 0.029 0.032 0.037  A 79674
   2954.61331 10.745 10.723 10.765 10.734 10.732    0.023 0.028 0.025 0.027 0.030  A 79931
   2955.62738 10.726 10.753 10.722 10.722 10.734    0.021 0.025 0.025 0.024 0.028  A 80083
   2956.61121 10.740 10.713 10.748 10.734 10.731    0.019 0.025 0.023 0.021 0.024  A 80224
   2958.60738 10.711 10.713 10.705 10.716 10.723    0.020 0.024 0.022 0.023 0.026  A 80510
   2962.61516 99.999 99.999 99.999 99.999 99.999    0.020 0.024 0.023 0.023 0.026  C 81052
   2964.62403 10.669 10.664 10.656 10.666 10.673    0.019 0.025 0.022 0.022 0.025  A 81338
   2966.63133 10.672 10.689 10.671 10.666 10.662    0.019 0.026 0.022 0.021 0.024  A 81627
   2968.63606 10.614 10.620 10.611 10.627 10.640    0.018 0.025 0.021 0.021 0.024  A 81904
   2970.62492 10.547 10.581 10.526 10.558 10.566    0.019 0.024 0.023 0.021 0.023  A 82119
   2972.65205 10.471 10.469 10.459 10.466 10.466    0.021 0.028 0.024 0.023 0.027  A 82391
   2978.52413 10.500 10.487 10.489 10.498 10.484    0.030 0.032 0.035 0.036 0.043  A 83084
   2980.57619 10.472 10.449 10.477 10.469 10.458    0.024 0.033 0.026 0.030 0.035  A 83354
   2982.58660 10.517 10.485 10.520 10.514 10.532    0.034 0.042 0.031 0.042 0.051  A 83631
   2986.59255 10.555 10.552 10.546 10.546 10.553    0.021 0.032 0.027 0.023 0.026  A 84154
   2989.59354 10.557 10.516 10.559 10.563 10.570    0.019 0.031 0.024 0.021 0.024  A 84506
   2994.57751 10.608 10.619 10.595 10.603 10.604    0.021 0.025 0.023 0.023 0.028  A 85160
   2996.62862 10.680 10.642 10.690 10.663 10.653    0.043 0.043 0.038 0.050 0.054  B 85441
   2998.61966 10.631 10.658 10.638 10.647 10.648    0.030 0.029 0.030 0.034 0.037  A 85713
   3007.58014 10.623 10.614 10.636 10.617 10.613    0.025 0.028 0.027 0.029 0.034  A 86699
   3010.58952 10.617 10.628 10.590 10.620 10.626    0.031 0.033 0.032 0.038 0.042  A 87092
   3012.58549 10.615 10.648 10.590 10.612 10.650    0.040 0.039 0.039 0.049 0.059  B 87355
   3016.56392 10.639 10.657 10.625 10.648 10.645    0.055 0.049 0.050 0.061 0.070  B 87715
   3023.55054 10.669 10.676 10.665 10.661 10.663    0.023 0.027 0.025 0.026 0.030  A 88266
   3035.52835 10.433 10.416 10.416 10.447 10.450    0.029 0.031 0.030 0.034 0.039  A 89214
   3164.89186 10.536 10.544 10.549 10.542 10.548    0.097 0.082 0.088 0.097 0.101  D 105287
   3169.90946 10.494 10.504 10.492 10.495 10.491    0.073 0.077 0.074 0.075 0.078  D 106026
   3177.93186 10.431 10.454 10.407 10.425 10.428    0.048 0.048 0.051 0.053 0.057  B 106998
   3182.91075 10.418 10.380 10.430 10.390 10.360    0.044 0.043 0.045 0.050 0.057  B 107601
   3186.87055 10.349 10.384 10.346 10.352 10.352    0.059 0.062 0.059 0.062 0.069  B 108173
   3190.85216 10.388 10.391 10.390 10.393 10.398    0.076 0.087 0.080 0.079 0.083  D 108680
   3211.91060 10.490 10.497 10.489 10.503 10.511    0.022 0.029 0.029 0.023 0.024  A 109536
   3271.71602 10.448 10.415 10.456 10.457 10.461    0.025 0.046 0.030 0.027 0.031  A 115960
   3278.70258 10.540 10.547 10.513 10.550 10.573    0.036 0.042 0.039 0.042 0.048  A 116857
   3280.71537 10.516 10.525 10.488 10.533 10.554    0.029 0.035 0.032 0.033 0.040  A 117124
   3294.65870 10.567 10.516 10.573 10.567 10.571    0.023 0.044 0.034 0.022 0.023  A 118388
   3363.56813 10.589 10.500 10.581 10.593 10.599    0.036 0.071 0.039 0.040 0.045  A 124927
   3367.56974 10.554 10.506 10.548 10.567 10.575    0.039 0.058 0.040 0.042 0.047  A 125241
   3387.53253 10.814 10.794 10.808 10.819 10.846    0.032 0.047 0.034 0.037 0.043  A 126282
   3390.54717 10.801 10.796 10.803 10.798 10.793    0.030 0.040 0.031 0.035 0.041  A 126690
   3397.52661 10.851 10.767 10.834 10.852 10.857    0.035 0.065 0.040 0.040 0.043  A 127463
   3400.52532 10.814 10.859 10.829 10.820 10.814    0.033 0.067 0.039 0.037 0.041  A 127872
   3511.93297 11.099 11.093 11.084 11.108 11.114    0.026 0.038 0.029 0.029 0.035  A 143773
   3524.92289 11.052 11.026 11.042 11.063 11.073    0.041 0.044 0.038 0.051 0.060  B 145437
   3529.90190 10.798 10.716 10.779 10.808 10.839    0.047 0.107 0.053 0.053 0.060  D 146282
   3547.91773 10.787 10.768 10.771 10.801 10.797    0.038 0.076 0.041 0.044 0.051  A 148131
   3552.88605 10.796 10.821 10.793 10.809 10.812    0.032 0.044 0.033 0.036 0.041  A 148551
   3556.87161 10.866 10.875 10.875 10.863 10.861    0.024 0.031 0.024 0.027 0.030  A 149144
   3560.84514 10.846 10.811 10.851 10.840 10.839    0.031 0.041 0.030 0.035 0.038  A 149631
   3563.86670 10.905 10.902 10.905 10.913 10.923    0.023 0.033 0.027 0.025 0.028  A 150162
   3568.90148 10.943 10.906 10.943 10.943 10.944    0.023 0.041 0.032 0.023 0.026  A 150469
   3571.84391 10.944 10.965 10.928 10.947 10.943    0.026 0.029 0.031 0.028 0.033  A 150971
   3574.83225 10.921 10.918 10.928 10.905 10.899    0.028 0.031 0.032 0.032 0.036  A 151353
   3578.87738 10.896 10.876 10.903 10.882 10.880    0.025 0.039 0.029 0.026 0.030  A 152047
   3582.87860 10.835 10.808 10.832 10.840 10.846    0.038 0.079 0.039 0.042 0.047  A 152731
   3585.80674 10.777 10.761 10.776 10.782 10.782    0.027 0.067 0.032 0.029 0.031  A 153237
   3587.85080 10.776 10.747 10.781 10.779 10.792    0.025 0.031 0.029 0.027 0.029  A 153595
   3590.80576 10.723 10.724 10.721 10.733 10.750    0.029 0.074 0.034 0.030 0.033  A 154069
   3595.79600 10.705 10.700 10.693 10.742 10.756    0.077 0.073 0.067 0.095 0.112  D 154873
   3597.80163 10.613 10.575 10.610 10.616 10.627    0.029 0.061 0.038 0.031 0.034  A 155184
   3600.88167 10.645 10.643 10.643 10.647 10.660    0.030 0.050 0.031 0.037 0.044  A 155469
   3615.81763 10.683 10.678 10.655 10.697 10.687    0.033 0.050 0.035 0.037 0.041  A 156963
   3618.72252 10.668 10.620 10.656 10.674 10.676    0.030 0.055 0.033 0.031 0.035  A 157311
   3621.70694 10.755 10.657 10.743 10.768 10.787    0.033 0.050 0.034 0.038 0.043  A 157762
   3624.74744 10.740 10.712 10.728 10.756 10.765    0.023 0.036 0.031 0.024 0.026  A 158081
   3626.74928 10.771 10.755 10.790 10.768 10.760    0.024 0.028 0.028 0.026 0.030  A 158356
   3629.71570 10.820 10.845 10.797 10.830 10.833    0.030 0.041 0.034 0.035 0.043  A 158643
   3633.72859 10.812 10.806 10.802 10.817 10.824    0.030 0.040 0.032 0.036 0.043  A 159247
   3638.83843 10.858 10.813 10.853 10.862 10.865    0.025 0.038 0.032 0.027 0.030  A 159844
   3641.72946 10.860 10.842 10.868 10.861 10.874    0.027 0.042 0.031 0.029 0.032  A 160209
   3644.65203 10.886 10.826 10.876 10.880 10.884    0.032 0.043 0.035 0.036 0.043  A 160611
   3647.82449 10.809 10.754 10.816 10.808 10.804    0.023 0.028 0.030 0.025 0.028  A 160937
   3650.63013 10.806 10.788 10.809 10.809 10.809    0.021 0.030 0.026 0.022 0.025  A 161307
   3652.66962 10.735 10.678 10.717 10.743 10.753    0.037 0.068 0.044 0.039 0.042  A 161613
   3654.66823 10.736 10.706 10.729 10.739 10.746    0.034 0.089 0.041 0.037 0.040  A 161889
   3656.65548 10.746 10.779 10.751 10.751 10.761    0.040 0.098 0.048 0.042 0.043  B 162183
   3660.65892 10.696 10.671 10.705 10.697 10.707    0.042 0.076 0.046 0.049 0.055  B 162789
   3662.67880 10.660 10.678 10.668 10.665 10.668    0.045 0.081 0.048 0.050 0.058  B 163078
   3664.71694 10.692 10.666 10.677 10.700 10.714    0.029 0.058 0.034 0.032 0.035  A 163381
   3666.80125 10.677 10.668 10.681 10.673 10.675    0.037 0.059 0.040 0.042 0.050  A 163708
   3670.57795 10.654 10.634 10.654 10.663 10.665    0.021 0.029 0.025 0.023 0.026  A 164093
   3672.67167 10.648 10.657 10.646 10.645 10.643    0.021 0.035 0.025 0.022 0.025  A 164410
   3674.73967 10.669 10.643 10.667 10.684 10.699    0.026 0.067 0.032 0.028 0.031  A 164720
   3680.63599 10.689 10.675 10.692 10.689 10.693    0.025 0.051 0.031 0.025 0.028  A 165347
   3701.61904 10.829 10.812 10.816 10.830 10.834    0.043 0.059 0.043 0.047 0.054  B 168169
   3704.60520 10.828 10.866 10.823 10.825 10.828    0.029 0.065 0.036 0.031 0.034  A 168558
   3707.58637 10.724 10.699 10.712 10.738 10.740    0.025 0.048 0.030 0.027 0.030  A 168963
   3715.53761 10.597 10.547 10.598 10.600 10.603    0.038 0.081 0.043 0.040 0.047  A 169801
   3717.61692 10.594 10.567 10.589 10.602 10.609    0.035 0.055 0.035 0.040 0.047  A 170076
   3720.60004 10.619 10.580 10.612 10.627 10.641    0.029 0.045 0.030 0.034 0.038  A 170424
   3726.54692 10.668 10.779 10.689 10.671 10.675    0.037 0.074 0.040 0.044 0.049  A 171106
   3728.60852 10.654 10.636 10.642 10.670 10.667    0.035 0.055 0.036 0.039 0.044  A 171401
   3731.61932 10.627 10.683 10.644 10.603 10.590    0.039 0.042 0.036 0.046 0.053  A 171680
   3735.56587 10.657 10.724 10.661 10.665 10.677    0.033 0.079 0.038 0.035 0.036  A 172187
   3742.57545 10.685 10.732 10.682 10.674 10.673    0.033 0.072 0.038 0.036 0.041  A 173123
   3746.57566 10.711 10.670 10.707 10.694 10.685    0.039 0.060 0.039 0.047 0.055  B 173661
   3749.56687 10.722 10.724 10.720 10.720 10.727    0.038 0.038 0.035 0.048 0.058  B 174071
   3753.55429 10.718 10.751 10.735 10.694 10.681    0.054 0.094 0.051 0.066 0.081  B 174627
   3756.54659 10.794 10.820 10.794 10.796 10.809    0.035 0.038 0.033 0.041 0.051  A 175032
   3760.53048 10.828 10.806 10.838 10.808 10.810    0.034 0.046 0.037 0.038 0.043  A 175591
   3765.52532 10.834 10.768 10.832 10.837 10.836    0.039 0.077 0.042 0.046 0.052  A 176257
   3864.92821 10.651 10.669 10.649 10.663 10.670    0.034 0.041 0.032 0.041 0.048  A 189638
   3869.92983 10.563 10.474 10.545 10.570 10.570    0.043 0.057 0.041 0.054 0.066  B 190468
   3874.93211 10.501 10.471 10.496 10.500 10.502    0.030 0.038 0.031 0.034 0.039  A 191120
   3889.92016 10.548 10.489 10.543 10.546 10.548    0.025 0.033 0.031 0.028 0.032  A 193085
   3893.90663 10.557 10.574 10.555 10.566 10.568    0.023 0.033 0.027 0.024 0.028  A 193802
   3900.91303 10.646 10.591 10.635 10.662 10.664    0.037 0.076 0.041 0.042 0.047  A 194745
   3907.88829 10.754 10.737 10.748 10.759 10.766    0.026 0.057 0.032 0.028 0.030  A 196073
   3913.93810 11.062 11.242 11.111 11.066 11.070    0.030 0.070 0.034 0.033 0.037  A 197037
   4105.55791 11.099 11.182 11.101 11.109 11.119    0.033 0.080 0.048 0.034 0.037  A 210793
   4109.54612 11.116 11.108 11.113 11.120 11.117    0.056 0.056 0.056 0.059 0.062  B 211215
   4125.52683 10.861 10.857 10.865 10.860 10.867    0.032 0.048 0.035 0.036 0.040  A 211497
   4246.90529 11.087 11.049 11.091 11.071 11.066    0.037 0.041 0.040 0.041 0.044  A 226310
   4258.92726 10.906 10.907 10.910 10.916 10.933    0.050 0.044 0.048 0.054 0.057  B 227615
   4273.92034 10.779 10.748 10.811 10.780 10.777    0.033 0.038 0.037 0.034 0.036  A 228593
   4278.92727 10.859 10.808 10.837 10.863 10.858    0.050 0.044 0.048 0.053 0.056  B 229235
   4285.87462 10.896 10.812 10.893 10.903 10.909    0.038 0.058 0.042 0.042 0.049  A 230062
   4292.86310 10.950 10.900 10.948 10.962 10.996    0.058 0.051 0.062 0.059 0.060  B 230953
   4295.86785 11.011 10.958 11.013 11.011 11.024    0.025 0.031 0.029 0.026 0.030  A 231474
   4298.85600 11.007 11.013 10.988 11.025 11.035    0.036 0.037 0.036 0.041 0.048  A 232003
   4300.89184 11.103 11.059 11.085 11.095 11.093    0.052 0.058 0.055 0.055 0.059  B 232370
   4303.82748 11.115 11.105 11.082 11.132 11.134    0.053 0.057 0.055 0.057 0.060  B 232833
   4305.85950 11.037 10.996 11.013 11.033 11.032    0.026 0.043 0.034 0.027 0.028  A 233209
   4307.82619 10.974 10.911 10.987 10.983 10.995    0.067 0.069 0.066 0.070 0.072  D 233542
   4309.83715 11.069 11.034 11.063 11.063 11.080    0.027 0.040 0.033 0.030 0.034  A 233859
   4311.83660 11.056 11.074 11.054 11.048 11.053    0.051 0.054 0.051 0.054 0.060  B 234126
   4316.85639 11.080 11.036 11.085 11.068 11.067    0.026 0.030 0.031 0.029 0.034  A 234718
   4319.85096 11.124 11.128 11.113 11.133 11.137    0.063 0.072 0.065 0.067 0.075  D 235057
   4329.81659 11.082 11.045 11.070 11.089 11.088    0.034 0.045 0.038 0.037 0.041  A 235200
   4331.80352 11.091 11.081 11.076 11.103 11.126    0.032 0.039 0.039 0.032 0.034  A 235554
   4333.77023 11.099 11.082 11.095 11.102 11.103    0.036 0.040 0.036 0.040 0.044  A 235902
   4336.77027 11.036 11.045 11.012 11.032 11.029    0.036 0.040 0.040 0.041 0.045  A 236247
   4339.74845 11.033 11.029 11.039 11.021 11.019    0.026 0.031 0.032 0.029 0.032  A 236626
   4343.78255 10.942 10.952 10.958 10.929 10.931    0.058 0.045 0.055 0.060 0.066  B 237327
   4345.78590 10.963 10.883 10.942 10.983 10.989    0.100 0.081 0.097 0.102 0.106  D 237654
   4347.81054 10.835 10.839 10.844 10.850 10.848    0.086 0.076 0.081 0.089 0.091  D 238016
   4350.72021 10.855 10.833 10.849 10.865 10.878    0.028 0.041 0.033 0.030 0.035  A 238476
   4353.71004 10.799 10.807 10.783 10.811 10.813    0.023 0.029 0.028 0.025 0.027  A 238881
   4355.74895 10.787 10.751 10.773 10.794 10.800    0.023 0.039 0.031 0.024 0.027  A 239211
   4358.69078 10.788 10.774 10.777 10.795 10.801    0.028 0.032 0.032 0.031 0.034  A 239648
   4361.69258 10.801 10.727 10.803 10.804 10.811    0.031 0.045 0.038 0.032 0.034  A 240043
   4363.70891 10.776 10.754 10.768 10.784 10.788    0.023 0.028 0.030 0.024 0.027  A 240362
   4365.71051 10.804 10.806 10.789 10.813 10.821    0.027 0.043 0.036 0.028 0.032  A 240674
   4371.70853 10.800 10.853 10.802 10.814 10.812    0.030 0.049 0.035 0.035 0.041  A 241495
   4373.72110 10.758 10.748 10.766 10.758 10.748    0.036 0.075 0.042 0.039 0.043  A 241793
   4376.71261 10.778 10.727 10.782 10.769 10.763    0.028 0.050 0.033 0.031 0.035  A 242147
   4378.81633 10.856 10.909 10.860 10.865 10.898    0.046 0.064 0.046 0.054 0.065  B 242478
   4381.63114 10.853 10.828 10.842 10.853 10.856    0.032 0.042 0.034 0.035 0.038  A 242871
   4383.67544 10.918 10.911 10.920 10.926 10.932    0.023 0.035 0.029 0.025 0.027  A 243191
   4385.69481 10.926 10.897 10.916 10.933 10.934    0.024 0.031 0.032 0.026 0.028  A 243511
   4387.72161 10.952 10.878 10.932 10.986 11.036    0.050 0.058 0.054 0.058 0.064  B 243836
   4389.70003 10.962 10.950 10.955 10.970 10.978    0.037 0.047 0.042 0.041 0.046  A 244128
   4393.65355 10.987 11.053 10.989 11.006 11.025    0.043 0.071 0.046 0.048 0.056  B 244653
   4398.72999 10.871 10.901 10.874 10.878 10.886    0.036 0.048 0.038 0.043 0.051  A 244746
   4400.70045 10.850 10.860 10.844 10.860 10.878    0.066 0.089 0.063 0.083 0.097  D 244991
   4403.73050 10.784 10.713 10.783 10.785 10.788    0.031 0.057 0.038 0.034 0.038  A 245290
   4407.72551 10.775 10.744 10.762 10.781 10.792    0.034 0.049 0.039 0.038 0.043  A 245608
   4410.60967 10.795 10.743 10.779 10.811 10.825    0.034 0.070 0.040 0.036 0.041  A 245959
   4413.64915 10.861 10.887 10.844 10.874 10.877    0.035 0.042 0.038 0.038 0.041  A 246252
   4419.61921 10.889 10.918 10.890 10.899 10.902    0.037 0.074 0.043 0.041 0.047  A 246394
   4426.55408 10.969 11.005 10.971 10.982 10.975    0.042 0.073 0.044 0.048 0.056  B 246918
   4428.61342 11.015 11.018 10.997 11.035 11.058    0.034 0.044 0.035 0.042 0.048  A 247167
   4430.67757 11.009 11.111 11.027 10.998 10.993    0.034 0.054 0.037 0.040 0.046  A 247425
   4433.59524 11.041 11.003 11.028 11.050 11.055    0.024 0.049 0.030 0.027 0.030  A 247779
   4435.63067 11.079 11.129 11.072 11.077 11.071    0.026 0.050 0.032 0.029 0.032  A 248030
   4438.60891 11.071 11.035 11.061 11.077 11.076    0.033 0.046 0.036 0.038 0.041  A 248395
   4440.63996 11.045 11.028 11.042 11.051 11.056    0.028 0.054 0.036 0.030 0.032  A 248664
   4443.62498 11.012 10.998 11.004 11.015 11.019    0.030 0.034 0.032 0.031 0.034  A 248979
   4453.53176 10.823 10.915 10.837 10.820 10.805    0.040 0.078 0.046 0.044 0.047  A 250089
   4455.63090 10.694 10.713 10.694 10.706 10.705    0.058 0.059 0.050 0.069 0.077  B 250337
   4458.60333 10.679 10.643 10.666 10.686 10.708    0.039 0.059 0.042 0.042 0.048  A 250686
   4461.59263 10.586 10.575 10.590 10.576 10.585    0.026 0.045 0.032 0.029 0.033  A 251018
   4464.58524 10.508 10.481 10.504 10.506 10.518    0.033 0.062 0.039 0.035 0.040  A 251399
   4467.57458 10.536 10.595 10.541 10.542 10.548    0.035 0.066 0.038 0.036 0.038  A 251734
   4470.57570 10.456 10.394 10.443 10.458 10.458    0.031 0.065 0.037 0.034 0.039  A 252079
   4474.57759 10.491 10.533 10.486 10.497 10.506    0.069 0.081 0.066 0.075 0.082  D 252456
   4486.53217 10.582 10.526 10.570 10.583 10.574    0.041 0.076 0.046 0.047 0.054  B 253673
   4489.53637 10.571 10.626 10.577 10.565 10.556    0.030 0.046 0.033 0.035 0.039  A 254027
#ndata= 1
#dataset= 4 ; 1 F0104-08_290
#desig= 002432-0954.1
#cra=    0.408757  00:24:31.5
#cdec=  -9.900895 -9:54:03.2
#class= 0
#cmag_0= 10.831
#cmer_0=  0.000
#nskip_0= 0
#cmag_1= 10.783
#cmer_1=  0.000
#nskip_1= 0
#cmag_2= 10.743
#cmer_2=  0.000
#nskip_2= 0
#cmag_3= 10.727
#cmer_3=  0.000
#nskip_3= 0
#cmag_4= 10.716
#cmer_4=  0.000
#nskip_4= 0
#ra=    0.408757  00:24:31.5
#dec=  -9.900895 -9:54:03.2
#     HJD      MAG_2  MAG_0  MAG_1  MAG_3  MAG_4    MER_2 MER_0 MER_1 MER_3 MER_4 GRADE FRAME
   2955.62738 10.743 10.832 10.783 10.727 10.717    0.025 0.032 0.029 0.027 0.030  A 80083
