#ndata= 1
#dataset= 1 ; 1 F0000-64_036
#desig= 002525-5741.0
#cra=    0.423559  00:25:24.8
#cdec= -57.682770 -57:40:58.0
#class= 0
#cmag_0= 12.018
#cmer_0=  0.000
#nskip_0= 0
#cmag_1= 12.032
#cmer_1=  0.000
#nskip_1= 0
#cmag_2= 12.097
#cmer_2=  0.000
#nskip_2= 0
#cmag_3= 12.123
#cmer_3=  0.000
#nskip_3= 0
#cmag_4= 12.185
#cmer_4=  0.000
#nskip_4= 0
#ra=    0.423559  00:25:24.8
#dec= -57.682770 -57:40:58.0
#     HJD      MAG_0  MAG_1  MAG_2  MAG_3  MAG_4    MER_0 MER_1 MER_2 MER_3 MER_4 GRADE FRAME
   3382.56257 12.019 12.033 12.097 12.124 12.185    0.077 0.069 0.074 0.077 0.081  D 125602
#ndata= 397
#dataset= 2 ; 1 F0000-56_060
#desig= 002525-5741.0
#cra=    0.423620  00:25:25.0
#cdec= -57.682818 -57:40:58.1
#class= 0
#cmag_0= 12.250
#cmer_0=  0.089
#nskip_0= 2
#cmag_1= 12.258
#cmer_1=  0.092
#nskip_1= 1
#cmag_2= 12.265
#cmer_2=  0.094
#nskip_2= 2
#cmag_3= 12.271
#cmer_3=  0.104
#nskip_3= 3
#cmag_4= 12.281
#cmer_4=  0.113
#nskip_4= 4
#ra=    0.423620  00:25:25.0
#dec= -57.682818 -57:40:58.1
#     HJD      MAG_0  MAG_1  MAG_2  MAG_3  MAG_4    MER_0 MER_1 MER_2 MER_3 MER_4 GRADE FRAME
   1869.52631 12.404 12.401 12.410 12.414 12.429    0.052 0.025 0.023 0.026 0.029  A 195
   1871.60178 12.135 12.175 12.174 12.159 12.168    0.068 0.027 0.023 0.025 0.028  A 505
   1873.58556 12.163 12.181 12.188 12.191 12.208    0.072 0.033 0.028 0.031 0.032  A 821
   1875.56877 12.130 12.170 12.189 12.215 12.215    0.058 0.024 0.021 0.024 0.026  A 1136
   1877.58089 12.184 12.196 12.194 12.196 12.213    0.055 0.027 0.023 0.026 0.028  A 1463
   1879.56168 12.143 12.138 12.136 12.139 12.121    0.047 0.024 0.022 0.024 0.026  A 1768
   1885.54125 12.285 12.282 12.300 12.320 12.335    0.048 0.025 0.024 0.025 0.030  A 2383
   1887.56869 12.304 12.351 12.372 12.392 12.370    0.055 0.028 0.025 0.028 0.031  A 2714
   1889.58266 12.128 12.128 12.129 12.139 12.158    0.056 0.031 0.026 0.031 0.036  A 3040
   1900.59951 12.136 12.144 12.175 12.209 12.264    0.044 0.027 0.022 0.025 0.027  A 3337
   1904.53037 12.212 12.272 12.295 12.306 12.350    0.044 0.025 0.022 0.025 0.028  A 3783
   1914.59501 12.399 12.362 12.349 12.334 12.326    0.059 0.033 0.027 0.029 0.032  A 4752
   1920.54565 12.364 12.345 12.340 12.350 12.356    0.040 0.027 0.023 0.024 0.027  A 5424
   1923.55651 12.258 12.211 12.224 12.223 12.225    0.042 0.031 0.024 0.026 0.029  A 5904
   1928.52702 12.224 12.261 12.264 12.266 12.240    0.043 0.031 0.026 0.030 0.033  A 6731
   1932.53276 12.118 12.150 12.183 12.213 12.227    0.040 0.031 0.025 0.027 0.031  A 7383
   2033.89423 12.201 12.147 12.125 12.131 12.133    0.039 0.027 0.023 0.024 0.028  A 18560
   2039.93785 12.197 12.227 12.206 12.220 12.287    0.067 0.035 0.034 0.039 0.046  A 19366
   2040.92675 12.154 12.189 12.183 12.201 12.183    0.089 0.045 0.039 0.043 0.047  B 19586
   2052.90546 12.166 12.212 12.223 12.229 12.244    0.066 0.033 0.030 0.031 0.033  A 19934
   2054.86437 13.346 13.358 13.310 13.312 13.321    0.076 0.036 0.031 0.033 0.037  A 20347
   2056.84916 12.234 12.276 12.307 12.345 12.402    0.068 0.030 0.026 0.029 0.032  A 20790
   2058.85485 12.334 12.294 12.292 12.290 12.311    0.044 0.027 0.024 0.027 0.030  A 21243
   2064.91972 12.387 12.288 12.252 12.226 12.244    0.073 0.034 0.028 0.031 0.033  A 21669
   2067.82065 12.252 12.257 12.289 12.320 12.319    0.066 0.032 0.028 0.033 0.036  A 21929
   2068.81731 12.180 12.152 12.160 12.156 12.218    0.080 0.046 0.046 0.052 0.059  B 22153
   2069.81751 12.359 12.305 12.272 12.261 12.252    0.068 0.031 0.028 0.032 0.035  A 22376
   2080.81773 12.383 12.325 12.318 12.326 12.332    0.063 0.031 0.026 0.028 0.031  A 22976
   2082.87388 12.232 12.220 12.268 12.316 12.319    0.061 0.032 0.026 0.029 0.031  A 23466
   2085.86567 12.304 12.327 12.309 12.301 12.352    0.048 0.030 0.024 0.026 0.029  A 23917
   2087.80395 12.144 12.196 12.206 12.233 12.278    0.070 0.038 0.036 0.041 0.047  A 24335
   2088.84198 12.264 12.213 12.177 12.144 12.157    0.068 0.030 0.026 0.027 0.030  A 24580
   2093.77354 12.273 12.259 12.290 12.292 12.282    0.072 0.032 0.029 0.031 0.035  A 24771
   2094.78821 12.168 12.185 12.120 12.034 11.983    0.077 0.047 0.049 0.058 0.064  B 25064
   2095.78218 12.350 12.366 12.403 12.444 12.455    0.074 0.038 0.037 0.042 0.048  A 25288
   2096.75360 12.294 12.245 12.215 12.220 12.238    0.067 0.040 0.038 0.043 0.048  A 25501
   2103.71699 12.237 12.291 12.335 12.378 12.375    0.066 0.039 0.030 0.029 0.031  A 25845
   2104.80491 12.225 12.268 12.280 12.286 12.289    0.063 0.033 0.027 0.028 0.031  A 26082
   2105.80411 12.115 12.164 12.167 12.162 12.173    0.063 0.031 0.026 0.027 0.030  A 26302
   2106.81844 12.237 12.243 12.253 12.262 12.277    0.059 0.030 0.024 0.026 0.028  A 26511
   2114.82692 12.094 12.165 12.181 12.153 12.164    0.048 0.034 0.030 0.031 0.033  A 26742
   2115.85753 12.220 12.191 12.181 12.199 12.223    0.033 0.030 0.025 0.025 0.027  A 26960
   2116.77647 12.198 12.172 12.180 12.181 12.197    0.049 0.032 0.026 0.028 0.030  A 27147
   2117.77290 12.243 12.242 12.224 12.205 12.190    0.060 0.034 0.027 0.029 0.031  A 27364
   2124.70356 12.272 12.228 12.188 12.155 12.152    0.077 0.051 0.055 0.064 0.071  B 27680
   2128.70657 12.262 12.207 12.193 12.201 12.213    0.058 0.032 0.028 0.031 0.033  A 27969
   2129.71927 12.250 12.250 12.262 12.277 12.291    0.069 0.033 0.027 0.029 0.032  A 28189
   2130.73210 12.146 12.201 12.232 12.262 12.273    0.063 0.032 0.027 0.030 0.032  A 28411
   2131.73805 12.150 12.171 12.163 12.157 12.172    0.061 0.030 0.025 0.028 0.031  A 28613
   2132.74962 12.352 12.357 12.403 12.460 12.477    0.069 0.033 0.026 0.028 0.031  A 28830
   2133.73595 12.136 12.089 12.111 12.142 12.139    0.041 0.028 0.023 0.025 0.029  A 29040
   2134.74053 12.286 12.337 12.365 12.393 12.444    0.056 0.033 0.027 0.028 0.030  A 29256
   2135.74132 12.205 12.230 12.260 12.278 12.279    0.065 0.035 0.031 0.035 0.039  A 29471
   2136.72584 12.204 12.299 12.323 12.359 12.395    0.052 0.029 0.023 0.026 0.028  A 29678
   2141.72233 12.171 12.211 12.214 12.213 12.254    0.062 0.034 0.027 0.029 0.032  A 30431
   2144.70930 12.229 12.199 12.188 12.177 12.186    0.062 0.032 0.028 0.029 0.032  A 31035
   2145.71172 12.362 12.315 12.317 12.308 12.353    0.054 0.032 0.026 0.027 0.031  A 31240
   2164.67608 12.425 12.427 12.417 12.456 12.520    0.047 0.035 0.027 0.028 0.031  A 31924
   2167.65328 12.153 12.170 12.167 12.161 12.159    0.050 0.032 0.026 0.029 0.031  A 32104
   2168.67414 12.267 12.298 12.299 12.280 12.276    0.048 0.031 0.024 0.026 0.030  A 32281
   2169.67212 12.175 12.206 12.248 12.273 12.266    0.043 0.032 0.025 0.027 0.029  A 32433
   2171.64969 12.211 12.220 12.232 12.245 12.267    0.050 0.037 0.028 0.029 0.032  A 32607
   2172.66271 12.262 12.250 12.257 12.263 12.271    0.050 0.037 0.029 0.030 0.033  A 32802
   2173.64648 12.303 12.283 12.296 12.317 12.329    0.049 0.034 0.028 0.029 0.032  A 32983
   2174.64710 12.184 12.113 12.154 12.218 12.320    0.053 0.042 0.040 0.046 0.051  B 33157
   2175.64302 12.348 12.328 12.312 12.274 12.292    0.052 0.039 0.031 0.032 0.035  A 33300
   2177.61461 12.251 12.306 12.294 12.299 12.281    0.053 0.041 0.035 0.038 0.041  A 33416
   2178.62614 12.146 12.203 12.199 12.210 12.219    0.044 0.036 0.027 0.028 0.030  A 33596
   2180.63044 12.121 12.150 12.121 12.097 12.071    0.045 0.035 0.028 0.031 0.034  A 33787
   2183.61525 12.235 12.291 12.315 12.333 12.379    0.050 0.038 0.030 0.032 0.035  A 33878
   2184.61924 12.292 12.255 12.264 12.268 12.309    0.044 0.037 0.029 0.031 0.034  A 34072
   2185.63003 12.140 12.191 12.257 12.312 12.311    0.045 0.037 0.030 0.033 0.035  A 34263
   2186.66501 12.312 12.352 12.415 12.450 12.446    0.042 0.037 0.030 0.031 0.033  A 34393
   2188.64980 12.351 12.380 12.358 12.363 12.368    0.045 0.039 0.031 0.033 0.031  A 34697
   2190.58017 12.170 12.164 12.197 12.231 12.238    0.046 0.036 0.027 0.027 0.029  A 34914
   2191.62072 12.167 12.158 12.207 12.229 12.261    0.042 0.033 0.026 0.028 0.030  A 35107
   2192.61317 12.342 12.402 12.357 12.370 12.381    0.039 0.031 0.023 0.026 0.028  A 35278
   2193.61877 12.162 12.181 12.180 12.162 12.127    0.048 0.038 0.030 0.030 0.031  A 35463
   2194.61656 12.270 12.237 12.301 12.349 12.371    0.044 0.035 0.027 0.029 0.030  A 35641
   2195.60514 12.234 12.196 12.208 12.200 12.219    0.045 0.036 0.027 0.029 0.031  A 35813
   2196.61093 12.291 12.272 12.294 12.293 12.283    0.044 0.035 0.027 0.030 0.032  A 35948
   2198.61179 12.199 12.158 12.173 12.169 12.147    0.039 0.034 0.025 0.026 0.029  A 36304
   2199.60111 12.173 12.204 12.217 12.208 12.187    0.044 0.038 0.029 0.030 0.030  A 36479
   2201.59435 12.317 12.303 12.270 12.256 12.231    0.045 0.038 0.029 0.030 0.031  A 36725
   2202.59504 12.196 12.164 12.196 12.184 12.211    0.039 0.034 0.027 0.029 0.030  A 36893
   2203.58472 12.266 12.316 12.301 12.296 12.285    0.042 0.037 0.028 0.030 0.031  A 37062
   2204.58264 12.174 12.151 12.204 12.253 12.244    0.046 0.041 0.033 0.035 0.037  A 37188
   2206.57677 12.246 12.232 12.196 12.215 12.204    0.044 0.038 0.029 0.029 0.032  A 37461
   2207.57780 12.206 12.347 12.471 12.666 12.861    0.071 0.063 0.065 0.078 0.090  D 37634
   2211.55798 12.338 12.311 12.290 12.318 12.343    0.048 0.044 0.034 0.038 0.035  A 37818
   2213.55290 12.204 12.214 12.198 12.190 12.207    0.039 0.038 0.030 0.031 0.034  A 38052
   2214.57929 12.347 12.404 12.412 12.447 12.426    0.040 0.037 0.030 0.035 0.034  A 38211
   2215.58363 12.090 12.156 12.198 12.221 12.214    0.038 0.039 0.031 0.039 0.034  A 38380
   2216.58166 12.376 12.415 12.443 12.433 12.454    0.049 0.037 0.031 0.036 0.034  A 38549
   2217.58133 12.269 12.243 12.264 12.279 12.326    0.043 0.039 0.031 0.035 0.033  A 38716
   2221.54154 12.206 12.220 12.255 12.262 12.291    0.041 0.036 0.028 0.032 0.032  A 38989
   2222.57809 12.285 12.275 12.325 12.367 12.356    0.043 0.037 0.030 0.035 0.032  A 39160
   2224.56636 12.213 12.175 12.175 12.131 12.157    0.047 0.041 0.033 0.038 0.036  A 39316
   2226.54869 12.299 12.330 12.406 12.447 12.439    0.043 0.038 0.031 0.038 0.034  A 39626
   2228.54101 12.289 12.258 12.231 12.168 12.180    0.041 0.036 0.031 0.035 0.033  A 39938
   2230.53947 12.230 12.281 12.363 12.409 12.363    0.043 0.036 0.029 0.036 0.034  A 40265
   2233.53688 12.424 12.467 12.503 12.510 12.523    0.042 0.039 0.032 0.038 0.036  A 40592
   2235.52837 12.401 12.365 12.371 12.456 12.517    0.044 0.038 0.030 0.033 0.031  A 40898
   2237.53151 12.311 12.310 12.309 12.257 12.304    0.049 0.042 0.035 0.042 0.038  A 41219
   2240.53405 12.289 12.218 12.198 12.189 12.210    0.047 0.043 0.035 0.039 0.035  A 41537
   2250.59412 12.314 12.292 12.300 12.313 12.202    0.052 0.044 0.036 0.041 0.037  A 42837
   2252.58324 12.022 12.069 12.129 12.143 12.168    0.050 0.042 0.036 0.041 0.038  A 43156
   2256.58502 12.317 12.322 12.323 12.267 12.246    0.053 0.047 0.039 0.045 0.044  A 43765
   2440.79475 12.147 12.199 12.175 12.173 12.161    0.032 0.031 0.021 0.022 0.023  A 8128
   2442.81475 12.233 12.245 12.256 12.273 12.278    0.049 0.050 0.046 0.052 0.055  B 8563
   2444.80707 12.225 12.217 12.207 12.189 12.183    0.026 0.031 0.023 0.024 0.022  A 8952
   2445.89221 12.234 12.236 12.249 12.220 12.243    0.025 0.028 0.022 0.025 0.025  A 9206
   2465.81031 12.361 12.376 99.999 99.999 99.999    0.030 0.034 0.027 0.032 0.027  C 11134
   2466.80399 12.194 12.195 12.176 12.176 12.181    0.029 0.031 0.023 0.025 0.024  A 11350
   2467.81005 12.156 12.191 12.204 12.205 12.207    0.026 0.029 0.022 0.024 0.024  A 11571
   2471.86102 12.179 12.152 12.157 12.140 12.195    0.037 0.040 0.035 0.042 0.034  A 12572
   2482.71088 12.508 12.498 12.503 12.567 12.639    0.046 0.042 0.037 0.044 0.037  A 13187
   2489.73864 12.369 12.376 12.409 12.408 12.334    0.035 0.035 0.030 0.033 0.033  A 13891
   2493.77033 12.319 12.369 12.359 12.343 12.330    0.051 0.047 0.041 0.046 0.040  B 14531
   2494.74389 29.999 29.999 29.999 29.999 29.999    0.083 0.074 0.068 0.073 0.072  D 14708
   2495.80245 12.180 12.181 12.181 12.178 12.168    0.043 0.042 0.037 0.044 0.034  A 14872
   2498.73137 12.241 12.210 12.236 12.239 12.241    0.038 0.039 0.032 0.035 0.030  A 15477
   2500.73530 12.223 12.224 12.249 12.259 12.267    0.040 0.038 0.030 0.033 0.029  A 15903
   2501.74229 12.214 12.251 12.260 12.278 12.272    0.030 0.031 0.026 0.029 0.023  A 16054
   2502.73329 12.219 12.310 12.364 12.414 12.423    0.044 0.041 0.036 0.043 0.036  A 16262
   2503.73577 29.999 29.999 29.999 29.999 29.999    0.083 0.073 0.065 0.071 0.068  D 16467
   2519.77468 12.182 12.137 12.133 12.150 12.142    0.034 0.034 0.022 0.022 0.019  A 18056
   2526.67082 12.182 12.204 12.213 12.219 12.222    0.040 0.031 0.025 0.025 0.026  A 18856
   2538.87501 29.999 29.999 29.999 29.999 29.999    0.081 0.062 0.057 0.068 0.067  D 19433
   2540.60834 12.457 12.477 12.473 12.452 12.437    0.037 0.035 0.026 0.027 0.027  A 19699
   2544.69590 12.169 12.158 12.162 12.174 12.169    0.031 0.036 0.032 0.029 0.028  A 20007
   2545.73012 12.153 12.223 12.251 12.298 12.339    0.031 0.030 0.023 0.021 0.022  A 20211
   2553.57968 12.346 12.308 12.356 12.378 12.343    0.036 0.038 0.030 0.030 0.028  A 21301
   2554.67224 12.365 12.466 12.501 12.485 12.467    0.055 0.047 0.040 0.045 0.048  A 21523
   2558.65031 12.393 12.330 12.360 12.396 12.429    0.028 0.028 0.019 0.020 0.020  A 22052
   2559.64865 12.125 12.125 12.167 12.196 12.246    0.034 0.032 0.021 0.021 0.022  A 22232
   2560.64706 12.254 12.275 12.282 12.279 12.287    0.027 0.022 0.021 0.023 0.026  A 22410
   2561.64067 12.186 12.184 12.190 12.215 12.253    0.056 0.026 0.022 0.025 0.026  A 22555
   2562.64169 12.228 12.261 12.277 12.326 12.356    0.031 0.025 0.020 0.022 0.024  A 22736
   2563.65796 12.323 12.279 12.315 12.325 12.349    0.036 0.031 0.022 0.022 0.024  A 22922
   2578.64013 12.291 12.292 12.307 12.303 12.296    0.031 0.033 0.024 0.024 0.023  A 24947
   2621.58961 12.292 12.303 12.279 12.262 12.280    0.030 0.030 0.028 0.026 0.026  A 29780
   2622.66626 12.338 12.401 12.412 12.418 12.437    0.039 0.026 0.024 0.027 0.030  A 29980
   2625.58897 12.242 12.257 12.253 12.210 12.204    0.045 0.029 0.024 0.027 0.030  A 30394
   2628.59324 12.274 12.347 12.371 12.381 12.441    0.055 0.031 0.030 0.034 0.037  A 30703
   2637.62655 12.348 12.337 12.344 12.362 12.386    0.028 0.023 0.019 0.021 0.023  A 32515
   2639.62429 12.315 12.363 12.353 12.322 12.306    0.030 0.023 0.020 0.022 0.024  A 32822
   2642.53537 12.170 12.231 12.245 12.274 12.297    0.030 0.027 0.023 0.024 0.024  A 33224
   2644.54271 12.216 12.234 12.231 12.217 12.229    0.039 0.025 0.024 0.027 0.029  A 33532
   2649.55611 12.226 12.175 12.169 12.162 12.145    0.032 0.025 0.021 0.023 0.025  A 34093
   2651.56598 12.170 12.261 12.314 12.339 12.391    0.038 0.027 0.024 0.027 0.030  A 34407
   2653.58191 12.165 12.184 12.176 12.187 12.191    0.031 0.025 0.023 0.025 0.028  A 34721
   2657.54511 12.099 12.189 12.223 12.253 12.258    0.039 0.028 0.025 0.030 0.035  A 35388
   2659.56320 12.232 12.253 12.231 12.241 12.272    0.028 0.024 0.023 0.026 0.030  A 35738
   2661.56011 12.225 12.217 12.257 12.292 12.284    0.037 0.026 0.023 0.026 0.029  A 36079
   2663.55895 12.314 12.328 12.362 12.396 12.407    0.034 0.028 0.027 0.029 0.030  A 36417
   2666.53053 12.130 12.166 12.171 12.106 12.025    0.030 0.031 0.030 0.035 0.039  A 36907
   2668.54081 12.218 12.202 12.200 12.194 12.179    0.035 0.031 0.030 0.034 0.039  A 37234
   2670.54115 12.205 12.210 12.224 12.244 12.268    0.032 0.026 0.023 0.026 0.027  A 37550
   2672.54417 12.225 12.235 12.262 12.287 12.306    0.025 0.024 0.022 0.024 0.027  A 37886
   2675.52380 12.259 12.217 12.222 12.230 12.227    0.030 0.028 0.027 0.031 0.034  A 38410
   2677.52725 12.181 12.143 12.136 12.144 12.154    0.032 0.028 0.025 0.028 0.031  A 38758
   2783.87868 12.206 12.260 12.254 12.260 12.272    0.033 0.025 0.023 0.025 0.028  A 56033
   2785.91441 12.093 12.146 12.147 12.118 12.098    0.045 0.042 0.042 0.045 0.047  A 56467
   2832.79336 12.180 12.123 12.109 12.141 12.254    0.028 0.034 0.033 0.035 0.034  A 63022
   2839.87150 12.284 12.309 12.334 12.367 12.378    0.067 0.071 0.072 0.079 0.086  D 64206
   2844.83070 12.247 12.342 12.407 12.410 12.418    0.023 0.027 0.021 0.024 0.024  A 65083
   2856.80082 12.281 12.248 12.251 12.276 12.352    0.028 0.032 0.026 0.028 0.030  A 66124
   2861.82122 12.128 12.145 12.179 12.168 12.155    0.031 0.042 0.039 0.044 0.043  A 67038
   2866.80508 12.340 12.293 12.293 12.326 12.350    0.030 0.035 0.034 0.037 0.039  A 67628
   2875.80552 12.291 12.343 12.357 12.367 12.363    0.027 0.031 0.025 0.025 0.024  A 68622
   2883.74966 12.306 12.366 12.395 12.455 12.479    0.032 0.028 0.021 0.024 0.023  A 69667
   2895.78837 12.411 12.596 12.610 12.572 12.501    0.029 0.032 0.029 0.029 0.029  A 71334
   2897.80462 12.364 12.396 12.393 12.397 12.403    0.023 0.025 0.021 0.023 0.026  A 71740
   2899.76699 12.301 12.285 12.353 12.382 12.436    0.034 0.030 0.027 0.027 0.026  A 72087
   2902.73578 12.207 12.188 12.179 12.175 12.203    0.025 0.028 0.026 0.026 0.027  A 72554
   2907.80798 12.160 12.202 12.230 12.271 12.299    0.047 0.042 0.044 0.052 0.058  B 73306
   2912.65114 12.165 12.150 12.186 12.212 12.234    0.030 0.023 0.020 0.022 0.024  A 74106
   2915.62598 12.274 12.267 12.266 12.257 12.289    0.026 0.035 0.026 0.029 0.027  A 74379
   2916.71772 12.382 12.337 12.365 12.387 12.410    0.026 0.028 0.023 0.025 0.026  A 74611
   2918.66788 12.285 12.300 12.327 12.361 12.347    0.027 0.027 0.024 0.027 0.030  A 74903
   2921.70865 12.115 12.152 12.167 12.174 12.180    0.028 0.029 0.029 0.035 0.040  A 75111
   2923.69777 12.099 12.148 12.187 12.208 12.168    0.031 0.033 0.032 0.032 0.034  A 75482
   2926.70136 12.255 12.219 12.249 12.274 12.300    0.023 0.025 0.022 0.023 0.026  A 75843
   2928.69830 12.210 12.111 12.104 12.102 12.098    0.034 0.037 0.034 0.036 0.040  A 76215
   2930.68219 12.210 12.235 12.268 12.300 12.277    0.027 0.028 0.024 0.023 0.025  A 76558
   2932.67262 12.151 12.184 12.206 12.237 12.306    0.029 0.031 0.028 0.030 0.033  A 76909
   2934.66719 12.259 12.233 12.225 12.222 12.221    0.032 0.040 0.030 0.027 0.029  A 77261
   2936.66947 12.226 12.218 12.217 12.245 12.304    0.045 0.044 0.049 0.058 0.068  B 77613
   2939.70082 12.181 12.203 12.188 12.169 12.172    0.030 0.024 0.021 0.023 0.026  A 77842
   2942.74754 12.203 12.218 12.233 12.232 12.229    0.033 0.031 0.024 0.025 0.028  A 78248
   2944.59018 12.537 12.537 12.454 12.379 12.326    0.026 0.028 0.023 0.025 0.027  A 78506
   2945.63212 12.200 12.180 12.191 12.209 12.301    0.041 0.044 0.038 0.042 0.046  A 78702
   2949.66180 12.187 12.234 12.223 12.224 12.227    0.029 0.026 0.024 0.027 0.031  A 79292
   2951.67386 12.247 12.253 12.230 12.262 12.289    0.026 0.026 0.026 0.030 0.034  A 79577
   2953.69047 12.389 12.436 12.468 12.463 12.475    0.034 0.035 0.037 0.044 0.052  B 79852
   2955.69448 12.315 12.309 12.297 12.284 12.315    0.025 0.026 0.024 0.027 0.029  A 80109
   2957.68821 12.193 12.201 12.199 12.223 12.239    0.023 0.025 0.023 0.028 0.031  A 80397
   2961.74046 12.177 12.252 12.227 12.235 12.242    0.035 0.031 0.030 0.032 0.035  A 80960
   2963.71384 12.179 12.228 12.238 12.218 12.238    0.031 0.029 0.026 0.029 0.033  A 81230
   2966.55106 12.247 12.287 12.292 12.268 12.265    0.026 0.025 0.021 0.023 0.025  A 81596
   2968.56369 12.171 12.168 12.157 12.122 12.069    0.037 0.038 0.038 0.039 0.044  A 81876
   2970.56252 12.216 12.241 12.240 12.241 12.277    0.024 0.025 0.021 0.024 0.027  A 82095
   2972.57530 12.187 12.172 12.143 12.146 12.124    0.026 0.027 0.025 0.030 0.033  A 82361
   2974.59897 12.376 12.411 12.437 12.447 12.498    0.027 0.027 0.024 0.028 0.031  A 82568
   2976.60627 12.261 12.255 12.295 12.325 12.353    0.028 0.028 0.024 0.027 0.032  A 82840
   2978.62503 12.142 12.104 12.084 12.033 12.029    0.025 0.028 0.028 0.034 0.040  A 83124
   2980.64918 12.190 12.246 12.283 12.335 12.403    0.027 0.027 0.026 0.032 0.037  A 83382
   2982.65794 12.283 12.297 12.345 12.392 12.516    0.037 0.039 0.041 0.051 0.059  B 83658
   2984.65761 12.201 12.236 12.250 12.242 12.249    0.030 0.025 0.025 0.029 0.034  A 83915
   2986.68494 12.312 12.366 12.424 12.485 12.517    0.029 0.026 0.025 0.030 0.036  A 84190
   2989.62233 12.218 12.236 12.264 12.276 12.279    0.027 0.025 0.023 0.026 0.029  A 84518
   2991.63836 12.116 12.149 12.160 12.163 12.194    0.024 0.027 0.024 0.027 0.030  A 84781
   2993.66662 12.187 12.205 12.236 12.250 12.296    0.029 0.028 0.025 0.028 0.031  A 85069
   2996.58526 12.363 12.329 12.359 12.368 12.361    0.042 0.039 0.036 0.038 0.041  A 85425
   2998.59466 12.406 12.403 12.391 12.390 12.405    0.026 0.026 0.024 0.028 0.031  A 85704
   3001.56931 12.139 12.086 12.109 12.128 12.159    0.028 0.025 0.023 0.025 0.028  A 85963
   3005.59122 12.291 12.339 12.359 12.350 12.287    0.029 0.026 0.024 0.028 0.032  A 86444
   3007.60318 12.270 12.263 12.274 12.285 12.238    0.028 0.030 0.028 0.031 0.036  A 86709
   3010.60017 12.218 12.193 12.216 12.234 12.275    0.031 0.032 0.034 0.041 0.047  A 87097
   3012.59684 12.214 12.253 12.342 12.375 12.290    0.032 0.034 0.036 0.041 0.049  A 87360
   3016.56762 12.159 12.190 12.234 12.226 12.226    0.096 0.054 0.048 0.051 0.056  B 87717
   3018.57910 12.353 12.353 12.357 12.370 12.350    0.038 0.039 0.040 0.043 0.047  A 87993
   3030.55316 12.257 12.209 12.214 12.198 12.261    0.027 0.027 0.026 0.030 0.034  A 88702
   3033.54691 12.312 12.237 12.229 12.234 12.256    0.030 0.038 0.044 0.049 0.053  B 88994
   3126.90844 12.129 12.084 12.045 12.030 12.030    0.079 0.085 0.093 0.099 0.104  D 100967
   3130.91130 12.238 12.245 12.227 12.194 12.233    0.046 0.037 0.038 0.043 0.048  A 101583
   3146.92576 12.197 12.190 12.144 12.124 12.083    0.035 0.036 0.038 0.043 0.047  A 103621
   3154.92418 12.331 12.337 12.347 12.376 12.437    0.025 0.026 0.025 0.029 0.032  A 104039
   3171.89583 12.164 12.206 12.254 12.259 12.205    0.030 0.030 0.031 0.037 0.042  A 106267
   3175.90871 12.179 12.194 12.211 12.228 12.222    0.040 0.043 0.048 0.053 0.057  B 106680
   3179.84660 12.181 12.163 12.138 12.116 12.086    0.027 0.026 0.024 0.027 0.031  A 107273
   3183.86047 12.462 12.469 12.391 12.385 12.398    0.028 0.027 0.027 0.032 0.036  A 107729
   3186.86993 12.248 12.152 12.096 12.073 12.019    0.050 0.057 0.064 0.074 0.078  D 108172
   3326.61989 12.196 12.163 12.170 12.149 12.137    0.036 0.025 0.024 0.028 0.030  A 121102
   3386.55712 12.254 12.247 12.272 12.297 12.296    0.075 0.039 0.035 0.039 0.042  A 126143
   3388.58650 12.387 12.337 12.325 12.323 12.368    0.062 0.033 0.030 0.033 0.037  A 126431
   3396.54661 12.258 12.277 12.298 12.292 12.314    0.037 0.029 0.032 0.040 0.045  A 127347
   3403.53115 12.321 12.380 12.394 12.393 12.406    0.033 0.030 0.033 0.039 0.045  A 128213
   3406.52932 12.119 12.118 12.099 12.095 12.115    0.038 0.025 0.025 0.029 0.033  A 128682
   3409.52298 12.283 12.246 12.242 12.256 12.311    0.037 0.027 0.027 0.031 0.035  A 129148
   3510.90752 12.198 12.164 12.181 12.176 12.227    0.032 0.030 0.023 0.025 0.028  A 143574
   3530.90434 12.295 12.330 12.368 12.413 12.431    0.037 0.032 0.032 0.035 0.039  A 146456
   3547.88860 12.167 12.107 12.086 12.049 12.064    0.055 0.050 0.054 0.063 0.073  B 148121
   3552.82789 12.346 12.295 12.323 12.353 12.416    0.049 0.031 0.028 0.031 0.034  A 148531
   3555.85209 12.116 12.084 12.039 12.021 12.015    0.063 0.054 0.057 0.061 0.064  D 148996
   3562.83263 12.171 12.160 12.148 12.136 12.141    0.045 0.029 0.027 0.030 0.033  A 149971
   3579.89315 12.358 12.336 12.341 12.330 12.330    0.045 0.031 0.026 0.027 0.029  A 152241
   3599.83949 12.267 12.268 12.300 12.302 12.267    0.030 0.031 0.027 0.031 0.035  A 155305
   3617.72316 12.078 12.121 12.146 12.148 12.171    0.050 0.041 0.035 0.038 0.043  A 157162
   3619.85074 12.231 12.300 12.361 12.424 12.453    0.059 0.044 0.045 0.050 0.056  B 157499
   3632.75905 12.382 12.391 12.365 12.354 12.386    0.036 0.030 0.030 0.035 0.041  A 159139
   3635.63955 12.498 12.556 12.577 12.669 12.856    0.064 0.068 0.066 0.077 0.089  D 159539
   3640.76339 12.179 12.109 12.092 12.102 12.117    0.039 0.030 0.026 0.029 0.032  A 160057
   3643.62060 12.170 12.209 12.216 12.241 12.274    0.028 0.027 0.022 0.025 0.028  A 160449
   3646.66951 12.184 12.194 12.175 12.156 12.146    0.031 0.031 0.025 0.026 0.028  A 160775
   3648.82059 12.277 12.288 12.307 12.309 12.417    0.076 0.073 0.074 0.081 0.089  D 161087
   3651.59947 12.205 12.178 12.178 12.177 12.197    0.044 0.031 0.025 0.027 0.030  A 161432
   3653.63820 12.340 12.328 12.366 12.438 12.466    0.043 0.031 0.030 0.037 0.044  A 161757
   3655.63684 12.279 12.309 12.309 12.336 12.363    0.045 0.030 0.025 0.029 0.032  A 162018
   3657.66580 12.157 12.117 12.139 12.216 12.274    0.054 0.033 0.027 0.031 0.035  A 162328
   3659.70205 12.135 12.186 12.179 12.150 12.131    0.031 0.029 0.027 0.031 0.036  A 162653
   3661.73097 12.333 12.361 12.379 12.426 12.419    0.042 0.033 0.031 0.035 0.040  A 162967
   3663.80953 12.182 12.232 12.252 12.293 12.319    0.032 0.033 0.033 0.040 0.048  A 163270
   3666.62606 12.354 12.338 12.366 12.379 12.369    0.050 0.030 0.024 0.026 0.028  A 163649
   3669.71960 12.244 12.211 12.203 12.192 12.198    0.035 0.028 0.022 0.024 0.026  A 164002
   3672.57497 12.412 12.456 12.463 12.474 12.535    0.037 0.030 0.024 0.026 0.030  A 164378
   3674.68391 12.201 12.244 12.245 12.250 12.270    0.033 0.025 0.023 0.026 0.028  A 164702
   3680.55818 12.175 12.193 12.192 12.193 12.199    0.032 0.027 0.023 0.025 0.028  A 165325
   3701.60749 12.427 12.414 12.390 12.370 12.431    0.064 0.044 0.042 0.047 0.052  B 168166
   3704.59708 12.206 12.165 12.185 12.185 12.184    0.036 0.034 0.034 0.042 0.048  A 168556
   3707.57815 12.281 12.252 12.275 12.266 12.300    0.047 0.029 0.024 0.027 0.029  A 168961
   3711.59305 12.131 12.158 12.121 12.091 12.086    0.054 0.031 0.027 0.030 0.032  A 169248
   3713.59261 12.152 12.162 12.145 12.150 12.168    0.040 0.028 0.025 0.028 0.031  A 169524
   3715.62602 12.171 12.146 99.999 99.999 99.999    0.082 0.046 0.043 0.050 0.056  C 169824
   3718.56497 12.311 12.288 12.302 12.318 12.383    0.050 0.036 0.036 0.040 0.043  A 170176
   3720.64693 12.184 12.203 12.202 12.201 12.223    0.046 0.035 0.034 0.040 0.046  A 170441
   3726.55921 12.200 12.203 12.186 12.162 12.201    0.051 0.034 0.034 0.039 0.044  A 171111
   3728.61667 12.338 12.300 12.307 12.326 12.391    0.086 0.052 0.046 0.050 0.055  B 171405
   3731.63618 12.131 12.110 12.113 12.135 12.143    0.051 0.041 0.041 0.046 0.050  B 171686
   3735.57336 12.082 12.115 12.127 12.161 12.185    0.066 0.033 0.027 0.030 0.033  A 172190
   3738.54252 12.273 12.248 12.253 12.273 12.301    0.044 0.028 0.024 0.027 0.029  A 172597
   3740.59011 12.208 12.237 12.248 12.280 12.297    0.036 0.028 0.025 0.028 0.030  A 172891
   3743.59018 12.327 12.304 12.295 12.292 12.330    0.033 0.027 0.026 0.031 0.034  A 173263
   3746.59414 12.381 12.350 12.356 12.366 12.391    0.043 0.035 0.038 0.047 0.055  B 173668
   3749.58168 12.203 12.221 12.192 12.172 12.183    0.047 0.040 0.042 0.054 0.064  B 174077
   3753.56144 12.248 12.268 12.301 12.331 12.308    0.041 0.034 0.035 0.039 0.045  A 174630
   3756.55388 12.249 12.253 12.274 12.326 12.379    0.039 0.035 0.038 0.045 0.053  B 175035
   3759.54399 12.171 12.175 12.159 12.141 12.121    0.043 0.034 0.036 0.045 0.052  B 175452
   3762.54684 12.378 12.446 12.526 12.614 12.665    0.042 0.034 0.036 0.041 0.048  A 175846
   3765.54021 12.213 12.219 12.241 12.255 12.233    0.046 0.031 0.032 0.036 0.041  A 176262
   3768.53264 12.221 12.257 12.261 12.258 12.255    0.049 0.031 0.033 0.037 0.042  A 176678
   3771.53398 12.313 12.328 12.307 12.266 12.274    0.038 0.030 0.034 0.040 0.047  A 177085
   3853.91192 12.281 12.266 12.225 12.197 12.224    0.052 0.032 0.029 0.031 0.035  A 187883
   3862.91648 12.241 12.277 12.306 12.335 12.402    0.047 0.030 0.027 0.030 0.033  A 189293
   3866.89175 12.132 12.193 12.215 12.229 12.215    0.058 0.036 0.029 0.032 0.035  A 189966
   3869.89468 12.240 12.206 12.220 12.216 12.278    0.056 0.041 0.042 0.051 0.060  B 190454
   3872.88849 12.326 12.316 12.318 12.279 12.228    0.061 0.039 0.035 0.039 0.042  A 191017
   3880.91630 12.169 12.169 12.202 12.229 12.230    0.038 0.030 0.031 0.038 0.043  A 191900
   3891.89693 12.232 12.206 12.224 12.232 12.285    0.043 0.031 0.026 0.029 0.032  A 193441
   3894.89907 12.335 12.381 12.369 12.378 12.411    0.031 0.030 0.023 0.025 0.028  A 193943
   3898.87667 12.341 12.312 12.275 12.200 12.154    0.079 0.043 0.039 0.043 0.047  B 194432
   3901.90154 12.433 12.380 12.341 12.290 12.274    0.042 0.033 0.030 0.036 0.041  A 194936
   3905.84873 12.319 12.299 12.266 12.237 12.223    0.063 0.036 0.033 0.036 0.039  A 195671
   3913.89234 12.190 12.176 12.185 12.178 12.169    0.071 0.042 0.039 0.041 0.044  A 197022
   3981.65084 12.237 12.205 12.227 12.253 12.266    0.037 0.028 0.024 0.027 0.031  A 203348
   4089.59605 12.313 12.296 12.288 12.269 12.275    0.042 0.028 0.025 0.028 0.031  A 209117
   4092.57706 12.206 12.180 12.179 12.173 12.164    0.043 0.031 0.029 0.034 0.038  A 209494
   4107.54374 12.145 12.152 12.138 12.107 12.093    0.040 0.025 0.021 0.024 0.027  A 211068
   4125.53884 12.262 12.228 12.242 12.241 12.274    0.062 0.059 0.039 0.038 0.041  B 211502
   4127.55509 12.238 12.229 12.230 12.239 12.254    0.042 0.031 0.028 0.032 0.035  A 211769
   4131.53307 12.128 12.126 12.131 12.114 12.079    0.038 0.030 0.030 0.035 0.039  A 212281
   4134.53496 12.240 12.270 12.284 12.301 12.313    0.075 0.038 0.033 0.040 0.045  A 212693
   4229.90830 12.346 12.385 12.373 12.370 12.366    0.049 0.037 0.030 0.033 0.037  A 223609
   4232.91114 12.273 12.282 12.295 12.326 12.353    0.044 0.041 0.040 0.044 0.049  A 224126
   4247.89820 12.207 12.214 12.236 12.237 12.252    0.035 0.033 0.028 0.031 0.036  A 226495
   4255.87665 12.258 12.232 12.244 12.205 12.185    0.036 0.034 0.034 0.041 0.047  A 227157
   4268.90155 12.355 12.389 12.414 12.409 12.419    0.045 0.047 0.044 0.048 0.052  B 228073
   4273.83964 12.128 12.203 12.212 12.243 12.259    0.036 0.036 0.029 0.032 0.035  A 228565
   4278.79447 12.222 12.247 12.232 12.263 12.296    0.040 0.034 0.032 0.036 0.042  A 229205
   4284.83136 12.248 12.191 12.246 12.308 12.327    0.047 0.035 0.028 0.031 0.035  A 229871
   4286.85226 12.085 12.130 12.153 12.185 12.229    0.060 0.064 0.073 0.086 0.099  D 230243
   4290.85893 12.407 12.433 12.445 12.480 12.453    0.054 0.048 0.041 0.044 0.042  B 230573
   4293.82588 12.201 12.215 12.173 12.125 12.119    0.045 0.042 0.043 0.049 0.051  B 231120
   4296.81596 12.185 12.207 12.225 12.255 12.231    0.047 0.042 0.040 0.047 0.055  B 231631
   4300.89040 12.239 12.197 12.222 12.206 12.202    0.043 0.042 0.042 0.047 0.052  B 232369
   4303.77625 12.336 12.349 12.366 12.363 12.366    0.044 0.043 0.038 0.042 0.044  A 232815
   4305.81236 12.428 12.468 12.437 12.415 12.391    0.039 0.037 0.030 0.031 0.033  A 233192
   4307.78587 12.418 12.375 12.350 12.362 12.359    0.042 0.035 0.031 0.033 0.035  A 233528
   4309.79339 12.281 12.301 12.305 12.304 12.327    0.036 0.032 0.027 0.031 0.035  A 233844
   4311.78468 12.344 12.256 12.108 12.029 12.002    0.048 0.047 0.054 0.069 0.076  B 234109
   4314.81393 12.380 12.414 12.436 12.463 12.462    0.035 0.035 0.029 0.030 0.033  A 234438
   4330.70133 12.289 12.366 12.366 12.330 12.329    0.044 0.042 0.038 0.040 0.042  A 235336
   4332.71926 12.207 12.247 12.257 12.246 12.268    0.032 0.030 0.026 0.030 0.032  A 235705
   4334.71015 12.239 12.156 12.129 12.115 12.115    0.036 0.037 0.040 0.044 0.046  A 236059
   4338.68302 12.140 12.138 12.165 12.177 12.169    0.036 0.036 0.029 0.031 0.033  A 236446
   4340.76517 12.478 12.473 12.452 12.452 12.487    0.036 0.035 0.030 0.034 0.039  A 236812
   4342.77275 12.479 12.450 12.392 12.413 12.496    0.078 0.072 0.076 0.083 0.089  D 237147
   4344.77744 12.221 12.218 12.178 12.145 12.127    0.077 0.083 0.088 0.103 0.111  D 237489
   4346.79320 12.102 12.049 11.985 11.956 12.035    0.080 0.085 0.085 0.087 0.089  D 237833
   4348.78011 12.260 12.284 12.295 12.353 12.418    0.069 0.053 0.050 0.054 0.056  B 238183
   4351.66639 12.309 12.345 12.401 12.501 12.607    0.046 0.039 0.038 0.044 0.052  B 238607
   4353.78463 12.387 12.392 12.404 12.383 12.402    0.032 0.030 0.024 0.026 0.029  A 238907
   4355.84603 12.180 12.148 12.108 12.071 12.043    0.029 0.029 0.024 0.028 0.031  A 239244
   4358.65582 12.363 12.331 12.345 12.307 12.317    0.041 0.039 0.033 0.034 0.036  A 239636
   4361.64102 12.232 12.250 12.296 12.286 12.246    0.038 0.035 0.028 0.028 0.029  A 240026
   4363.68231 12.359 12.365 12.412 12.433 12.479    0.031 0.031 0.026 0.030 0.032  A 240354
   4365.67961 12.414 12.434 12.460 12.457 12.462    0.030 0.029 0.024 0.028 0.030  A 240664
   4367.72340 12.187 12.164 12.142 12.097 12.059    0.043 0.039 0.036 0.042 0.049  A 240875
   4369.72226 12.310 12.288 12.277 12.268 12.261    0.039 0.038 0.035 0.040 0.045  A 241172
   4371.74551 12.119 12.192 12.170 12.122 12.128    0.049 0.036 0.032 0.038 0.044  A 241509
   4373.75812 12.319 12.326 12.312 12.322 12.293    0.061 0.038 0.033 0.037 0.042  A 241807
   4376.74774 12.194 12.199 12.178 12.140 12.147    0.039 0.034 0.031 0.037 0.043  A 242161
   4379.60007 12.274 12.250 12.328 12.394 12.408    0.032 0.029 0.025 0.029 0.031  A 242561
   4381.66077 12.336 12.376 12.357 12.367 12.405    0.036 0.035 0.034 0.038 0.043  A 242881
   4385.70092 12.390 12.377 12.396 12.400 12.419    0.039 0.034 0.025 0.027 0.028  A 243514
   4387.72962 12.104 12.220 12.203 12.266 12.320    0.043 0.040 0.035 0.038 0.042  A 243840
   4389.70832 12.125 12.094 12.096 12.091 12.081    0.040 0.039 0.036 0.042 0.048  A 244132
   4393.65704 12.228 12.228 12.233 12.207 12.139    0.069 0.051 0.050 0.058 0.067  B 244655
   4399.75180 12.270 12.297 12.329 12.350 12.360    0.040 0.035 0.035 0.043 0.052  B 244871
   4402.78872 12.311 12.414 12.432 12.476 12.528    0.058 0.038 0.034 0.039 0.045  A 245164
   4406.66635 12.180 12.223 12.200 12.184 12.164    0.053 0.041 0.037 0.041 0.045  A 245442
   4408.69686 12.215 12.203 12.210 12.207 12.190    0.053 0.035 0.028 0.032 0.036  A 245750
   4411.65720 12.347 12.443 12.488 12.496 12.504    0.072 0.041 0.038 0.040 0.043  A 246103
   4420.67929 12.220 12.198 12.261 12.324 12.361    0.058 0.043 0.044 0.051 0.056  B 246474
   4422.70977 12.163 12.193 12.217 12.243 12.258    0.033 0.026 0.025 0.028 0.032  A 246680
   4426.64960 12.373 12.341 12.363 12.413 12.490    0.049 0.038 0.037 0.045 0.052  B 246952
   4428.69839 12.227 12.171 12.192 12.195 12.258    0.045 0.034 0.035 0.043 0.050  A 247190
   4431.59452 12.290 12.269 12.305 12.295 12.306    0.041 0.034 0.030 0.034 0.038  A 247518
   4433.67316 12.250 12.250 12.212 12.132 12.110    0.038 0.032 0.032 0.038 0.045  A 247806
   4436.60855 12.626 12.466 12.361 12.267 12.259    0.085 0.055 0.049 0.050 0.052  B 248147
   4438.67329 12.364 12.404 12.433 12.487 12.541    0.043 0.036 0.036 0.041 0.045  A 248418
   4441.60399 12.261 12.359 12.379 12.420 12.431    0.096 0.067 0.047 0.050 0.040  D 248770
   4444.60978 12.530 12.585 12.649 12.719 12.791    0.036 0.036 0.033 0.036 0.038  A 249077
   4452.61474 12.225 12.251 12.238 12.250 12.276    0.038 0.028 0.026 0.028 0.031  A 250011
   4455.59782 12.266 12.303 12.317 12.305 12.311    0.038 0.032 0.033 0.039 0.045  A 250327
   4458.57819 12.332 12.312 12.369 12.440 12.459    0.041 0.033 0.033 0.039 0.046  A 250678
   4461.57735 12.365 12.324 12.360 12.373 12.343    0.051 0.047 0.045 0.038 0.033  B 251013
   4464.57377 12.251 12.219 12.228 12.229 12.264    0.037 0.033 0.030 0.032 0.035  A 251396
   4467.56419 12.457 12.419 12.374 12.332 12.253    0.048 0.037 0.039 0.043 0.046  A 251731
   4470.56602 12.270 12.329 12.306 12.300 12.286    0.041 0.033 0.031 0.034 0.038  A 252076
   4474.57368 12.357 12.366 12.355 12.352 12.318    0.037 0.029 0.029 0.035 0.039  A 252455
   4477.55253 12.187 12.210 12.201 12.206 12.222    0.040 0.030 0.027 0.031 0.036  A 252750
   4480.54852 12.247 12.125 12.104 12.010 11.996    0.075 0.082 0.086 0.094 0.099  D 253107
   4483.56457 12.394 12.425 12.401 12.440 12.533    0.084 0.086 0.089 0.093 0.096  D 253434
   4486.57740 12.276 12.294 12.352 12.412 12.421    0.043 0.035 0.036 0.044 0.051  A 253689
   4489.55975 12.202 12.287 12.290 12.224 12.223    0.042 0.033 0.031 0.036 0.042  A 254036
   4492.55491 12.143 12.168 12.155 12.167 12.176    0.038 0.032 0.030 0.035 0.041  A 254372
   4499.53330 12.190 12.194 12.208 12.226 12.214    0.047 0.033 0.033 0.036 0.040  A 254993
#dataset= 2 ; 2 F0000-56_060
#desig= 002526-5741.1
#cra=    0.423997  00:25:26.4
#cdec= -57.685755 -57:41:08.7
#class= 0
#cmag_0= 12.448
#cmer_0=  0.073
#nskip_0= 0
#cmag_1= 12.429
#cmer_1=  0.041
#nskip_1= 0
#cmag_2= 12.499
#cmer_2=  0.002
#nskip_2= 0
#cmag_3= 12.629
#cmer_3=  0.021
#nskip_3= 0
#cmag_4= 12.631
#cmer_4=  0.112
#nskip_4= 0
#ra=    0.423997  00:25:26.4
#dec= -57.685755 -57:41:08.7
#     HJD      MAG_0  MAG_1  MAG_2  MAG_3  MAG_4    MER_0 MER_1 MER_2 MER_3 MER_4 GRADE FRAME
   2242.55960 12.335 12.400 12.487 12.593 12.502    0.048 0.044 0.037 0.043 0.041  A 41867
   2244.59630 29.999 29.999 29.999 29.999 29.999    0.055 0.049 0.042 0.047 0.045  C 42162
   2248.54665 29.999 29.999 29.999 29.999 29.999    0.052 0.045 0.037 0.043 0.042  C 42459
   2254.58385 29.999 29.999 29.999 29.999 29.999    0.056 0.048 0.038 0.045 0.042  C 43448
   2263.57844 12.438 12.457 12.489 12.621 12.659    0.076 0.062 0.050 0.057 0.059  D 44682
   2265.56951 29.999 29.999 29.999 29.999 29.999    0.079 0.060 0.048 0.057 0.058  C 44949
   2271.54783 12.571 12.432 12.522 12.673 12.734    0.075 0.062 0.053 0.063 0.065  D 45527
   4298.88408 29.999 29.999 29.999 29.999 29.999    0.045 0.045 0.045 0.053 0.062  C 232013
#ndata= 479
#dataset= 3 ; 1 F0048-56_061
#desig= 002524-5740.9
#cra=    0.423450  00:25:24.4
#cdec= -57.682151 -57:40:55.7
#class= 0
#cmag_0= 12.244
#cmer_0=  0.073
#nskip_0= 5
#cmag_1= 12.250
#cmer_1=  0.074
#nskip_1= 4
#cmag_2= 12.257
#cmer_2=  0.079
#nskip_2= 2
#cmag_3= 12.265
#cmer_3=  0.086
#nskip_3= 3
#cmag_4= 12.275
#cmer_4=  0.097
#nskip_4= 3
#ra=    0.423450  00:25:24.4
#dec= -57.682151 -57:40:55.7
#     HJD      MAG_0  MAG_1  MAG_2  MAG_3  MAG_4    MER_0 MER_1 MER_2 MER_3 MER_4 GRADE FRAME
   1868.56058 12.127 12.162 12.171 12.172 12.130    0.049 0.022 0.020 0.023 0.024  A 48
   1869.55630 12.228 12.233 12.251 12.281 12.304    0.038 0.021 0.018 0.021 0.023  A 208
   1871.55570 12.248 12.227 12.211 12.215 12.229    0.072 0.028 0.024 0.026 0.029  A 492
   1873.55236 12.230 12.220 12.211 12.204 12.190    0.067 0.030 0.026 0.029 0.031  A 806
   1875.54228 12.162 12.162 12.169 12.177 12.195    0.068 0.033 0.030 0.026 0.028  A 1124
   1877.54317 12.152 12.182 12.197 12.222 12.255    0.053 0.026 0.023 0.026 0.028  A 1446
   1879.53273 12.137 12.157 12.163 12.153 12.169    0.037 0.021 0.018 0.020 0.022  A 1755
   1881.54255 12.143 12.164 12.185 12.229 12.272    0.043 0.023 0.019 0.022 0.024  A 2072
   1885.52838 12.167 12.232 12.243 12.231 12.259    0.043 0.026 0.023 0.025 0.028  A 2377
   1887.55573 12.320 12.333 12.334 12.341 12.380    0.041 0.022 0.021 0.024 0.027  A 2708
   1889.56754 12.259 12.233 12.235 12.225 12.211    0.044 0.027 0.024 0.027 0.032  A 3033
   1900.57279 12.296 12.245 12.266 12.283 12.300    0.048 0.030 0.023 0.025 0.030  A 3325
   1903.58730 12.352 12.351 12.370 12.399 12.435    0.043 0.024 0.020 0.021 0.024  A 3647
   1905.59521 12.336 12.282 12.292 12.301 12.301    0.038 0.021 0.017 0.019 0.022  A 3972
   1914.57511 12.378 12.286 12.279 12.281 12.328    0.034 0.022 0.019 0.022 0.024  A 4743
   1919.58006 12.203 12.235 12.292 12.331 12.384    0.036 0.028 0.025 0.028 0.033  A 5279
   1922.54717 12.359 12.362 12.388 12.416 12.438    0.028 0.025 0.020 0.021 0.025  A 5736
   1925.54927 12.170 12.185 12.183 12.192 12.150    0.052 0.042 0.041 0.045 0.048  B 6241
   1929.54030 12.291 12.288 12.269 12.253 12.276    0.039 0.024 0.021 0.024 0.027  A 6885
   1933.52581 12.412 12.415 12.379 12.325 12.374    0.033 0.030 0.023 0.026 0.028  A 7544
   2033.91922 12.273 12.287 12.266 12.260 12.216    0.035 0.025 0.022 0.024 0.026  A 18571
   2052.92994 12.152 12.176 12.198 12.172 12.161    0.059 0.031 0.027 0.029 0.032  A 19945
   2054.89365 12.261 12.267 12.296 12.337 12.377    0.077 0.032 0.030 0.032 0.034  A 20360
   2056.88125 12.243 12.308 12.335 12.384 12.434    0.065 0.030 0.026 0.028 0.030  A 20804
   2058.90163 12.157 12.173 12.181 12.181 12.168    0.048 0.026 0.025 0.029 0.032  A 21255
   2064.93962 12.340 12.315 12.331 12.323 12.299    0.067 0.029 0.025 0.026 0.029  A 21678
   2067.87361 12.294 12.299 12.305 12.322 12.301    0.067 0.031 0.026 0.029 0.030  A 21952
   2068.84195 12.127 12.185 12.196 12.259 12.280    0.073 0.044 0.046 0.054 0.061  B 22164
   2069.83966 12.275 12.279 12.229 12.213 12.211    0.068 0.030 0.027 0.030 0.035  A 22386
   2080.83527 12.290 12.325 12.314 12.298 12.265    0.059 0.025 0.022 0.025 0.028  A 22984
   2082.89118 12.093 12.105 12.111 12.112 12.135    0.063 0.032 0.026 0.029 0.032  A 23474
   2087.84500 12.261 12.271 12.251 12.301 12.327    0.061 0.029 0.026 0.030 0.034  A 24353
   2088.85935 12.167 12.171 12.176 12.162 12.169    0.065 0.028 0.025 0.027 0.030  A 24588
   2093.88986 12.317 12.254 12.249 12.235 12.228    0.070 0.034 0.028 0.030 0.033  A 24884
   2094.81705 12.292 12.213 12.229 12.269 12.244    0.072 0.034 0.030 0.033 0.035  A 25077
   2095.79959 12.344 12.353 12.346 12.307 12.262    0.072 0.036 0.033 0.039 0.043  A 25296
   2103.76025 12.222 12.197 12.179 12.172 12.167    0.060 0.030 0.026 0.027 0.029  A 25864
   2104.84394 12.244 12.288 12.274 12.246 12.248    0.058 0.029 0.025 0.026 0.028  A 26097
   2105.82846 12.226 12.249 12.293 12.316 12.287    0.065 0.033 0.027 0.029 0.032  A 26313
   2106.85015 12.135 12.194 12.229 12.257 12.253    0.059 0.030 0.026 0.028 0.030  A 26525
   2113.86492 12.153 12.212 12.229 12.236 12.255    0.045 0.027 0.022 0.024 0.027  A 26647
   2115.76502 12.338 12.292 12.283 12.279 12.295    0.056 0.039 0.024 0.026 0.027  A 26920
   2116.79620 12.150 12.181 12.202 12.227 12.226    0.046 0.028 0.023 0.024 0.027  A 27156
   2117.79715 12.372 12.368 12.402 12.446 12.450    0.054 0.031 0.025 0.026 0.030  A 27375
   2128.71281 12.197 12.221 12.227 12.209 12.199    0.058 0.029 0.026 0.028 0.030  A 27972
   2129.73677 12.230 12.201 12.182 12.167 12.156    0.061 0.029 0.024 0.025 0.028  A 28197
   2130.74978 12.375 12.287 12.295 12.322 12.325    0.060 0.028 0.024 0.027 0.029  A 28419
   2131.76011 12.234 12.203 12.229 12.243 12.232    0.062 0.029 0.024 0.026 0.028  A 28623
   2132.77159 12.340 12.343 12.375 12.409 12.444    0.064 0.028 0.024 0.026 0.029  A 28840
   2133.77147 12.240 12.230 12.227 12.242 12.262    0.050 0.029 0.026 0.026 0.029  A 29056
   2134.76486 12.286 12.285 12.290 12.316 12.325    0.054 0.034 0.028 0.028 0.029  A 29267
   2135.76786 12.216 12.235 12.193 12.173 12.214    0.070 0.050 0.051 0.060 0.069  B 29483
   2136.76135 12.225 12.278 12.300 12.327 12.369    0.064 0.042 0.038 0.040 0.043  A 29694
   2141.74902 12.294 12.320 12.322 12.328 12.335    0.058 0.027 0.025 0.028 0.029  A 30443
   2143.74250 12.280 12.344 12.366 12.369 12.405    0.062 0.035 0.029 0.030 0.032  A 30845
   2144.74492 12.134 12.172 12.178 12.176 12.180    0.066 0.031 0.026 0.028 0.030  A 31051
   2156.67992 12.199 12.228 12.258 12.276 12.215    0.053 0.035 0.028 0.030 0.033  A 31667
   2164.69839 12.240 12.291 12.303 12.294 12.298    0.043 0.033 0.027 0.028 0.031  A 31934
   2168.69416 12.189 12.203 12.230 12.257 12.264    0.058 0.031 0.025 0.026 0.037  A 32290
   2169.71030 12.383 12.426 12.441 12.460 12.455    0.041 0.031 0.024 0.026 0.028  A 32450
   2170.74262 12.264 12.299 12.299 12.289 12.340    0.056 0.037 0.032 0.035 0.039  A 32507
   2171.68357 12.409 12.393 12.400 12.420 12.433    0.052 0.036 0.030 0.032 0.036  A 32622
   2172.70701 12.175 12.162 12.167 12.161 12.189    0.049 0.034 0.027 0.028 0.031  A 32820
   2173.68081 12.294 12.293 12.293 12.286 12.300    0.047 0.034 0.027 0.029 0.032  A 32997
   2174.67181 12.150 12.146 12.143 12.151 12.178    0.046 0.033 0.027 0.029 0.033  A 33168
   2177.65054 12.305 12.327 12.335 12.330 12.322    0.046 0.034 0.027 0.029 0.032  A 33432
   2178.65082 12.158 12.177 12.182 12.183 12.208    0.046 0.035 0.029 0.030 0.033  A 33607
   2183.60588 12.389 12.442 12.420 12.379 12.334    0.047 0.039 0.031 0.031 0.033  A 33874
   2184.63735 12.239 12.289 12.323 12.356 12.390    0.048 0.038 0.029 0.031 0.034  A 34080
   2185.64355 12.222 12.205 12.229 12.241 12.265    0.044 0.035 0.028 0.030 0.034  A 34269
   2186.67862 12.312 12.296 12.329 12.346 12.345    0.035 0.038 0.029 0.031 0.032  A 34399
   2190.64430 12.305 12.271 12.319 12.362 12.387    0.036 0.037 0.029 0.030 0.027  A 34942
   2191.65917 12.168 12.252 12.251 12.243 12.244    0.052 0.042 0.035 0.036 0.038  A 35124
   2192.64473 12.266 12.259 12.248 12.239 12.209    0.046 0.033 0.025 0.027 0.028  A 35292
   2193.64359 12.189 12.246 12.248 12.257 12.279    0.043 0.034 0.026 0.028 0.029  A 35474
   2194.64153 12.239 12.308 12.295 12.280 12.301    0.046 0.036 0.026 0.027 0.028  A 35652
   2195.64135 12.210 12.198 12.209 12.242 12.263    0.043 0.033 0.025 0.027 0.028  A 35829
   2196.64043 12.170 12.126 12.124 12.108 12.122    0.047 0.037 0.028 0.028 0.030  A 35961
   2197.63786 12.331 12.275 12.289 12.299 12.338    0.044 0.034 0.026 0.027 0.029  A 36144
   2198.63444 12.260 12.228 12.215 12.207 12.216    0.046 0.034 0.026 0.027 0.029  A 36314
   2199.63281 12.302 12.303 12.286 12.279 12.278    0.044 0.037 0.027 0.029 0.029  A 36493
   2201.62157 12.287 12.360 12.370 12.379 12.404    0.040 0.035 0.026 0.028 0.028  A 36737
   2202.62910 12.223 12.184 12.173 12.205 12.285    0.062 0.054 0.049 0.053 0.057  B 36908
   2203.61858 12.339 12.329 12.351 12.377 12.395    0.045 0.036 0.028 0.029 0.031  A 37077
   2204.61204 12.181 12.192 12.207 12.198 12.179    0.042 0.035 0.027 0.028 0.029  A 37201
   2206.61312 12.225 12.273 12.254 12.261 12.277    0.042 0.036 0.028 0.030 0.031  A 37477
   2207.60743 12.231 12.242 12.226 12.195 12.166    0.046 0.039 0.031 0.032 0.034  A 37647
   2211.56730 12.280 12.372 12.331 12.304 12.294    0.046 0.043 0.035 0.037 0.034  A 37822
   2213.57382 12.255 12.241 12.229 12.228 12.254    0.042 0.039 0.030 0.032 0.033  A 38061
   2214.60438 12.323 12.407 12.395 12.372 12.407    0.048 0.040 0.031 0.034 0.035  A 38222
   2215.60439 12.161 12.117 12.153 12.231 12.313    0.045 0.040 0.032 0.036 0.034  A 38389
   2216.60449 12.271 12.273 12.289 12.279 12.232    0.045 0.039 0.029 0.034 0.033  A 38559
   2217.60414 12.161 12.161 12.177 12.169 12.161    0.044 0.039 0.029 0.033 0.031  A 38726
   2219.57507 12.197 12.172 12.170 12.174 12.140    0.044 0.039 0.031 0.037 0.035  A 38887
   2221.58727 12.244 12.190 12.217 12.271 12.334    0.049 0.042 0.031 0.034 0.031  A 39009
   2222.58973 12.241 12.261 12.254 12.303 12.319    0.041 0.035 0.027 0.033 0.031  A 39165
   2224.58024 12.202 12.171 12.173 12.195 12.232    0.047 0.041 0.034 0.038 0.035  A 39322
   2225.58473 12.326 12.275 12.309 12.357 12.367    0.052 0.042 0.031 0.033 0.034  A 39487
   2226.58539 12.118 12.155 12.157 12.179 12.214    0.044 0.039 0.031 0.037 0.033  A 39642
   2227.58376 12.343 12.326 12.350 12.353 12.335    0.043 0.037 0.029 0.034 0.031  A 39794
   2229.57829 12.301 12.321 12.329 12.333 12.299    0.047 0.040 0.031 0.034 0.032  A 40117
   2230.57611 12.228 12.298 12.261 12.245 12.254    0.045 0.039 0.030 0.036 0.033  A 40281
   2232.56649 12.188 12.220 12.241 12.266 12.292    0.043 0.038 0.030 0.034 0.032  A 40444
   2233.56717 12.237 12.262 12.306 12.281 12.285    0.049 0.041 0.032 0.035 0.032  A 40605
   2234.55649 12.219 12.213 12.199 12.180 12.226    0.047 0.042 0.033 0.038 0.037  A 40755
   2235.55616 12.297 12.223 12.234 12.261 12.248    0.047 0.038 0.029 0.033 0.031  A 40910
   2236.55045 12.202 12.171 12.191 12.234 12.253    0.048 0.043 0.034 0.040 0.035  A 41070
   2237.57157 12.254 12.214 12.238 12.271 12.316    0.047 0.042 0.033 0.038 0.036  A 41236
   2240.53230 12.169 12.127 12.135 12.142 12.136    0.049 0.042 0.035 0.038 0.032  A 41536
   2244.59007 12.315 12.309 12.321 12.340 12.287    0.062 0.051 0.042 0.050 0.047  B 42159
   2248.52676 12.417 12.452 12.494 12.565 12.574    0.053 0.044 0.036 0.044 0.043  A 42450
   2252.56810 12.045 12.138 12.172 12.218 12.265    0.056 0.044 0.037 0.044 0.043  A 43149
   2254.56186 12.246 12.272 12.261 12.249 12.252    0.055 0.046 0.036 0.045 0.043  B 43438
   2256.56070 12.172 12.196 12.241 12.306 12.336    0.056 0.049 0.041 0.045 0.043  B 43754
   2258.56382 12.190 12.146 12.187 12.193 12.231    0.061 0.051 0.043 0.049 0.048  B 44079
   2444.83877 12.207 12.221 12.216 12.214 12.220    0.024 0.027 0.020 0.021 0.020  A 8966
   2446.83396 12.321 12.288 12.284 12.280 12.300    0.030 0.031 0.023 0.024 0.024  A 9341
   2452.81748 12.356 12.308 12.327 12.390 12.373    0.035 0.035 0.028 0.030 0.031  A 9527
   2453.77494 12.186 12.215 12.185 12.177 12.168    0.032 0.032 0.026 0.029 0.029  A 9692
   2465.85301 12.198 12.147 12.126 12.118 12.139    0.040 0.040 0.035 0.038 0.034  A 11153
   2467.83881 12.193 12.183 12.178 12.182 12.164    0.024 0.028 0.021 0.024 0.022  A 11584
   2468.90224 12.238 12.204 12.224 12.230 12.256    0.030 0.032 0.026 0.029 0.028  A 11828
   2470.80359 12.308 12.250 12.234 12.200 12.217    0.032 0.033 0.026 0.030 0.028  A 12068
   2471.91016 12.244 12.295 12.319 12.357 12.352    0.031 0.034 0.027 0.032 0.026  A 12593
   2473.86000 12.189 12.215 12.226 12.215 12.198    0.039 0.039 0.034 0.042 0.037  A 12780
   2481.82003 12.189 12.203 12.249 12.299 12.318    0.054 0.049 0.044 0.051 0.050  B 13028
   2482.71707 12.379 12.407 12.416 12.429 12.433    0.044 0.039 0.034 0.040 0.036  A 13190
   2486.78673 12.316 12.279 12.265 12.261 12.237    0.047 0.042 0.037 0.042 0.044  A 13388
   2487.80074 12.244 12.298 12.282 12.297 12.310    0.061 0.055 0.048 0.051 0.052  B 13550
   2489.76067 12.408 12.379 12.390 12.416 12.389    0.039 0.040 0.035 0.040 0.041  A 13901
   2490.78551 12.211 12.242 12.287 12.313 12.334    0.039 0.039 0.033 0.040 0.037  A 14130
   2493.78788 12.232 12.181 12.194 12.191 12.155    0.047 0.045 0.039 0.044 0.038  A 14539
   2495.72557 12.335 12.327 12.369 12.394 12.405    0.038 0.037 0.032 0.039 0.034  A 14839
   2498.76241 12.371 12.330 12.326 12.302 12.346    0.031 0.034 0.026 0.030 0.024  A 15491
   2499.76139 12.188 12.185 12.194 12.205 12.216    0.031 0.034 0.026 0.030 0.025  A 15700
   2500.73530 12.223 12.231 12.252 12.261 12.272    0.033 0.036 0.028 0.030 0.026  A 15903
   2501.76221 12.105 12.144 12.176 12.185 12.182    0.032 0.033 0.027 0.030 0.023  A 16063
   2502.76901 12.316 12.342 12.324 12.336 12.334    0.042 0.039 0.032 0.038 0.031  A 16278
   2503.76016 29.999 29.999 29.999 29.999 29.999    0.071 0.065 0.059 0.063 0.060  D 16478
   2510.69761 29.999 29.999 29.999 29.999 29.999    0.063 0.065 0.064 0.078 0.092  D 17001
   2520.77907 12.292 12.367 12.366 12.385 12.392    0.054 0.047 0.037 0.039 0.029  A 18260
   2526.79362 12.248 12.188 12.225 12.234 12.210    0.050 0.048 0.036 0.030 0.026  A 18909
   2529.68956 12.279 12.273 12.261 12.246 12.228    0.050 0.041 0.031 0.034 0.030  A 19099
   2539.64844 12.252 12.302 12.270 12.285 12.302    0.059 0.049 0.044 0.049 0.046  B 19525
   2540.72424 12.215 12.286 12.287 12.290 12.310    0.027 0.023 0.018 0.020 0.023  A 19747
   2544.71887 12.252 12.320 12.300 12.295 12.333    0.023 0.029 0.021 0.020 0.021  A 20017
   2545.75728 12.182 12.173 12.179 12.187 12.214    0.026 0.020 0.017 0.018 0.020  A 20223
   2552.78188 12.181 12.172 12.187 12.177 12.185    0.038 0.025 0.022 0.021 0.022  A 21206
   2554.61825 12.167 12.205 12.205 12.258 12.251    0.054 0.046 0.040 0.043 0.045  A 21500
   2556.67831 12.324 12.304 12.317 12.349 12.375    0.040 0.039 0.036 0.042 0.034  A 21708
   2558.70356 12.187 12.196 12.217 12.246 12.237    0.043 0.027 0.021 0.021 0.021  A 22075
   2559.67391 12.206 12.249 12.204 12.183 12.194    0.029 0.027 0.018 0.018 0.019  A 22243
   2560.67245 12.205 12.280 12.264 12.217 12.174    0.033 0.034 0.030 0.027 0.027  A 22421
   2562.65541 12.224 12.262 12.247 12.250 12.227    0.023 0.032 0.024 0.025 0.026  A 22742
   2563.66719 12.295 12.293 12.331 12.373 12.364    0.042 0.031 0.026 0.026 0.027  A 22926
   2564.66639 12.127 12.218 12.218 12.252 12.280    0.033 0.028 0.023 0.024 0.026  A 23105
   2565.68916 12.248 12.317 12.311 12.316 12.299    0.024 0.027 0.022 0.022 0.023  A 23293
   2566.70171 12.215 12.165 12.136 12.159 12.168    0.031 0.034 0.026 0.027 0.026  A 23477
   2578.66382 12.328 12.333 12.346 12.327 12.351    0.028 0.031 0.022 0.022 0.021  A 24957
   2621.60707 12.219 12.240 12.236 12.246 12.269    0.024 0.022 0.020 0.022 0.024  A 29787
   2622.67405 12.289 12.302 12.292 12.294 12.325    0.035 0.023 0.022 0.024 0.027  A 29983
   2624.69861 12.272 12.223 12.225 12.243 99.999    0.044 0.025 0.025 0.028 0.032  C 30278
   2635.62121 12.303 12.323 12.344 12.348 12.334    0.027 0.021 0.018 0.019 0.021  A 32221
   2637.63178 12.366 12.365 12.358 12.351 12.369    0.021 0.019 0.019 0.021 0.024  A 32517
   2639.62952 12.311 12.314 12.329 12.341 12.376    0.037 0.026 0.022 0.022 0.024  A 32824
   2641.63214 12.224 12.241 12.243 12.248 12.274    0.030 0.021 0.020 0.022 0.024  A 33108
   2643.64144 12.202 12.210 12.225 12.252 12.303    0.033 0.021 0.019 0.021 0.024  A 33423
   2645.60933 12.173 12.151 12.181 12.188 12.188    0.034 0.023 0.019 0.020 0.022  A 33707
   2647.59553 12.187 12.186 12.203 12.219 12.255    0.033 0.028 0.027 0.029 0.033  A 33999
   2650.57797 12.281 12.279 12.278 12.295 12.311    0.027 0.024 0.021 0.021 0.023  A 34256
   2652.58868 12.232 12.229 12.237 12.245 12.278    0.040 0.029 0.027 0.029 0.033  A 34566
   2654.59666 12.312 12.279 12.305 12.365 12.425    0.039 0.030 0.023 0.024 0.027  A 34879
   2658.56128 12.252 12.241 12.242 12.272 12.313    0.036 0.025 0.022 0.025 0.028  A 35568
   2664.56161 12.173 12.172 12.168 12.154 12.150    0.036 0.037 0.026 0.025 0.026  A 36593
   2666.55901 12.211 12.225 12.211 12.210 12.211    0.038 0.029 0.023 0.023 0.026  A 36919
   2668.56475 12.185 12.229 12.219 12.205 12.216    0.028 0.034 0.023 0.022 0.024  A 37244
   2670.56018 12.219 12.244 12.249 12.258 12.262    0.026 0.020 0.019 0.020 0.022  A 37558
   2672.56319 12.297 12.257 12.263 12.308 12.339    0.027 0.022 0.020 0.021 0.022  A 37894
   2674.55330 12.238 12.292 12.351 12.417 12.502    0.023 0.022 0.019 0.021 0.023  A 38233
   2676.54681 12.348 12.336 12.364 12.396 12.393    0.027 0.023 0.020 0.021 0.024  A 38596
   2678.54372 12.342 12.360 12.318 12.316 12.346    0.026 0.022 0.021 0.023 0.027  A 38937
   2680.55110 12.300 12.310 12.316 12.319 12.303    0.034 0.026 0.024 0.027 0.030  A 39270
   2683.53872 12.214 12.244 12.282 12.310 12.366    0.030 0.026 0.024 0.027 0.031  A 39774
   2686.52762 12.206 12.193 12.153 12.158 12.152    0.035 0.027 0.029 0.034 0.039  A 40316
   2688.53532 12.228 12.203 12.223 12.262 12.297    0.031 0.025 0.025 0.029 0.033  A 40683
   2691.51394 12.314 12.332 12.364 12.379 12.399    0.028 0.025 0.023 0.026 0.029  A 41231
   2698.50681 12.236 12.327 12.396 12.417 12.310    0.031 0.031 0.032 0.038 0.044  A 42455
   2755.92368 12.306 12.230 12.229 12.223 12.271    0.026 0.028 0.025 0.027 0.031  A 52582
   2760.92358 12.351 12.351 12.411 12.443 12.509    0.027 0.029 0.024 0.026 0.029  A 53548
   2764.91398 12.367 12.358 12.362 12.322 12.274    0.029 0.026 0.025 0.029 0.034  A 54366
   2776.92703 12.308 12.309 12.299 12.288 12.285    0.030 0.030 0.029 0.031 0.034  A 55430
   2783.87868 12.203 12.259 12.256 12.261 12.271    0.036 0.027 0.025 0.026 0.029  A 56033
   2786.89047 12.362 12.374 12.358 12.382 12.378    0.025 0.021 0.019 0.020 0.022  A 56675
   2809.83619 12.228 12.226 12.248 12.250 12.262    0.027 0.031 0.026 0.025 0.025  A 59588
   2811.87611 12.125 12.125 12.128 12.133 12.155    0.025 0.028 0.027 0.028 0.029  A 60056
   2813.87844 12.102 12.146 12.145 12.175 12.188    0.025 0.025 0.023 0.023 0.024  A 60514
   2819.91227 12.310 12.284 12.240 12.219 12.224    0.039 0.046 0.042 0.049 0.052  B 61407
   2830.77486 12.144 12.229 12.224 12.235 12.268    0.030 0.032 0.028 0.033 0.036  A 62563
   2832.82596 12.315 12.279 12.255 12.242 12.189    0.027 0.029 0.025 0.029 0.030  A 63031
   2836.88889 12.276 12.291 12.390 12.507 12.564    0.045 0.053 0.053 0.060 0.064  B 63781
   2839.88231 12.230 12.313 12.301 12.342 12.370    0.053 0.056 0.053 0.058 0.064  B 64211
   2841.83300 12.149 12.120 12.087 12.094 12.116    0.028 0.031 0.026 0.029 0.031  A 64609
   2844.88981 12.171 12.221 12.222 12.195 12.167    0.022 0.027 0.022 0.025 0.024  A 65108
   2853.76500 12.269 12.242 12.265 12.279 12.257    0.020 0.027 0.024 0.027 0.025  A 65714
   2856.80941 12.210 12.189 12.274 12.356 12.463    0.029 0.031 0.025 0.028 0.031  A 66128
   2858.86363 12.224 12.327 12.321 12.345 12.355    0.021 0.026 0.022 0.023 0.021  A 66417
   2860.76811 12.180 12.208 12.237 12.259 12.227    0.024 0.029 0.027 0.028 0.030  A 66806
   2862.74573 12.207 12.168 12.208 12.231 12.220    0.028 0.030 0.024 0.027 0.031  A 67214
   2872.81486 12.208 12.214 12.193 12.156 12.142    0.021 0.029 0.026 0.029 0.027  A 68235
   2875.82333 12.212 12.238 12.203 12.206 12.226    0.024 0.038 0.026 0.023 0.021  A 68630
   2877.78353 12.367 12.318 12.294 12.310 12.336    0.023 0.038 0.034 0.035 0.032  A 69010
   2880.75024 12.255 12.165 12.128 12.114 12.128    0.026 0.033 0.031 0.031 0.030  A 69412
   2883.79771 12.161 12.219 12.218 12.197 12.191    0.028 0.022 0.016 0.017 0.018  A 69688
   2885.70971 12.258 12.322 12.316 12.316 12.304    0.021 0.028 0.025 0.027 0.028  A 70056
   2886.81390 12.321 12.347 12.320 12.284 12.263    0.028 0.035 0.032 0.031 0.031  A 70312
   2892.76382 12.289 12.348 12.407 12.435 12.390    0.029 0.024 0.024 0.025 0.029  A 70729
   2894.66989 12.106 12.165 12.154 12.105 12.067    0.035 0.035 0.033 0.034 0.037  A 71091
   2895.79277 12.290 12.385 12.382 12.385 12.356    0.025 0.027 0.024 0.028 0.028  A 71336
   2897.81160 12.294 12.275 12.279 12.311 12.355    0.022 0.025 0.019 0.020 0.022  A 71743
   2899.77143 12.307 12.349 12.366 12.393 12.393    0.026 0.036 0.030 0.028 0.028  A 72089
   2902.74025 12.222 12.188 12.189 12.194 12.170    0.023 0.027 0.022 0.022 0.023  A 72556
   2905.66025 12.140 12.120 12.113 12.140 12.150    0.019 0.025 0.021 0.021 0.021  A 72990
   2907.82169 12.108 12.167 12.189 12.262 12.411    0.047 0.043 0.040 0.041 0.045  A 73312
   2910.65677 12.171 12.191 12.176 12.152 12.143    0.025 0.028 0.027 0.026 0.026  A 73731
   2916.81404 12.150 12.129 12.136 12.110 12.113    0.025 0.034 0.024 0.031 0.029  A 74651
   2918.69699 12.319 12.289 12.344 12.379 12.447    0.039 0.038 0.043 0.053 0.062  B 74915
   2921.73112 12.227 12.281 12.322 12.382 12.456    0.024 0.025 0.027 0.033 0.039  A 75120
   2923.72037 12.285 12.289 12.289 12.308 12.372    0.023 0.032 0.023 0.025 0.027  A 75492
   2926.72400 12.155 12.178 12.161 12.157 12.173    0.026 0.028 0.024 0.023 0.023  A 75853
   2928.72097 12.218 12.268 12.218 12.204 12.179    0.034 0.046 0.038 0.038 0.037  A 76225
   2930.71357 12.147 12.227 12.247 12.260 12.281    0.026 0.021 0.019 0.019 0.021  A 76571
   2932.70228 12.139 12.224 12.255 12.311 12.424    0.030 0.037 0.028 0.030 0.033  A 76922
   2934.69701 12.174 12.147 12.162 12.176 12.200    0.025 0.030 0.024 0.023 0.022  A 77274
   2936.70083 12.153 12.161 12.179 12.195 12.165    0.039 0.037 0.038 0.042 0.044  A 77626
   2940.58596 12.221 12.224 12.217 12.229 12.245    0.024 0.025 0.021 0.020 0.021  A 77980
   2943.59383 12.346 12.320 12.373 12.384 12.357    0.023 0.025 0.021 0.024 0.024  A 78345
   2944.73840 12.165 12.192 12.197 12.207 12.203    0.032 0.033 0.026 0.028 0.029  A 78570
   2946.61085 12.253 12.240 12.209 12.185 12.199    0.021 0.028 0.023 0.024 0.024  A 78815
   2947.80931 12.214 12.194 12.197 12.194 12.196    0.041 0.032 0.031 0.033 0.037  A 79078
   2949.70049 12.301 12.337 12.318 12.318 12.364    0.025 0.025 0.027 0.032 0.036  A 79307
   2951.71103 12.399 12.340 12.325 12.319 12.325    0.024 0.026 0.024 0.029 0.033  A 79592
   2953.72764 12.289 12.242 12.339 12.440 12.410    0.035 0.038 0.041 0.049 0.058  B 79867
   2955.76811 12.294 12.294 12.314 12.321 12.313    0.024 0.027 0.026 0.030 0.034  A 80138
   2957.75974 12.144 12.156 12.173 12.162 12.154    0.031 0.032 0.029 0.033 0.038  A 80425
   2962.54695 12.276 12.276 12.303 12.345 12.399    0.041 0.040 0.042 0.048 0.056  B 81027
   2964.57382 12.161 12.175 12.212 12.253 12.266    0.029 0.028 0.032 0.035 0.038  A 81319
   2968.60387 12.180 12.204 12.210 12.185 12.176    0.021 0.022 0.019 0.021 0.024  A 81892
   2970.59525 12.278 12.301 12.294 12.307 12.324    0.024 0.021 0.019 0.021 0.024  A 82108
   2972.63252 12.326 12.367 12.376 12.391 12.457    0.022 0.022 0.022 0.025 0.028  A 82384
   2976.63962 12.205 12.195 12.228 12.252 12.305    0.029 0.027 0.026 0.029 0.032  A 82853
   2978.65572 12.178 12.133 12.150 12.147 12.157    0.024 0.023 0.023 0.026 0.030  A 83136
   2980.67505 12.160 12.112 12.094 12.109 12.155    0.033 0.043 0.049 0.054 0.059  B 83392
   2982.67971 12.259 12.336 99.999 99.999 99.999    0.033 0.031 0.034 0.042 0.052  C 83666
   2984.67935 12.316 12.260 12.244 12.256 12.261    0.029 0.025 0.025 0.029 0.033  A 83923
   2986.70141 12.313 12.300 12.325 12.339 12.279    0.022 0.023 0.023 0.027 0.032  A 84196
   2989.63062 12.283 12.252 12.257 12.281 99.999    0.024 0.021 0.022 0.024 0.028  C 84521
   2991.64933 12.146 12.104 12.105 12.186 12.167    0.052 0.066 0.047 0.046 0.042  D 84785
   2993.67765 12.177 12.137 12.123 12.107 12.111    0.031 0.031 0.027 0.030 0.034  A 85073
   2996.59906 12.459 12.446 12.459 12.448 12.553    0.040 0.041 0.042 0.049 0.055  B 85430
   2998.60788 12.231 12.246 12.261 12.296 12.337    0.024 0.024 0.022 0.024 0.028  A 85709
   3001.57761 12.150 12.116 12.099 12.117 12.167    0.028 0.036 0.040 0.043 0.045  A 85966
   3005.59688 12.326 12.340 12.315 12.259 12.231    0.054 0.059 0.060 0.062 0.065  D 86446
   3007.61186 12.235 12.201 12.198 12.190 12.179    0.025 0.026 0.024 0.027 0.030  A 86712
   3010.60864 12.208 12.193 12.182 12.155 12.139    0.030 0.029 0.028 0.034 0.040  A 87100
   3012.60566 12.189 12.148 12.223 12.274 12.313    0.031 0.031 0.033 0.039 0.047  A 87363
   3015.61429 12.180 12.143 12.173 12.202 12.210    0.025 0.026 0.025 0.028 0.033  A 87613
   3017.62444 12.197 12.131 12.142 12.137 12.162    0.028 0.022 0.021 0.025 0.029  A 87871
   3025.59396 12.238 12.261 12.356 12.439 12.483    0.036 0.032 0.035 0.038 0.043  A 88411
   3030.55627 12.191 12.255 12.289 12.343 12.404    0.022 0.023 0.022 0.026 0.028  A 88703
   3033.54997 12.293 12.291 12.298 12.324 12.333    0.025 0.025 0.023 0.026 0.030  A 88995
   3035.57700 12.290 12.287 12.250 12.194 12.134    0.027 0.025 0.024 0.028 0.033  A 89232
   3042.54478 12.225 12.244 12.268 12.264 12.336    0.029 0.029 0.031 0.039 0.046  A 89764
   3045.54047 12.154 12.125 12.135 12.128 12.106    0.067 0.063 0.064 0.066 0.069  D 90161
   3048.53337 12.533 12.556 12.543 12.545 12.552    0.031 0.031 0.033 0.038 0.044  A 90561
   3051.52844 12.219 12.170 12.228 12.275 12.318    0.029 0.029 0.026 0.029 0.032  A 90954
   3054.52044 12.189 12.167 12.181 12.178 12.205    0.028 0.026 0.025 0.029 0.033  A 91364
   3057.51752 12.296 12.281 12.274 12.302 12.310    0.037 0.036 0.037 0.039 0.042  A 91780
   3060.50817 12.274 12.319 12.371 12.401 12.436    0.031 0.029 0.030 0.037 0.044  A 92174
   3128.92430 12.411 12.342 12.299 12.295 12.347    0.039 0.041 0.039 0.043 0.048  A 101302
   3142.91924 12.135 12.166 12.165 12.200 12.264    0.027 0.027 0.026 0.030 0.034  A 103205
   3156.90410 12.330 12.329 12.319 12.294 12.283    0.023 0.022 0.022 0.025 0.028  A 104260
   3163.89028 12.274 12.263 12.273 12.257 12.327    0.030 0.027 0.027 0.031 0.036  A 105108
   3166.91120 12.079 12.081 12.116 12.181 12.250    0.034 0.031 0.034 0.041 0.047  A 105504
   3175.92403 12.158 12.173 12.187 12.203 12.246    0.023 0.023 0.021 0.025 0.029  A 106686
   3179.86225 12.136 12.180 12.188 12.217 12.246    0.027 0.023 0.022 0.026 0.030  A 107279
   3183.89132 12.255 12.230 12.243 12.279 12.344    0.025 0.026 0.026 0.030 0.035  A 107741
   3187.84108 12.171 12.165 12.141 12.108 12.051    0.026 0.026 0.026 0.031 0.035  A 108345
   3191.84584 12.242 12.245 12.228 12.200 12.135    0.044 0.037 0.034 0.039 0.045  A 108798
   3326.66178 12.295 12.249 12.263 12.283 12.314    0.041 0.031 0.028 0.029 0.031  A 121114
   3355.54490 12.253 12.217 12.200 12.208 12.168    0.048 0.027 0.021 0.022 0.024  A 124337
   3357.61373 12.217 12.239 12.239 12.240 12.238    0.045 0.036 0.038 0.041 0.045  A 124582
   3362.65543 12.230 12.246 12.291 12.370 12.430    0.042 0.028 0.027 0.031 0.036  A 124843
   3366.63150 12.270 12.203 12.158 12.118 12.092    0.045 0.032 0.032 0.038 0.045  A 125169
   3386.54315 12.249 12.224 12.230 12.230 12.240    0.042 0.029 0.029 0.034 0.040  A 126138
   3388.57256 12.265 12.274 12.277 12.296 12.301    0.057 0.030 0.026 0.030 0.033  A 126426
   3390.60694 12.152 12.168 12.154 12.138 12.125    0.043 0.029 0.028 0.033 0.038  A 126712
   3395.57591 12.182 12.178 12.170 12.152 12.177    0.038 0.030 0.032 0.040 0.046  A 127244
   3398.55353 12.142 12.217 12.242 12.247 12.237    0.047 0.032 0.033 0.036 0.040  A 127606
   3410.53746 12.222 12.270 12.295 12.328 12.379    0.042 0.027 0.027 0.029 0.032  A 129314
   3413.52809 12.258 12.253 12.212 12.181 12.110    0.046 0.043 0.045 0.048 0.052  B 129740
   3416.53060 12.316 12.300 12.334 12.349 12.340    0.030 0.026 0.028 0.035 0.038  A 130230
   3420.52550 12.203 12.201 12.243 12.298 12.299    0.031 0.026 0.028 0.035 0.039  A 130861
   3428.50758 12.269 12.185 12.161 12.142 12.126    0.037 0.032 0.034 0.041 0.047  A 132105
   3511.90128 12.233 12.262 12.246 12.229 12.234    0.052 0.035 0.028 0.029 0.032  A 143761
   3525.90936 12.159 12.224 12.225 12.215 12.208    0.081 0.046 0.045 0.050 0.055  B 145586
   3529.88360 12.255 12.261 12.277 12.267 12.222    0.059 0.047 0.043 0.046 0.050  B 146275
   3544.85652 12.147 12.169 12.156 12.126 12.139    0.076 0.039 0.035 0.041 0.045  A 147774
   3552.85930 12.269 12.259 12.263 12.265 12.274    0.042 0.032 0.029 0.032 0.036  A 148542
   3556.85607 12.200 12.202 12.192 12.201 12.210    0.034 0.025 0.023 0.027 0.030  A 149139
   3560.83024 12.319 12.283 12.283 12.295 12.308    0.085 0.051 0.041 0.044 0.047  B 149626
   3563.86166 12.322 12.312 12.311 12.312 12.331    0.037 0.028 0.026 0.027 0.030  A 150160
   3569.91290 12.200 12.196 12.207 12.212 12.212    0.031 0.030 0.023 0.026 0.029  A 150667
   3572.85474 12.354 12.344 12.340 12.305 12.239    0.032 0.032 0.027 0.031 0.035  A 151022
   3578.83557 12.265 12.289 12.299 12.331 12.352    0.033 0.028 0.025 0.028 0.032  A 152034
   3582.93428 12.297 12.296 12.313 12.339 12.380    0.038 0.030 0.032 0.039 0.046  A 152750
   3585.81832 12.339 12.322 12.335 12.368 12.389    0.066 0.031 0.026 0.028 0.031  A 153241
   3588.80056 12.181 12.169 12.179 12.199 12.195    0.036 0.024 0.022 0.025 0.028  A 153718
   3591.78460 12.263 12.309 12.335 12.353 12.422    0.051 0.031 0.028 0.031 0.035  A 154234
   3595.80202 12.421 12.361 12.343 12.318 12.328    0.053 0.047 0.050 0.059 0.068  B 154875
   3597.81169 12.096 12.117 12.141 12.121 12.100    0.049 0.032 0.027 0.030 0.032  A 155188
   3601.72246 12.250 12.299 12.306 12.306 12.316    0.059 0.035 0.032 0.036 0.040  A 155585
   3603.81802 12.173 12.177 12.164 12.168 12.195    0.036 0.033 0.031 0.036 0.042  A 155944
   3617.76392 12.382 12.419 12.394 12.385 12.405    0.041 0.038 0.031 0.034 0.038  A 157176
   3620.72044 12.169 12.172 12.187 12.207 12.235    0.068 0.037 0.031 0.034 0.037  A 157616
   3622.76827 12.310 12.279 12.277 12.275 12.285    0.041 0.033 0.027 0.029 0.033  A 157947
   3625.78186 12.157 12.193 12.207 12.217 12.229    0.034 0.031 0.023 0.025 0.028  A 158215
   3628.74267 12.371 12.411 12.418 12.420 12.452    0.032 0.032 0.025 0.028 0.033  A 158485
   3630.74849 12.374 12.378 12.378 12.371 12.405    0.034 0.032 0.028 0.033 0.038  A 158826
   3632.77084 12.224 12.236 12.264 12.298 12.327    0.041 0.029 0.030 0.036 0.043  A 159143
   3635.67044 12.279 12.258 12.256 12.235 12.175    0.073 0.082 0.096 0.127 0.154  D 159549
   3638.72355 12.248 12.254 12.269 12.278 12.286    0.033 0.030 0.022 0.024 0.027  A 159807
   3640.82529 12.392 12.365 12.358 12.345 12.321    0.042 0.027 0.022 0.025 0.028  A 160078
   3643.64818 12.227 12.260 12.243 12.223 12.230    0.040 0.041 0.034 0.037 0.041  A 160457
   3646.69868 12.192 12.182 12.195 12.214 12.222    0.036 0.033 0.027 0.029 0.031  A 160784
   3651.68491 12.237 12.264 12.294 12.324 12.344    0.052 0.031 0.025 0.027 0.029  A 161462
   3653.67361 12.173 12.211 12.263 12.329 12.341    0.046 0.034 0.032 0.038 0.044  A 161768
   3655.65239 12.255 12.216 12.195 12.167 12.151    0.044 0.027 0.024 0.026 0.029  A 162024
   3657.67535 12.172 12.192 12.218 12.241 12.217    0.035 0.028 0.026 0.030 0.035  A 162331
   3659.70991 12.253 12.270 12.297 12.305 12.310    0.031 0.027 0.027 0.032 0.036  A 162656
   3661.73882 12.226 12.231 12.178 12.108 12.087    0.037 0.031 0.029 0.035 0.040  A 162970
   3664.58629 12.182 12.191 12.184 12.177 12.195    0.043 0.029 0.026 0.028 0.031  A 163340
   3666.64993 12.193 12.248 12.261 12.284 12.316    0.040 0.026 0.022 0.023 0.026  A 163657
   3669.72534 12.173 12.212 12.221 12.220 12.209    0.028 0.026 0.022 0.023 0.026  A 164004
   3671.82719 12.579 12.506 12.499 12.503 12.498    0.033 0.030 0.025 0.029 0.032  A 164321
   3674.62072 12.095 12.151 12.158 12.171 12.201    0.063 0.033 0.026 0.028 0.029  A 164685
   3676.63951 12.196 12.166 12.153 12.159 12.168    0.032 0.024 0.022 0.024 0.026  A 164976
   3680.57035 12.259 12.266 12.259 12.260 12.261    0.038 0.027 0.023 0.025 0.028  A 165329
   3701.61401 12.346 12.320 12.283 12.251 12.228    0.040 0.038 0.042 0.049 0.054  B 168168
   3703.74342 12.209 12.187 12.198 12.188 12.253    0.064 0.036 0.028 0.030 0.033  A 168465
   3706.56595 12.211 12.197 12.167 12.149 12.123    0.052 0.039 0.038 0.041 0.046  A 168817
   3708.65164 12.369 12.337 12.329 12.301 12.267    0.059 0.030 0.027 0.030 0.033  A 169127
   3712.62931 12.177 12.215 12.215 12.197 12.230    0.061 0.035 0.028 0.030 0.033  A 169402
   3714.63676 12.180 12.182 12.217 12.237 12.248    0.050 0.031 0.026 0.028 0.030  A 169690
   3717.59683 12.259 12.253 12.288 12.322 12.382    0.038 0.029 0.031 0.036 0.040  A 170070
   3720.59213 12.236 12.212 12.218 12.218 12.206    0.073 0.037 0.033 0.037 0.041  A 170422
   3722.65527 12.192 12.205 12.225 12.237 12.223    0.037 0.030 0.031 0.036 0.041  A 170701
   3725.62488 12.294 12.304 12.306 12.296 12.329    0.053 0.036 0.036 0.040 0.043  A 170998
   3727.64371 12.215 12.247 12.227 12.228 12.238    0.044 0.029 0.029 0.033 0.038  A 171278
   3731.58440 12.207 12.253 12.314 12.384 12.378    0.040 0.033 0.032 0.036 0.039  A 171668
   3734.61885 12.269 12.278 12.294 12.296 12.275    0.039 0.033 0.038 0.048 0.058  B 172068
   3737.61214 12.156 12.181 12.160 12.137 12.104    0.050 0.027 0.023 0.026 0.028  A 172479
   3739.63258 12.321 12.378 12.378 12.383 12.374    0.033 0.026 0.023 0.027 0.031  A 172768
   3742.59811 12.256 12.202 12.196 12.233 12.261    0.061 0.031 0.028 0.030 0.033  A 173132
   3745.60393 12.326 12.313 12.334 12.383 12.416    0.044 0.033 0.031 0.033 0.036  A 173546
   3748.59507 12.216 12.257 12.270 12.263 12.258    0.052 0.035 0.034 0.042 0.050  A 173942
   3751.60971 12.231 12.248 12.270 12.304 12.261    0.041 0.034 0.035 0.043 0.051  A 174369
   3754.58246 12.458 12.358 12.309 12.282 12.262    0.041 0.032 0.036 0.045 0.050  B 174770
   3757.56369 12.329 12.285 12.259 12.238 12.247    0.043 0.030 0.026 0.030 0.034  A 175178
   3760.55850 12.421 12.417 12.426 12.418 12.415    0.072 0.061 0.049 0.039 0.042  D 175600
   3763.55080 12.236 12.201 12.178 12.182 12.210    0.036 0.028 0.030 0.035 0.038  A 175987
   3766.54027 12.320 12.257 12.243 12.261 12.322    0.050 0.034 0.037 0.041 0.044  A 176407
   3769.53132 12.260 12.292 12.292 12.283 12.262    0.030 0.027 0.028 0.032 0.037  A 176796
   3772.54026 12.138 12.186 12.225 12.230 12.277    0.041 0.030 0.029 0.032 0.035  A 177189
   3775.54470 12.332 12.323 12.309 12.296 12.364    0.035 0.031 0.035 0.042 0.053  B 177612
   3778.53354 12.198 12.252 12.253 12.240 12.276    0.041 0.032 0.037 0.045 0.054  B 178068
   3783.52932 12.589 12.557 12.513 12.456 12.468    0.046 0.044 0.048 0.055 0.064  B 178635
   3791.51630 12.212 12.249 12.254 12.250 12.237    0.035 0.030 0.033 0.040 0.047  A 179360
   3861.91197 12.334 12.271 12.246 12.215 12.198    0.042 0.030 0.030 0.035 0.039  A 189110
   3865.90956 12.163 12.121 12.119 12.116 12.117    0.035 0.029 0.028 0.032 0.034  A 189796
   3869.90499 12.092 12.088 12.062 12.030 12.018    0.081 0.048 0.046 0.055 0.063  B 190458
   3883.92102 12.175 12.234 12.249 12.231 12.197    0.050 0.030 0.025 0.028 0.031  A 192358
   3891.91936 12.244 12.172 12.164 12.150 12.123    0.040 0.030 0.025 0.026 0.030  A 193449
   3898.89559 12.115 12.166 12.163 12.153 12.164    0.066 0.036 0.032 0.038 0.043  A 194439
   3902.86981 12.240 12.290 12.286 12.314 12.324    0.055 0.034 0.029 0.033 0.037  A 195112
   3905.89291 12.183 12.211 12.228 12.248 12.271    0.084 0.043 0.036 0.039 0.042  B 195687
   3913.90994 12.324 12.257 12.273 12.308 12.365    0.088 0.047 0.040 0.043 0.045  D 197027
   3981.67595 12.278 12.247 12.222 12.209 12.236    0.053 0.032 0.026 0.028 0.031  A 203357
   4092.59605 12.146 12.166 12.164 12.171 12.167    0.050 0.029 0.025 0.028 0.032  A 209501
   4106.63391 12.197 12.216 12.230 12.257 12.288    0.034 0.028 0.027 0.032 0.036  A 210959
   4111.63374 12.348 12.369 12.357 12.361 12.418    0.068 0.037 0.032 0.035 0.038  A 211384
   4126.58695 12.304 12.337 12.335 12.365 12.402    0.064 0.047 0.041 0.043 0.046  A 211648
   4129.54598 12.159 12.158 12.137 12.133 12.150    0.031 0.024 0.023 0.025 0.029  A 212031
   4132.53099 12.349 12.242 12.230 12.275 12.311    0.042 0.031 0.032 0.038 0.043  A 212409
   4135.52896 12.281 12.273 12.248 12.229 12.235    0.055 0.032 0.035 0.042 0.048  A 212820
   4147.51853 12.311 12.312 12.296 12.286 12.293    0.034 0.027 0.026 0.031 0.036  A 214524
   4151.52424 12.186 12.187 12.178 12.177 12.175    0.038 0.025 0.025 0.028 0.032  A 214924
   4154.51729 12.357 12.299 12.306 12.299 12.319    0.046 0.026 0.027 0.032 0.037  A 215379
   4160.50632 12.334 12.273 12.202 12.121 12.160    0.080 0.074 0.088 0.103 0.111  D 216259
   4230.92201 12.219 12.179 12.138 12.084 12.087    0.079 0.067 0.064 0.068 0.071  D 223786
   4234.92480 12.306 12.386 12.387 12.381 12.377    0.060 0.038 0.032 0.036 0.040  A 224499
   4255.91766 12.182 12.116 12.079 12.085 12.126    0.048 0.055 0.054 0.059 0.065  B 227172
   4268.93122 12.207 12.206 12.207 12.259 12.320    0.053 0.056 0.055 0.061 0.065  B 228083
   4273.86097 12.243 12.273 12.275 12.282 12.298    0.041 0.038 0.031 0.033 0.035  A 228573
   4278.82625 12.264 12.224 12.235 12.290 12.345    0.036 0.030 0.028 0.032 0.038  A 229215
   4284.91847 12.249 12.274 12.315 12.391 12.443    0.040 0.034 0.027 0.030 0.033  A 229902
   4290.86570 12.290 12.364 12.344 12.352 12.392    0.056 0.053 0.048 0.051 0.049  B 230576
   4293.85692 12.283 12.315 12.325 12.310 12.278    0.043 0.037 0.028 0.028 0.029  A 231131
   4296.85060 12.238 12.287 12.241 12.204 12.245    0.043 0.045 0.038 0.044 0.051  A 231643
   4299.84486 12.342 12.332 12.333 12.339 12.360    0.033 0.029 0.025 0.028 0.031  A 232188
   4301.83027 12.377 12.335 12.345 12.361 12.356    0.099 0.066 0.060 0.044 0.047  D 232536
   4303.86251 12.301 12.260 12.240 12.225 12.241    0.044 0.044 0.042 0.047 0.049  B 232846
   4305.87944 12.228 12.164 12.180 12.206 12.236    0.038 0.035 0.028 0.030 0.030  A 233216
   4307.82056 12.328 12.280 12.276 12.287 12.322    0.046 0.039 0.029 0.031 0.033  A 233540
   4309.82888 12.173 12.157 12.154 12.169 12.151    0.063 0.052 0.046 0.050 0.054  B 233856
   4312.79795 12.202 12.320 12.381 12.476 12.488    0.077 0.061 0.066 0.078 0.087  D 234279
   4316.76379 12.307 12.271 12.271 12.293 12.291    0.044 0.039 0.035 0.038 0.041  A 234688
   4319.84456 12.363 12.290 12.279 12.278 12.274    0.034 0.032 0.027 0.029 0.032  A 235055
   4330.71324 12.215 12.321 12.337 12.355 12.372    0.054 0.039 0.029 0.028 0.030  A 235340
   4332.74426 12.169 12.167 12.171 12.154 12.169    0.058 0.059 0.060 0.062 0.065  D 235713
   4334.72782 12.194 12.149 12.175 12.187 12.157    0.036 0.033 0.025 0.026 0.029  A 236065
   4338.71262 12.157 12.180 12.197 12.213 12.209    0.034 0.035 0.028 0.031 0.033  A 236455
   4340.78255 12.392 12.351 12.328 12.336 12.332    0.039 0.033 0.029 0.033 0.038  A 236818
   4342.78156 12.358 12.284 12.268 12.254 12.251    0.058 0.055 0.058 0.063 0.068  D 237150
   4344.79124 12.257 12.302 12.320 12.331 12.362    0.054 0.061 0.063 0.068 0.073  D 237494
   4346.81157 12.233 12.353 12.344 12.268 12.200    0.045 0.047 0.061 0.077 0.086  D 237839
   4351.69895 12.018 12.125 12.162 12.210 12.211    0.056 0.046 0.045 0.053 0.061  B 238618
   4353.82841 12.224 12.227 12.221 12.211 12.205    0.031 0.028 0.024 0.026 0.029  A 238923
   4356.70275 12.210 12.226 12.210 12.233 12.275    0.032 0.031 0.026 0.029 0.032  A 239367
   4358.84373 12.300 12.284 12.291 12.316 12.358    0.038 0.039 0.034 0.033 0.035  A 239699
   4361.69612 12.373 12.345 12.386 12.400 12.409    0.068 0.058 0.048 0.038 0.038  B 240045
   4363.71905 12.243 12.231 12.236 12.224 12.218    0.031 0.031 0.024 0.026 0.029  A 240366
   4365.71390 12.163 12.223 12.223 12.220 12.226    0.034 0.030 0.024 0.027 0.030  A 240676
   4367.79794 12.394 12.326 12.340 12.357 12.023    0.044 0.039 0.036 0.042 0.047  A 240899
   4369.76198 12.278 12.232 12.210 12.180 12.166    0.043 0.041 0.037 0.043 0.049  A 241185
   4371.78940 12.301 12.444 12.489 12.534 12.534    0.040 0.032 0.029 0.034 0.039  A 241524
   4374.77067 12.178 12.115 12.139 12.170 12.252    0.059 0.046 0.045 0.055 0.065  B 241858
   4377.63482 12.231 12.218 12.219 12.227 12.249    0.043 0.029 0.024 0.026 0.029  A 242260
   4379.69778 12.300 12.288 12.289 12.297 12.279    0.033 0.030 0.025 0.026 0.029  A 242593
   4381.71975 12.324 12.339 12.339 12.341 12.321    0.035 0.036 0.035 0.039 0.043  A 242901
   4383.79040 12.172 12.182 12.184 12.188 12.215    0.046 0.038 0.037 0.040 0.043  A 243230
   4385.73773 12.172 12.168 12.169 12.168 12.162    0.033 0.034 0.025 0.026 0.028  A 243527
   4387.80596 29.999 29.999 29.999 29.999 29.999    0.036 0.035 0.030 0.034 0.037  C 243865
   4391.79248 12.263 12.221 12.241 12.320 12.544    0.054 0.055 0.061 0.071 0.084  D 244433
   4393.69319 12.143 12.117 12.091 12.112 12.111    0.043 0.039 0.042 0.049 0.056  B 244668
   4399.79666 12.127 12.175 12.173 12.153 12.124    0.051 0.038 0.038 0.044 0.050  A 244886
   4402.83769 12.281 12.326 12.384 12.425 12.410    0.050 0.036 0.031 0.035 0.040  A 245181
   4406.67201 12.171 12.167 12.190 12.207 12.192    0.048 0.046 0.041 0.044 0.047  A 245444
   4408.70247 12.225 12.273 12.310 12.331 12.371    0.034 0.029 0.026 0.029 0.033  A 245752
   4411.66091 12.209 12.302 12.334 12.362 12.393    0.039 0.035 0.035 0.037 0.040  A 246104
   4421.60362 12.293 12.292 12.310 12.307 12.305    0.039 0.030 0.027 0.032 0.038  A 246533
   4423.61818 12.268 12.251 12.227 12.202 12.247    0.048 0.033 0.032 0.038 0.046  A 246738
   4426.69757 12.158 12.305 12.373 12.435 12.411    0.051 0.036 0.037 0.045 0.054  B 246968
   4428.73566 12.343 12.380 12.486 12.645 12.833    0.047 0.041 0.040 0.048 0.056  B 247201
   4431.60579 12.235 12.234 12.247 12.241 12.192    0.035 0.033 0.031 0.035 0.041  A 247522
   4433.68155 12.177 12.206 12.200 12.204 12.222    0.039 0.029 0.026 0.030 0.035  A 247809
   4436.61423 12.237 12.194 12.203 12.223 12.249    0.075 0.067 0.045 0.046 0.041  D 248149
   4438.67906 12.305 12.367 12.379 12.404 12.444    0.038 0.035 0.033 0.038 0.041  A 248420
   4441.60973 12.222 12.264 12.293 12.316 12.320    0.057 0.046 0.041 0.036 0.041  A 248772
   4444.61559 12.342 12.302 12.289 12.299 12.337    0.035 0.033 0.030 0.032 0.035  A 249079
   4452.58346 12.856 12.738 12.700 12.685 12.695    0.038 0.040 0.043 0.047 0.050  B 250001
   4454.61699 12.199 12.225 12.261 12.274 12.301    0.039 0.032 0.030 0.035 0.039  A 250232
   4456.67085 12.288 12.224 12.202 12.133 12.005    0.053 0.047 0.053 0.065 0.077  D 250462
   4459.60629 12.361 12.395 12.422 12.468 12.489    0.042 0.035 0.034 0.039 0.044  A 250799
   4462.59686 12.254 12.243 12.270 12.322 12.353    0.032 0.029 0.026 0.031 0.037  A 251163
   4465.58368 12.275 12.273 12.245 12.232 12.289    0.039 0.034 0.031 0.035 0.040  A 251509
   4468.58850 12.156 12.205 12.198 12.206 12.225    0.041 0.032 0.029 0.031 0.034  A 251848
   4473.62527 12.231 12.240 12.230 12.235 12.296    0.038 0.031 0.031 0.035 0.039  A 252360
   4476.61861 12.177 12.157 12.132 12.109 12.098    0.050 0.054 0.057 0.063 0.068  D 252637
   4479.59175 12.359 12.396 12.417 12.440 12.437    0.064 0.060 0.055 0.045 0.054  D 253001
   4485.59890 12.819 12.839 12.850 12.895 12.895    0.041 0.033 0.035 0.042 0.049  A 253579
   4488.57049 12.164 12.146 12.135 12.096 12.092    0.052 0.051 0.055 0.061 0.067  B 253919
   4494.54946 12.346 12.319 12.314 12.314 12.318    0.035 0.029 0.025 0.028 0.031  A 254618
   4498.55025 12.321 12.361 12.377 12.399 12.415    0.040 0.037 0.033 0.035 0.036  A 254876
   4501.54513 12.254 12.264 12.267 12.284 12.282    0.041 0.034 0.037 0.046 0.057  B 255255
   4504.54501 12.155 12.219 12.262 12.301 12.318    0.048 0.045 0.046 0.055 0.063  B 255679
   4507.52525 12.183 12.254 12.277 12.268 12.229    0.044 0.037 0.037 0.044 0.049  A 256104
   4510.53804 12.225 12.264 12.333 12.398 12.421    0.044 0.043 0.045 0.051 0.059  B 256517
   4520.51262 12.270 12.217 12.188 12.163 12.165    0.051 0.035 0.032 0.036 0.041  A 257666
   4525.50748 12.145 12.113 12.134 12.170 12.178    0.041 0.038 0.039 0.048 0.057  B 258394
