#ndata= 2
#dataset= 1 ; 1 F0000-88_001
#desig= 002657-7933.0
#cra=    0.449260  00:26:57.3
#cdec= -79.549646 -79:32:58.7
#class= 0
#cmag_0= 11.963
#cmer_0=  0.034
#nskip_0= 0
#cmag_1= 11.950
#cmer_1=  0.028
#nskip_1= 0
#cmag_2= 11.980
#cmer_2=  0.024
#nskip_2= 0
#cmag_3= 12.012
#cmer_3=  0.011
#nskip_3= 0
#cmag_4= 12.071
#cmer_4=  0.058
#nskip_4= 0
#ra=    0.449260  00:26:57.3
#dec= -79.549646 -79:32:58.7
#     HJD      MAG_1  MAG_0  MAG_2  MAG_3  MAG_4    MER_1 MER_0 MER_2 MER_3 MER_4 GRADE FRAME
   2140.74282 11.970 11.987 11.997 12.005 12.030    0.045 0.062 0.042 0.046 0.052  B 30229
   2151.67470 11.930 11.939 11.964 12.020 12.114    0.061 0.072 0.065 0.075 0.084  D 31403
#ndata= 448
#dataset= 2 ; 1 F0000-80_006
#desig= 002655-7933.0
#cra=    0.448576  00:26:54.9
#cdec= -79.549372 -79:32:57.7
#class= 0
#cmag_0= 12.409
#cmer_0=  0.450
#nskip_0= 0
#cmag_1= 12.418
#cmer_1=  0.452
#nskip_1= 0
#cmag_2= 12.427
#cmer_2=  0.462
#nskip_2= 0
#cmag_3= 12.434
#cmer_3=  0.468
#nskip_3= 0
#cmag_4= 12.443
#cmer_4=  0.477
#nskip_4= 0
#ra=    0.448576  00:26:54.9
#dec= -79.549372 -79:32:57.7
#     HJD      MAG_0  MAG_1  MAG_2  MAG_3  MAG_4    MER_0 MER_1 MER_2 MER_3 MER_4 GRADE FRAME
   1869.52260 12.056 12.077 12.088 12.088 12.090    0.065 0.033 0.028 0.030 0.031  B 194
   1871.59815 12.132 12.158 12.170 12.182 12.194    0.042 0.026 0.024 0.026 0.028  A 504
   1873.57977 12.156 12.187 12.197 12.211 12.224    0.059 0.027 0.023 0.026 0.029  A 819
   1875.56527 12.225 12.267 12.289 12.309 12.320    0.064 0.030 0.026 0.028 0.030  B 1135
   1879.55609 12.479 12.443 12.432 12.415 12.395    0.055 0.030 0.026 0.027 0.029  A 1766
   1881.54769 12.613 12.568 12.591 12.606 12.644    0.052 0.028 0.024 0.027 0.029  A 2075
   1885.53590 12.697 12.704 12.696 12.680 12.704    0.059 0.034 0.028 0.030 0.033  A 2381
   1887.56105 12.880 12.874 12.895 12.950 13.045    0.046 0.029 0.027 0.030 0.033  A 2711
   1889.57744 12.954 12.913 12.862 12.787 12.684    0.044 0.032 0.029 0.033 0.037  A 3038
   1900.59005 13.375 13.421 13.484 13.559 13.639    0.043 0.030 0.025 0.026 0.029  A 3333
   1904.52556 13.228 13.236 13.285 13.312 13.427    0.043 0.037 0.031 0.032 0.036  A 3781
   1907.54043 13.452 13.377 13.288 13.188 13.081    0.054 0.030 0.026 0.029 0.031  A 4271
   1914.59294 13.511 13.555 13.573 13.586 13.659    0.042 0.029 0.026 0.028 0.030  A 4751
   1920.53239 13.230 13.228 13.239 13.196 13.123    0.042 0.030 0.027 0.030 0.034  A 5418
   1923.54269 13.308 13.360 13.340 13.344 13.387    0.034 0.029 0.025 0.028 0.031  A 5898
   1927.52756 13.140 13.183 13.270 13.293 13.343    0.047 0.031 0.027 0.031 0.036  A 6567
   1931.52923 12.879 12.895 12.935 12.957 12.936    0.044 0.040 0.036 0.039 0.043  A 7217
   2009.92314 12.381 12.458 12.544 12.650 12.839    0.079 0.067 0.059 0.066 0.066  D 15495
   2016.90276 12.819 12.726 12.736 12.837 12.885    0.069 0.058 0.046 0.053 0.054  B 16075
   2026.89374 12.560 12.589 12.611 12.627 12.599    0.051 0.031 0.028 0.030 0.033  A 17520
   2031.87362 12.509 12.499 12.489 12.466 12.483    0.044 0.031 0.027 0.030 0.034  A 18117
   2032.93755 12.480 12.515 12.561 12.571 12.578    0.052 0.036 0.038 0.044 0.053  A 18366
   2039.90704 12.258 12.377 12.388 12.390 12.381    0.079 0.038 0.034 0.037 0.040  D 19352
   2040.90094 12.078 12.116 12.095 12.067 12.066    0.079 0.040 0.036 0.039 0.042  D 19574
   2052.90458 11.892 11.953 11.974 11.981 11.999    0.057 0.032 0.028 0.030 0.032  A 19933
   2054.86099 11.981 11.989 11.991 12.002 11.993    0.073 0.036 0.030 0.035 0.037  B 20345
   2056.83416 12.035 12.013 12.019 12.026 12.023    0.043 0.032 0.027 0.028 0.030  A 20783
   2057.89043 12.058 12.064 12.070 12.073 12.069    0.057 0.030 0.027 0.029 0.032  A 21034
   2064.91163 12.038 12.085 12.100 12.088 12.079    0.072 0.036 0.032 0.034 0.037  B 21665
   2067.81246 12.112 12.092 12.087 12.076 12.065    0.064 0.033 0.030 0.034 0.038  B 21925
   2068.80908 12.191 12.202 12.179 12.174 12.184    0.066 0.045 0.047 0.057 0.066  B 22149
   2069.80685 12.280 12.264 12.278 12.292 12.301    0.060 0.032 0.030 0.034 0.038  A 22371
   2080.80682 12.662 12.597 12.589 12.582 12.585    0.055 0.031 0.026 0.027 0.031  A 22971
   2082.86154 12.646 12.635 12.618 12.605 12.646    0.048 0.028 0.025 0.028 0.031  A 23462
   2085.87982 12.732 12.743 12.786 12.829 12.823    0.034 0.028 0.022 0.025 0.028  A 23923
   2087.79255 12.774 12.867 12.930 12.920 12.923    0.072 0.058 0.061 0.072 0.081  D 24330
   2088.83758 12.826 12.884 12.933 12.982 12.955    0.045 0.026 0.023 0.026 0.030  A 24578
   2093.75978 13.286 13.195 13.147 13.073 13.069    0.068 0.034 0.030 0.032 0.036  B 24765
   2094.77676 13.061 13.068 13.124 13.217 13.202    0.063 0.034 0.032 0.036 0.041  B 25059
   2095.76831 13.049 13.139 13.217 13.214 13.009    0.065 0.043 0.045 0.054 0.063  B 25282
   2096.76247 13.111 13.207 13.264 13.191 13.181    0.069 0.048 0.049 0.055 0.062  B 25505
   2104.73606 13.178 13.217 13.242 13.206 13.263    0.039 0.026 0.023 0.026 0.028  A 26052
   2105.78775 13.336 13.323 13.389 13.435 13.410    0.047 0.027 0.024 0.026 0.029  A 26295
   2106.79926 13.235 13.214 13.242 13.303 13.416    0.043 0.027 0.023 0.024 0.027  A 26503
   2113.82854 13.121 13.096 13.119 13.144 13.151    0.044 0.029 0.024 0.027 0.030  A 26631
   2114.83050 13.126 13.045 13.031 13.038 13.027    0.049 0.037 0.033 0.034 0.036  A 26744
   2115.84063 13.092 13.072 13.109 13.168 13.241    0.041 0.031 0.027 0.027 0.030  A 26953
   2116.76876 12.990 12.999 13.070 13.136 13.145    0.041 0.031 0.026 0.027 0.030  A 27144
   2117.76069 13.148 13.147 13.130 13.106 13.164    0.040 0.030 0.025 0.027 0.029  A 27359
   2124.68664 12.760 12.563 12.416 12.232 12.250    0.085 0.066 0.070 0.084 0.096  D 27673
   2128.69854 12.395 12.406 12.418 12.417 12.433    0.049 0.029 0.025 0.028 0.032  A 27966
   2129.72236 12.359 12.408 12.408 12.418 12.442    0.047 0.027 0.023 0.026 0.028  A 28191
   2130.72617 12.342 12.340 12.361 12.374 12.390    0.048 0.028 0.024 0.026 0.028  A 28409
   2131.72771 12.295 12.324 12.332 12.336 12.315    0.040 0.027 0.023 0.026 0.029  A 28609
   2132.73915 12.284 12.291 12.312 12.333 12.360    0.032 0.023 0.021 0.025 0.027  A 28826
   2133.73001 12.140 12.149 12.143 12.132 12.118    0.031 0.027 0.023 0.026 0.029  A 29038
   2134.73221 12.191 12.165 12.147 12.139 12.176    0.033 0.025 0.022 0.024 0.027  A 29253
   2135.73078 12.087 12.070 12.079 12.085 12.081    0.039 0.033 0.033 0.039 0.043  A 29467
   2136.72872 12.266 12.187 12.151 12.126 12.121    0.035 0.027 0.024 0.026 0.026  A 29680
   2141.71839 12.026 11.994 11.979 11.972 11.971    0.052 0.030 0.025 0.028 0.031  A 30430
   2143.71040 11.929 11.912 11.908 11.911 11.887    0.049 0.032 0.028 0.030 0.032  A 30832
   2144.70307 11.870 11.871 11.868 11.868 11.885    0.044 0.030 0.023 0.024 0.027  A 31033
   2145.70547 11.880 11.883 11.902 11.935 11.954    0.040 0.030 0.025 0.026 0.029  A 31238
   2156.66691 11.848 11.868 11.896 11.930 11.936    0.047 0.037 0.031 0.032 0.037  A 31662
   2164.66499 11.964 11.981 11.994 11.986 12.019    0.040 0.034 0.027 0.029 0.032  A 31920
   2167.64204 11.957 11.959 12.008 12.032 12.037    0.042 0.033 0.026 0.028 0.030  A 32100
   2168.66301 11.948 11.921 11.948 11.953 11.939    0.041 0.031 0.025 0.027 0.030  A 32277
   2169.67441 11.992 11.995 11.992 11.987 12.001    0.039 0.033 0.026 0.027 0.030  A 32435
   2171.64302 12.042 12.048 12.040 12.063 12.096    0.042 0.035 0.029 0.032 0.035  A 32605
   2172.64647 12.091 12.088 12.089 12.102 12.115    0.040 0.032 0.025 0.027 0.029  A 32796
   2173.64872 12.041 11.996 12.029 12.045 12.056    0.043 0.032 0.026 0.028 0.031  A 32985
   2174.64262 29.999 29.999 29.999 29.999 29.999    0.051 0.043 0.041 0.046 0.053  C 33156
   2175.62961 12.061 12.055 12.087 12.112 12.106    0.040 0.034 0.028 0.030 0.033  A 33295
   2177.60791 12.097 12.156 12.125 12.134 12.129    0.047 0.042 0.038 0.042 0.045  A 33414
   2178.61941 12.176 12.212 12.180 12.179 12.198    0.037 0.033 0.026 0.028 0.029  A 33594
   2183.57362 12.117 12.138 12.135 12.108 12.080    0.046 0.038 0.031 0.032 0.035  A 33861
   2184.61473 12.199 12.167 12.215 12.240 12.270    0.047 0.039 0.031 0.034 0.038  A 34071
   2185.62106 12.313 12.314 12.333 12.323 12.356    0.038 0.035 0.029 0.031 0.035  A 34260
   2186.64925 12.144 12.251 12.267 12.291 12.273    0.039 0.036 0.029 0.031 0.033  A 34387
   2188.63857 12.130 12.168 12.172 12.161 12.164    0.034 0.032 0.026 0.028 0.029  A 34693
   2190.56671 12.205 12.224 12.223 12.261 12.309    0.043 0.036 0.028 0.028 0.030  A 34909
   2191.62296 12.206 12.182 12.233 12.239 12.238    0.038 0.034 0.026 0.026 0.028  A 35109
   2192.60648 12.205 12.219 12.216 12.229 12.265    0.036 0.030 0.025 0.027 0.029  A 35276
   2193.60760 12.159 12.198 12.198 12.214 12.193    0.038 0.033 0.026 0.027 0.029  A 35459
   2194.60542 12.161 12.143 12.169 12.150 12.130    0.041 0.035 0.026 0.027 0.029  A 35637
   2195.60967 29.999 29.999 29.999 29.999 29.999    0.041 0.034 0.026 0.027 0.028  C 35816
   2196.60423 29.999 29.999 29.999 29.999 29.999    0.046 0.037 0.028 0.029 0.031  C 35946
   2198.60065 29.999 29.999 29.999 29.999 29.999    0.043 0.037 0.028 0.029 0.031  C 36300
   2199.59448 12.290 12.341 12.339 12.348 12.329    0.040 0.036 0.028 0.029 0.030  A 36477
   2201.58328 29.999 29.999 29.999 29.999 29.999    0.041 0.036 0.027 0.029 0.030  C 36721
   2202.59966 12.468 12.427 12.469 12.498 12.563    0.039 0.034 0.028 0.029 0.031  A 36896
   2203.58035 12.393 12.434 12.463 12.550 12.559    0.038 0.034 0.027 0.029 0.031  A 37061
   2204.57383 29.999 29.999 29.999 29.999 29.999    0.037 0.033 0.026 0.027 0.029  C 37185
   2206.58597 29.999 29.999 29.999 29.999 29.999    0.037 0.033 0.027 0.028 0.030  C 37466
   2207.57124 29.999 29.999 29.999 29.999 29.999    0.086 0.087 0.091 0.109 0.130  D 37632
   2211.54465 12.597 12.708 12.751 12.797 12.758    0.052 0.047 0.038 0.041 0.038  A 37813
   2212.58816 29.999 29.999 29.999 29.999 29.999    0.045 0.040 0.032 0.032 0.035  C 37898
   2213.62930 29.999 29.999 29.999 29.999 29.999    0.044 0.037 0.031 0.033 0.035  C 38086
   2214.58636 12.367 12.430 12.483 12.539 12.532    0.048 0.042 0.035 0.037 0.039  A 38215
   2215.58624 12.485 12.557 12.634 12.677 12.722    0.046 0.042 0.034 0.037 0.038  A 38382
   2216.58200 29.999 29.999 29.999 29.999 29.999    0.046 0.041 0.032 0.036 0.036  C 38550
   2217.58391 12.726 12.716 12.739 12.768 12.729    0.041 0.037 0.030 0.033 0.031  A 38718
   2219.55242 12.636 12.689 12.732 12.817 12.779    0.044 0.041 0.032 0.037 0.035  A 38878
   2221.56704 12.795 12.773 12.783 12.804 12.800    0.041 0.039 0.031 0.033 0.032  A 39001
   2224.54305 29.999 29.999 29.999 29.999 29.999    0.046 0.040 0.033 0.037 0.035  C 39308
   2226.53343 29.999 29.999 29.999 29.999 29.999    0.040 0.039 0.031 0.035 0.032  C 39620
   2227.56824 29.999 29.999 29.999 29.999 29.999    0.039 0.038 0.033 0.034 0.034  C 39788
   2229.53032 29.999 29.999 29.999 29.999 29.999    0.040 0.039 0.031 0.035 0.034  C 40097
   2232.52590 29.999 29.999 29.999 29.999 29.999    0.039 0.037 0.030 0.033 0.032  C 40427
   2234.51761 29.999 29.999 29.999 29.999 29.999    0.039 0.038 0.031 0.034 0.034  C 40739
   2236.52561 12.557 12.610 12.653 12.694 12.677    0.038 0.038 0.032 0.033 0.032  A 41060
   2239.54951 12.584 12.562 12.520 12.516 12.509    0.045 0.042 0.037 0.042 0.038  A 41386
   2241.55779 29.999 29.999 29.999 29.999 29.999    0.049 0.044 0.037 0.040 0.040  C 41707
   2243.56756 12.403 12.314 12.287 12.270 12.314    0.051 0.047 0.040 0.046 0.045  A 42027
   2248.53427 12.212 12.188 12.244 12.285 12.299    0.052 0.046 0.038 0.044 0.042  A 42454
   2252.57795 12.388 12.357 12.326 12.357 12.340    0.050 0.044 0.037 0.045 0.043  A 43154
   2254.57404 29.999 29.999 29.999 29.999 29.999    0.055 0.046 0.037 0.045 0.046  C 43444
   2256.57066 29.999 29.999 29.999 29.999 29.999    0.053 0.047 0.040 0.046 0.044  C 43759
   2258.57384 29.999 29.999 29.999 29.999 29.999    0.072 0.063 0.056 0.061 0.062  D 44084
   2261.56840 29.999 29.999 29.999 29.999 29.999    0.085 0.074 0.067 0.072 0.072  D 44371
   2263.57116 11.879 11.882 11.867 11.854 11.831    0.080 0.064 0.049 0.055 0.056  D 44679
   2265.56470 29.999 29.999 29.999 29.999 29.999    0.081 0.065 0.050 0.056 0.056  D 44947
   2439.87203 12.915 12.987 13.004 13.018 13.035    0.035 0.037 0.026 0.026 0.026  A 7944
   2444.80047 12.989 12.950 12.960 12.962 13.024    0.034 0.031 0.022 0.023 0.025  A 8949
   2445.87883 12.922 12.909 12.930 12.952 12.982    0.030 0.029 0.022 0.024 0.024  A 9200
   2446.90779 12.849 12.915 12.962 12.963 13.036    0.035 0.035 0.026 0.027 0.027  A 9372
   2460.75618 12.224 12.196 12.205 12.186 12.212    0.034 0.034 0.030 0.034 0.032  A 10254
   2465.81446 12.012 12.030 12.019 11.995 11.995    0.040 0.041 0.035 0.039 0.030  A 11136
   2466.79906 11.965 11.947 11.981 11.963 11.994    0.037 0.038 0.028 0.029 0.024  A 11348
   2467.79838 11.973 12.008 11.977 11.963 11.941    0.032 0.033 0.026 0.028 0.027  A 11566
   2470.76245 11.961 11.924 11.947 11.929 11.961    0.037 0.040 0.033 0.038 0.030  A 12050
   2471.84161 29.999 29.999 29.999 29.999 29.999    0.042 0.042 0.036 0.042 0.036  C 12564
   2482.70321 11.862 11.912 11.913 11.900 11.891    0.047 0.045 0.040 0.046 0.041  A 13184
   2489.72842 12.107 12.097 12.060 12.047 12.029    0.040 0.041 0.036 0.039 0.040  A 13887
   2493.76451 29.999 29.999 29.999 29.999 29.999    0.068 0.063 0.056 0.058 0.053  D 14529
   2495.78937 12.374 12.308 12.313 12.301 12.369    0.049 0.046 0.041 0.045 0.039  A 14867
   2498.73437 12.351 12.415 12.412 12.468 12.462    0.038 0.039 0.031 0.034 0.030  A 15479
   2499.72967 12.493 12.496 12.465 12.470 12.452    0.039 0.039 0.032 0.035 0.028  A 15687
   2500.71805 12.533 12.595 12.609 12.640 12.655    0.041 0.039 0.031 0.034 0.033  A 15896
   2501.72945 12.604 12.584 12.607 12.639 12.715    0.035 0.037 0.031 0.034 0.026  A 16049
   2502.72724 12.601 12.609 12.627 12.659 12.663    0.043 0.044 0.038 0.043 0.038  A 16260
   2508.77161 13.147 13.183 13.163 13.220 13.387    0.046 0.046 0.040 0.044 0.047  A 16849
   2519.80721 12.967 13.018 12.992 13.026 12.979    0.048 0.045 0.036 0.037 0.029  A 18071
   2521.64384 13.069 12.989 12.948 12.948 12.972    0.033 0.029 0.026 0.026 0.027  A 18400
   2523.77895 12.833 12.826 12.840 12.826 12.819    0.038 0.040 0.034 0.038 0.038  A 18542
   2526.66650 12.751 12.789 12.780 12.747 12.736    0.052 0.036 0.031 0.033 0.035  A 18855
   2535.68644 12.645 12.601 12.502 12.502 12.489    0.071 0.071 0.060 0.057 0.057  D 19285
   2540.60387 12.265 12.297 12.285 12.306 12.298    0.041 0.037 0.031 0.032 0.033  A 19698
   2544.68662 12.022 12.062 12.072 12.079 12.087    0.034 0.037 0.032 0.033 0.032  A 20004
   2545.72086 11.897 11.952 11.914 11.910 11.908    0.039 0.036 0.032 0.032 0.033  A 20208
   2553.57217 11.667 11.654 11.644 11.659 11.654    0.041 0.035 0.025 0.023 0.022  A 21299
   2554.66775 29.999 29.999 29.999 29.999 29.999    0.060 0.051 0.044 0.049 0.051  C 21522
   2556.66697 11.669 11.646 11.615 11.664 11.643    0.040 0.039 0.033 0.038 0.033  A 21704
   2558.64092 11.532 11.514 11.555 11.559 11.550    0.027 0.028 0.020 0.022 0.022  A 22049
   2559.63485 11.541 11.535 11.555 11.582 11.606    0.039 0.034 0.026 0.027 0.028  A 22227
   2561.62258 11.590 11.554 11.552 11.560 11.560    0.039 0.037 0.035 0.035 0.034  A 22548
   2562.62817 11.535 11.567 11.581 11.578 11.581    0.030 0.036 0.033 0.035 0.035  A 22731
   2563.64680 11.551 11.576 11.597 11.618 11.632    0.043 0.042 0.037 0.040 0.043  A 22918
   2564.64829 11.574 11.580 11.558 11.537 11.530    0.038 0.039 0.037 0.040 0.042  A 23098
   2565.67107 11.575 11.544 11.555 11.558 11.568    0.034 0.039 0.035 0.038 0.037  A 23286
   2566.68363 11.588 11.571 11.570 11.588 11.612    0.042 0.042 0.035 0.038 0.039  A 23470
   2579.58150 11.869 11.890 11.863 11.864 11.874    0.046 0.044 0.037 0.037 0.036  A 25086
   2601.61311 29.999 29.999 29.999 29.999 29.999    0.063 0.056 0.046 0.050 0.046  C 27411
   2621.56219 13.319 13.359 13.355 13.332 13.288    0.039 0.038 0.031 0.032 0.031  A 29769
   2622.66064 13.222 13.184 13.177 13.183 13.296    0.043 0.030 0.027 0.029 0.031  A 29978
   2625.58612 13.347 13.360 13.454 13.590 13.483    0.042 0.032 0.039 0.037 0.039  A 30393
   2628.59051 13.308 13.239 13.296 13.317 13.406    0.043 0.040 0.047 0.045 0.047  B 30702
   2635.59223 13.445 13.367 13.388 13.357 13.347    0.044 0.028 0.024 0.025 0.027  A 32209
   2639.61216 13.171 13.198 13.233 13.223 13.174    0.037 0.031 0.026 0.026 0.028  A 32817
   2641.61956 13.102 13.086 13.083 13.103 13.067    0.040 0.027 0.024 0.026 0.029  A 33103
   2643.63127 12.994 12.976 12.978 13.017 13.123    0.040 0.029 0.025 0.026 0.029  A 33419
   2645.59691 12.890 12.894 12.895 12.860 12.871    0.035 0.028 0.024 0.026 0.029  A 33702
   2647.58316 12.836 12.817 12.785 12.773 12.807    0.043 0.033 0.030 0.032 0.033  A 33994
   2650.57547 12.691 12.757 12.739 12.686 12.688    0.038 0.033 0.028 0.029 0.029  A 34255
   2652.58626 12.705 12.686 12.669 12.626 12.625    0.044 0.029 0.027 0.031 0.034  A 34565
   2654.59433 12.528 12.560 12.511 12.485 12.465    0.041 0.029 0.027 0.030 0.034  A 34878
   2660.56406 12.524 12.462 12.428 12.413 12.427    0.056 0.032 0.028 0.031 0.033  A 35909
   2662.56353 12.441 12.453 12.455 12.448 12.445    0.035 0.028 0.024 0.024 0.027  A 36250
   2664.55969 12.427 12.411 12.429 12.416 12.425    0.037 0.028 0.026 0.027 0.029  A 36592
   2666.55717 12.395 12.411 12.445 12.442 12.413    0.034 0.030 0.026 0.028 0.030  A 36918
   2668.56299 12.349 12.364 12.378 12.377 12.345    0.038 0.030 0.027 0.028 0.030  A 37243
   2671.53404 12.310 12.338 12.357 12.372 12.406    0.043 0.031 0.027 0.030 0.032  A 37717
   2673.53325 12.334 12.337 12.346 12.358 12.370    0.034 0.028 0.026 0.028 0.030  A 38054
   2675.53244 12.287 12.324 12.324 12.327 12.269    0.043 0.033 0.030 0.033 0.038  A 38413
   2677.53089 12.376 12.392 12.390 12.399 12.402    0.030 0.027 0.024 0.026 0.028  A 38759
   2679.53486 12.414 12.344 12.342 12.338 12.346    0.060 0.054 0.053 0.055 0.058  B 39092
   2686.51681 12.477 12.466 12.496 12.498 12.430    0.044 0.041 0.041 0.044 0.046  A 40311
   2743.92080 11.553 11.563 11.575 11.586 11.603    0.038 0.036 0.031 0.034 0.040  A 50665
   2754.91825 11.423 11.435 11.438 11.430 11.414    0.031 0.026 0.024 0.027 0.030  A 52363
   2757.91143 11.460 11.463 11.472 11.479 11.479    0.034 0.034 0.028 0.030 0.031  A 52992
   2760.91881 11.502 11.509 11.523 11.524 11.527    0.032 0.038 0.029 0.032 0.030  A 53545
   2763.90750 11.558 11.512 11.507 11.490 11.488    0.037 0.038 0.030 0.034 0.034  A 54141
   2765.88731 11.547 11.569 11.533 11.553 11.565    0.033 0.032 0.027 0.029 0.031  A 54425
   2776.86374 11.791 11.748 11.783 11.824 11.828    0.038 0.043 0.034 0.039 0.043  A 55402
   2783.85167 12.113 12.017 12.014 11.999 11.993    0.038 0.024 0.021 0.022 0.024  A 56021
   2785.90879 12.087 12.087 12.082 12.083 12.083    0.031 0.032 0.026 0.027 0.029  A 56464
   2790.92026 12.333 12.303 12.306 12.320 12.331    0.029 0.032 0.025 0.026 0.026  A 57446
   2804.82810 12.888 12.906 12.915 12.923 12.974    0.036 0.035 0.035 0.042 0.047  A 59126
   2809.79629 12.850 12.880 12.876 12.871 12.914    0.040 0.025 0.022 0.025 0.027  A 59571
   2811.85804 12.991 13.066 13.101 13.152 13.216    0.031 0.027 0.023 0.025 0.028  A 60048
   2851.88037 12.934 13.038 13.061 13.055 13.016    0.031 0.038 0.034 0.040 0.040  A 65544
   2861.71764 12.361 12.316 12.313 12.298 12.318    0.031 0.034 0.029 0.032 0.034  A 66996
   2862.82370 12.328 12.367 12.313 12.314 12.295    0.035 0.040 0.037 0.041 0.041  A 67245
   2866.80806 12.130 12.144 12.175 12.183 12.167    0.034 0.036 0.031 0.035 0.034  A 67630
   2872.78822 12.049 12.079 12.106 12.121 12.132    0.030 0.034 0.030 0.033 0.034  A 68224
   2875.79908 11.949 11.983 11.988 11.995 12.038    0.030 0.039 0.032 0.037 0.036  A 68620
   2880.69705 11.944 11.932 11.950 11.973 11.992    0.079 0.081 0.081 0.086 0.089  D 69398
   2883.74076 12.008 12.037 12.039 12.058 12.056    0.030 0.031 0.026 0.030 0.030  A 69664
   2885.65752 11.976 11.951 11.955 11.964 12.017    0.027 0.027 0.022 0.023 0.025  A 70034
   2892.75738 12.001 12.014 12.048 12.087 12.109    0.043 0.047 0.043 0.045 0.048  A 70727
   2895.77932 12.094 12.133 12.097 12.077 12.086    0.041 0.041 0.040 0.044 0.044  A 71331
   2897.79550 12.105 12.050 12.093 12.104 12.149    0.034 0.045 0.040 0.045 0.043  A 71737
   2899.75058 12.087 12.064 12.082 12.107 12.162    0.042 0.041 0.037 0.043 0.045  A 72081
   2902.72666 12.185 12.209 12.202 12.247 12.278    0.037 0.040 0.036 0.043 0.045  A 72551
   2905.63293 12.296 12.258 12.280 12.296 12.334    0.035 0.036 0.034 0.038 0.039  A 72979
   2907.79894 12.207 12.166 12.201 12.206 12.188    0.051 0.054 0.053 0.054 0.055  B 73303
   2910.61240 12.269 12.293 12.292 12.300 12.291    0.033 0.037 0.034 0.039 0.040  A 73713
   2912.63971 12.235 12.322 12.346 12.373 12.374    0.055 0.053 0.049 0.057 0.059  B 74102
   2915.61920 12.303 12.332 12.304 12.308 12.336    0.035 0.042 0.044 0.047 0.048  A 74377
   2916.71094 12.230 12.275 12.286 12.327 12.304    0.042 0.041 0.039 0.048 0.051  A 74609
   2921.69578 12.198 12.237 12.226 12.199 12.206    0.033 0.036 0.034 0.040 0.046  A 75107
   2923.68377 12.150 12.102 12.138 12.176 12.200    0.038 0.042 0.041 0.043 0.043  A 75477
   2926.68507 12.144 12.147 12.130 12.132 12.168    0.033 0.042 0.039 0.041 0.040  A 75837
   2933.73667 12.002 12.003 12.012 12.026 12.049    0.035 0.038 0.037 0.038 0.037  A 77116
   2935.73150 12.031 12.026 12.030 12.043 12.052    0.033 0.037 0.037 0.037 0.037  A 77475
   2939.55213 11.973 11.938 11.963 11.963 11.997    0.048 0.051 0.045 0.050 0.051  B 77780
   2940.76041 11.922 11.920 11.936 11.928 11.939    0.042 0.040 0.028 0.032 0.032  A 78056
   2944.57226 11.889 11.881 11.880 11.863 11.862    0.039 0.043 0.038 0.046 0.046  A 78499
   2948.61029 11.810 11.801 11.796 11.809 11.806    0.057 0.056 0.058 0.064 0.064  B 79129
   2950.64489 11.827 11.835 11.806 11.797 11.778    0.032 0.031 0.029 0.033 0.039  A 79448
   2954.66425 11.753 11.763 11.741 11.726 11.718    0.035 0.034 0.031 0.035 0.040  A 79953
   2956.66293 11.750 11.744 11.752 11.745 11.737    0.031 0.029 0.027 0.029 0.032  A 80247
   2958.65890 11.751 11.740 11.725 11.710 11.714    0.031 0.028 0.024 0.027 0.029  A 80533
   2960.65759 11.679 11.648 11.710 11.794 11.819    0.071 0.083 0.095 0.109 0.123  D 80787
   2964.67535 11.731 11.690 11.682 11.672 11.664    0.031 0.030 0.028 0.029 0.032  A 81361
   2966.67574 11.808 11.836 11.792 11.790 11.800    0.084 0.094 0.093 0.094 0.095  D 81647
   2971.52097 11.800 11.797 11.781 11.790 11.796    0.050 0.047 0.042 0.043 0.044  A 82202
   2973.54400 11.909 11.918 11.933 11.953 11.961    0.028 0.028 0.026 0.029 0.033  A 82432
   2975.56965 11.920 11.946 11.947 11.953 11.951    0.052 0.048 0.047 0.051 0.050  B 82689
   2977.59535 11.950 11.969 11.961 11.948 11.933    0.034 0.035 0.035 0.041 0.046  A 82970
   2979.61585 12.047 12.024 12.021 12.035 12.016    0.033 0.029 0.026 0.030 0.034  A 83247
   2981.63267 12.075 12.042 12.048 12.044 12.072    0.035 0.033 0.032 0.038 0.045  A 83509
   2987.68186 12.260 12.244 12.273 12.291 12.285    0.030 0.027 0.026 0.029 0.034  A 84324
   2994.66670 12.421 12.427 12.449 12.442 12.467    0.030 0.028 0.025 0.028 0.031  A 85195
   3006.59357 12.841 12.786 12.795 12.773 12.804    0.032 0.029 0.027 0.031 0.037  A 86572
   3008.61155 12.683 12.668 12.659 12.640 12.641    0.033 0.032 0.030 0.034 0.039  A 86833
   3013.59315 12.958 12.949 12.993 13.123 13.294    0.035 0.033 0.034 0.040 0.047  A 87496
   3016.60509 13.181 13.288 13.404 13.593 13.748    0.039 0.040 0.040 0.044 0.048  A 87732
   3025.57313 13.008 12.938 99.999 99.999 99.999    0.065 0.077 0.078 0.080 0.083  D 88403
   3033.54549 13.475 13.598 13.685 13.710 13.721    0.032 0.029 0.028 0.032 0.037  A 88993
   3037.55711 13.092 13.057 12.988 12.885 12.804    0.033 0.032 0.030 0.034 0.037  A 89456
   3043.52217 12.918 12.884 12.888 12.871 12.912    0.041 0.033 0.032 0.036 0.041  A 89888
   3046.52694 12.739 12.758 12.779 12.777 12.734    0.037 0.033 0.031 0.037 0.043  A 90298
   3049.52414 29.999 29.999 29.999 29.999 29.999    0.047 0.051 0.057 0.072 0.085  D 90688
   3110.92373 12.305 12.275 12.303 12.323 12.353    0.038 0.036 0.034 0.039 0.045  A 98943
   3116.91861 12.370 12.398 12.390 12.442 12.512    0.033 0.032 0.031 0.036 0.040  A 99913
   3130.90294 12.478 12.414 12.439 12.476 12.512    0.044 0.043 0.040 0.045 0.050  A 101580
   3182.88174 12.322 12.324 12.306 12.273 12.263    0.041 0.038 0.040 0.047 0.053  A 107590
   3193.91535 12.444 12.421 12.430 12.392 12.355    0.045 0.037 0.032 0.034 0.038  A 108984
   3321.63692 12.709 12.717 12.749 12.770 12.791    0.035 0.028 0.025 0.028 0.032  A 120789
   3326.54825 12.737 12.733 12.760 12.799 12.816    0.038 0.028 0.023 0.026 0.028  A 121083
   3355.54766 12.174 12.190 12.183 12.183 12.171    0.036 0.026 0.024 0.027 0.030  A 124338
   3357.61577 12.095 12.122 12.104 12.099 12.108    0.040 0.029 0.026 0.029 0.032  A 124583
   3362.65756 12.165 12.160 12.144 12.115 12.080    0.049 0.031 0.031 0.035 0.040  A 124844
   3366.63514 12.007 12.062 12.125 12.200 12.155    0.065 0.040 0.042 0.048 0.053  B 125170
   3386.55508 12.245 12.168 12.171 12.218 12.257    0.075 0.045 0.035 0.039 0.043  D 126142
   3388.58454 12.116 12.123 12.136 12.132 12.119    0.054 0.035 0.032 0.036 0.039  A 126430
   3391.56723 12.201 12.204 12.199 12.208 12.304    0.040 0.032 0.032 0.038 0.043  A 126817
   3395.57038 12.288 12.284 12.276 12.252 12.247    0.036 0.033 0.034 0.041 0.048  A 127242
   3398.54813 12.318 12.307 12.278 12.249 12.242    0.039 0.031 0.031 0.035 0.040  A 127604
   3405.54673 12.405 12.469 12.516 12.571 12.627    0.114 0.056 0.049 0.055 0.058  D 128531
   3408.53072 12.512 12.507 12.499 12.501 12.481    0.044 0.029 0.032 0.036 0.039  A 128993
   3411.52613 12.645 12.670 12.672 12.654 12.632    0.048 0.034 0.033 0.036 0.040  A 129441
   3414.52059 12.651 12.670 12.667 12.642 12.685    0.043 0.029 0.029 0.034 0.038  A 129902
   3510.87736 12.626 12.676 12.687 12.669 12.663    0.032 0.031 0.024 0.026 0.028  A 143563
   3517.91387 12.783 12.813 12.862 12.926 12.996    0.064 0.041 0.037 0.042 0.046  B 144433
   3529.86349 12.947 12.945 12.983 12.992 13.009    0.070 0.043 0.038 0.042 0.049  B 146268
   3551.91736 12.770 12.781 12.795 12.819 12.825    0.034 0.030 0.027 0.030 0.034  A 148404
   3554.88754 12.509 12.532 12.519 12.516 12.521    0.038 0.036 0.031 0.035 0.040  A 148841
   3561.83684 12.442 12.417 12.411 12.388 12.362    0.077 0.037 0.030 0.033 0.034  D 149810
   3564.82809 12.468 12.429 12.431 12.453 12.478    0.034 0.032 0.026 0.026 0.029  A 150310
   3569.87362 12.360 12.326 12.328 12.328 12.337    0.034 0.034 0.027 0.029 0.032  A 150653
   3571.88670 12.372 12.350 12.329 12.281 12.250    0.041 0.038 0.032 0.035 0.038  A 150986
   3574.80083 12.256 12.294 12.287 12.308 12.351    0.040 0.036 0.029 0.032 0.035  A 151343
   3576.84586 12.211 12.229 12.260 12.313 12.348    0.042 0.040 0.040 0.047 0.054  A 151717
   3579.88849 12.264 12.286 12.297 12.305 12.325    0.033 0.028 0.025 0.028 0.031  A 152240
   3583.80989 12.218 12.237 12.257 12.319 12.380    0.048 0.038 0.035 0.039 0.044  A 152895
   3589.75808 12.243 12.258 12.234 12.225 12.215    0.035 0.028 0.024 0.027 0.029  A 153884
   3591.87896 12.230 12.269 12.268 12.270 12.275    0.037 0.030 0.025 0.027 0.029  A 154266
   3597.78786 12.348 12.308 12.306 12.290 12.266    0.040 0.032 0.026 0.029 0.031  A 155180
   3600.84907 12.257 12.290 12.245 12.248 12.288    0.041 0.040 0.041 0.049 0.058  A 155459
   3603.71468 12.278 12.321 12.328 12.330 12.347    0.039 0.035 0.029 0.033 0.036  A 155910
   3617.71422 12.503 12.377 12.344 12.292 12.246    0.047 0.041 0.035 0.037 0.042  A 157160
   3619.84289 12.451 12.395 12.385 12.357 12.288    0.081 0.055 0.055 0.064 0.078  D 157497
   3622.67561 12.466 12.503 12.541 12.577 12.614    0.035 0.031 0.025 0.026 0.029  A 157916
   3625.71827 12.485 12.485 12.540 12.600 12.617    0.035 0.034 0.029 0.034 0.040  A 158195
   3628.69687 12.332 12.365 12.356 12.341 12.327    0.036 0.035 0.029 0.032 0.035  A 158471
   3630.72529 12.331 12.350 12.334 12.320 12.281    0.039 0.038 0.033 0.037 0.042  A 158820
   3632.75337 12.340 12.382 12.402 12.420 12.478    0.037 0.035 0.034 0.040 0.045  A 159138
   3637.82108 12.253 12.245 12.245 12.249 12.241    0.034 0.034 0.027 0.031 0.036  A 159773
   3640.75528 12.388 12.374 12.380 12.391 12.378    0.034 0.030 0.026 0.029 0.032  A 160055
   3643.60294 12.320 12.365 12.358 12.365 12.385    0.039 0.038 0.036 0.038 0.043  A 160444
   3646.65720 12.196 12.159 12.176 12.176 12.164    0.037 0.034 0.027 0.028 0.030  A 160772
   3648.81590 12.128 12.164 12.162 12.185 12.198    0.067 0.065 0.064 0.070 0.076  D 161086
   3651.59135 12.070 12.069 12.063 12.051 12.063    0.039 0.033 0.027 0.029 0.031  A 161430
   3653.62983 11.953 11.959 11.965 11.987 12.032    0.047 0.036 0.034 0.039 0.045  A 161755
   3655.61671 11.899 11.942 11.942 11.932 11.910    0.037 0.028 0.024 0.028 0.031  A 162012
   3657.65437 11.913 11.894 11.901 11.914 11.927    0.040 0.030 0.027 0.031 0.035  A 162325
   3659.69086 11.901 11.944 11.963 11.967 11.968    0.033 0.032 0.030 0.034 0.039  A 162650
   3661.72050 11.857 11.915 11.920 11.908 11.895    0.038 0.033 0.033 0.039 0.045  A 162964
   3663.79975 11.863 11.835 11.865 11.886 11.902    0.036 0.034 0.035 0.042 0.047  A 163267
   3666.61821 11.896 11.880 11.901 11.940 11.955    0.037 0.030 0.025 0.026 0.028  A 163647
   3669.70810 11.907 11.940 11.933 11.920 11.916    0.032 0.030 0.025 0.027 0.029  A 163999
   3671.79917 11.933 11.970 11.985 12.002 12.026    0.035 0.034 0.030 0.032 0.037  A 164313
   3674.59910 12.012 12.004 12.003 12.006 12.031    0.034 0.030 0.025 0.027 0.029  A 164679
   3676.62207 12.103 12.128 12.087 12.089 12.092    0.040 0.029 0.024 0.026 0.029  A 164971
   3680.53903 12.022 12.012 12.039 12.060 12.059    0.044 0.031 0.025 0.027 0.029  A 165319
   3700.72579 12.588 12.587 12.568 12.540 12.551    0.045 0.038 0.037 0.042 0.047  A 168071
   3703.60688 12.604 12.656 12.626 12.585 12.561    0.033 0.026 0.025 0.028 0.033  A 168418
   3706.56172 12.701 12.732 12.714 12.675 12.621    0.045 0.035 0.035 0.040 0.044  A 168816
   3708.64740 12.754 12.772 12.771 12.751 12.769    0.040 0.030 0.027 0.031 0.034  A 169126
   3712.61928 12.925 13.014 13.053 13.099 13.155    0.034 0.028 0.026 0.029 0.033  A 169399
   3714.62949 12.922 12.950 12.960 12.944 12.930    0.037 0.028 0.027 0.031 0.034  A 169688
   3717.58928 12.913 12.895 12.872 12.889 12.995    0.033 0.030 0.033 0.039 0.044  A 170068
   3720.58585 12.976 12.956 12.940 12.907 12.840    0.039 0.032 0.032 0.038 0.044  A 170420
   3722.64538 13.038 13.047 13.049 13.030 12.997    0.041 0.033 0.034 0.040 0.046  A 170698
   3725.61500 13.065 13.110 13.135 13.168 13.171    0.050 0.038 0.037 0.041 0.044  A 170995
   3727.63436 12.942 12.922 12.910 12.912 12.926    0.035 0.033 0.033 0.040 0.047  A 171275
   3731.58104 12.986 12.984 12.994 13.018 12.991    0.035 0.034 0.035 0.040 0.047  A 171667
   3734.61544 12.839 12.835 12.858 12.892 12.908    0.039 0.037 0.040 0.050 0.060  B 172067
   3737.60825 12.877 12.924 12.924 12.912 12.920    0.056 0.031 0.027 0.030 0.034  A 172478
   3739.62959 12.991 13.005 13.025 13.028 13.001    0.039 0.027 0.028 0.032 0.036  A 172767
   3742.59524 12.847 12.878 12.908 12.914 12.919    0.036 0.028 0.028 0.032 0.035  A 173131
   3745.60108 12.817 12.771 12.763 12.748 12.740    0.033 0.031 0.031 0.035 0.040  A 173545
   3748.59242 12.704 12.703 12.722 12.730 12.718    0.046 0.036 0.039 0.048 0.055  A 173941
   3752.58350 12.607 12.640 12.662 12.673 12.615    0.051 0.038 0.038 0.046 0.052  A 174499
   3755.54957 12.562 12.583 12.602 12.623 12.636    0.036 0.032 0.033 0.038 0.044  A 174891
   3758.54821 12.261 12.305 12.335 12.375 12.382    0.060 0.035 0.030 0.035 0.037  A 175313
   3761.55241 12.321 12.298 12.288 12.287 12.280    0.052 0.035 0.037 0.044 0.051  A 175711
   3764.54208 12.162 12.165 12.157 12.161 12.175    0.050 0.038 0.037 0.043 0.050  A 176122
   3767.53590 12.211 12.131 12.150 12.171 12.178    0.070 0.040 0.036 0.040 0.047  B 176539
   3770.53524 11.938 11.921 11.972 12.006 11.740    0.079 0.081 0.100 0.128 0.156  D 176938
   3774.53813 11.917 11.893 11.859 11.846 11.828    0.040 0.038 0.041 0.049 0.058  A 177471
   3777.52547 11.888 11.935 11.957 11.978 12.007    0.044 0.034 0.037 0.045 0.053  A 177910
   3852.91685 99.999 99.999 99.999 99.999 99.999    0.051 0.042 0.042 0.049 0.058  C 187701
   3862.90234 12.439 12.488 12.506 12.518 12.542    0.040 0.029 0.026 0.029 0.033  A 189287
   3865.91785 12.334 12.389 12.418 12.452 12.541    0.052 0.035 0.032 0.035 0.039  A 189798
   3868.92079 12.294 12.263 12.254 12.226 12.223    0.044 0.038 0.037 0.044 0.054  A 190291
   3871.92196 12.339 12.361 12.381 12.400 12.412    0.041 0.035 0.034 0.039 0.045  A 190837
   3880.91416 12.122 12.161 12.157 12.157 12.180    0.040 0.034 0.030 0.036 0.041  A 191899
   3887.93544 12.253 12.225 12.229 12.246 12.267    0.043 0.038 0.033 0.036 0.040  A 192760
   3891.86773 12.288 12.317 12.326 12.366 12.393    0.040 0.032 0.025 0.029 0.033  A 193431
   3894.87888 12.350 12.357 12.371 12.399 12.478    0.034 0.033 0.026 0.029 0.030  A 193936
   3898.86297 12.456 12.446 12.431 12.442 12.444    0.038 0.035 0.033 0.038 0.043  A 194427
   3901.89048 12.536 12.535 12.500 12.501 12.500    0.042 0.040 0.039 0.047 0.054  A 194932
   3904.88841 12.651 12.690 12.637 12.590 12.584    0.067 0.038 0.031 0.033 0.037  B 195498
   3907.91069 12.787 12.771 12.814 12.855 12.858    0.047 0.037 0.032 0.037 0.041  A 196080
   3912.91604 12.774 12.800 12.806 12.826 12.833    0.044 0.031 0.027 0.030 0.034  A 196840
   4089.57941 12.389 12.347 12.371 12.390 12.405    0.036 0.026 0.025 0.028 0.031  A 209111
   4092.55984 12.310 12.350 12.364 12.366 99.999    0.049 0.035 0.034 0.038 0.043  C 209488
   4104.56580 99.999 99.999 99.999 99.999 99.999    0.044 0.036 0.036 0.043 0.049  C 210677
   4106.62703 12.510 12.473 12.466 12.468 12.449    0.052 0.062 0.062 0.065 0.068  D 210957
   4111.61830 12.551 12.530 12.508 12.488 12.486    0.051 0.032 0.031 0.035 0.038  A 211379
   4125.53734 12.521 12.532 12.555 12.573 12.574    0.043 0.033 0.032 0.035 0.037  A 211501
   4127.55369 12.503 12.505 12.483 12.478 12.465    0.039 0.031 0.032 0.034 0.036  A 211768
   4133.54714 12.338 12.354 12.388 12.399 12.440    0.038 0.030 0.034 0.042 0.047  A 212555
   4136.53634 12.439 12.402 12.414 12.432 12.434    0.055 0.030 0.030 0.034 0.037  A 212949
   4229.90106 13.333 13.404 13.424 13.443 13.488    0.043 0.034 0.030 0.033 0.038  A 223606
   4232.90424 29.999 29.999 29.999 29.999 29.999    0.059 0.049 0.046 0.048 0.052  C 224123
   4247.88522 13.590 13.579 13.508 13.485 13.524    0.045 0.049 0.051 0.057 0.063  B 226490
   4253.93935 29.999 29.999 29.999 29.999 29.999    0.083 0.091 0.110 0.135 0.144  D 226950
   4258.88460 12.925 12.972 13.044 13.097 13.193    0.048 0.051 0.050 0.054 0.058  B 227600
   4268.89314 11.856 11.954 12.047 12.071 12.090    0.043 0.041 0.037 0.041 0.046  A 228070
   4273.83086 12.036 12.017 11.958 11.894 11.819    0.068 0.101 0.150 0.218 0.263  D 228562
   4278.78897 12.035 12.004 12.005 12.003 12.027    0.036 0.034 0.031 0.035 0.041  A 229203
   4284.81578 11.951 11.954 11.954 11.932 11.870    0.038 0.035 0.030 0.034 0.041  A 229866
   4290.84027 11.925 11.949 11.953 11.907 11.936    0.053 0.051 0.044 0.047 0.049  B 230567
   4292.89049 11.919 11.979 11.944 11.943 11.925    0.046 0.045 0.042 0.045 0.047  A 230962
   4295.81446 11.956 11.914 11.949 11.963 11.937    0.050 0.042 0.035 0.036 0.038  A 231455
   4297.89185 12.034 12.078 12.084 12.116 12.174    0.045 0.041 0.038 0.041 0.047  A 231834
   4300.80563 11.979 12.009 12.040 12.066 12.063    0.063 0.047 0.042 0.045 0.050  B 232340
   4302.87852 12.065 12.051 12.074 12.097 12.132    0.045 0.050 0.049 0.056 0.063  B 232679
   4304.79076 12.102 12.066 12.078 12.065 12.081    0.042 0.044 0.039 0.041 0.044  A 233009
   4306.78753 12.054 12.065 12.064 12.090 12.108    0.034 0.034 0.027 0.028 0.031  A 233371
   4308.79147 12.137 12.117 12.124 12.140 12.137    0.042 0.043 0.045 0.054 0.064  B 233702
   4310.80761 12.183 12.141 12.117 12.129 12.171    0.047 0.051 0.052 0.059 0.064  B 233954
   4312.80659 12.394 12.332 12.315 12.293 12.327    0.068 0.061 0.066 0.078 0.090  D 234282
   4316.73675 12.333 12.323 12.279 12.251 12.219    0.048 0.052 0.052 0.056 0.059  B 234679
   4319.80000 12.621 12.629 12.649 12.645 12.645    0.034 0.032 0.025 0.028 0.030  A 235040
   4330.69727 12.658 12.668 12.690 12.736 12.755    0.084 0.064 0.054 0.054 0.057  D 235335
   4332.71435 12.638 12.609 12.573 12.540 12.555    0.042 0.041 0.039 0.042 0.045  A 235704
   4334.70101 12.596 12.620 12.612 12.621 12.632    0.033 0.032 0.025 0.028 0.032  A 236057
   4338.67877 29.999 29.999 29.999 29.999 29.999    0.037 0.038 0.032 0.036 0.040  C 236445
   4340.75763 12.941 13.013 12.886 12.796 12.747    0.049 0.049 0.051 0.058 0.061  B 236810
   4342.76509 12.714 12.663 12.562 12.460 12.330    0.055 0.058 0.059 0.066 0.070  D 237145
   4344.76981 29.999 29.999 29.999 29.999 29.999    0.050 0.047 0.051 0.059 0.065  C 237487
   4346.78093 12.636 12.604 12.563 12.541 12.534    0.043 0.043 0.045 0.049 0.050  A 237830
   4348.77241 12.547 12.561 12.571 12.571 12.597    0.036 0.030 0.026 0.028 0.031  A 238181
   4350.84810 12.544 12.552 12.557 12.589 12.632    0.043 0.034 0.033 0.037 0.041  A 238518
   4353.67479 12.406 12.438 12.416 12.437 12.435    0.031 0.031 0.024 0.025 0.028  A 238870
   4355.72552 12.425 12.405 12.428 12.424 12.434    0.031 0.031 0.025 0.028 0.031  A 239204
   4358.64794 12.243 12.294 12.302 12.314 12.319    0.037 0.035 0.031 0.031 0.032  A 239634
   4361.63639 12.213 12.223 12.194 12.180 12.160    0.037 0.035 0.029 0.029 0.028  A 240025
   4363.67018 29.999 29.999 29.999 29.999 29.999    0.032 0.033 0.027 0.030 0.033  C 240351
   4365.66820 12.143 12.110 12.178 12.193 12.158    0.032 0.031 0.026 0.028 0.031  A 240661
   4367.70105 12.175 12.208 12.180 12.200 12.206    0.038 0.037 0.033 0.038 0.045  A 240869
   4369.71064 12.204 12.214 12.224 12.233 12.292    0.039 0.038 0.035 0.041 0.048  A 241169
   4371.73744 12.133 12.161 12.151 12.142 12.113    0.037 0.034 0.032 0.037 0.042  A 241507
   4373.75002 12.114 12.126 12.137 12.153 12.139    0.038 0.032 0.028 0.033 0.039  A 241805
   4376.74055 12.149 12.153 12.149 12.130 12.104    0.033 0.033 0.032 0.037 0.044  A 242159
   4379.60114 12.492 12.451 12.434 12.410 12.420    0.034 0.032 0.028 0.029 0.031  A 242562
   4381.66182 12.224 12.262 12.264 12.282 12.289    0.037 0.036 0.034 0.037 0.041  A 242882
   4383.68434 12.193 12.165 12.178 12.174 12.176    0.055 0.037 0.028 0.028 0.031  A 243196
   4385.70215 12.318 12.332 12.307 12.297 12.287    0.030 0.030 0.026 0.027 0.030  A 243515
   4387.73086 12.237 12.271 12.270 12.282 12.294    0.048 0.048 0.045 0.048 0.051  A 243841
   4389.71026 12.270 12.241 12.198 12.160 12.135    0.036 0.036 0.033 0.038 0.045  A 244133
   4393.65820 12.490 12.529 12.530 12.522 12.534    0.042 0.043 0.045 0.052 0.059  B 244656
   4399.71986 12.479 12.481 12.527 12.545 12.573    0.042 0.038 0.038 0.046 0.054  A 244861
   4402.72562 12.648 12.687 12.651 12.601 12.553    0.050 0.037 0.033 0.038 0.044  A 245145
   4406.65635 12.765 12.742 12.790 12.796 12.782    0.044 0.040 0.036 0.039 0.042  A 245439
   4408.68222 12.751 12.700 12.654 12.616 12.568    0.036 0.033 0.029 0.034 0.040  A 245746
   4411.64948 12.929 12.994 13.043 13.077 13.136    0.061 0.040 0.038 0.040 0.042  A 246101
   4420.56336 13.202 13.250 13.311 13.364 13.352    0.041 0.040 0.038 0.044 0.050  A 246436
   4422.63596 13.228 13.160 13.137 13.122 13.145    0.035 0.028 0.025 0.028 0.031  A 246656
   4426.63264 13.375 13.396 13.524 13.654 13.819    0.039 0.035 0.039 0.049 0.057  A 246947
   4431.58461 13.376 13.385 13.381 13.383 13.429    0.037 0.034 0.030 0.034 0.040  A 247515
   4433.66319 13.487 13.513 13.471 13.374 13.288    0.039 0.034 0.034 0.042 0.049  A 247803
   4435.72745 13.486 13.509 13.602 13.749 13.860    0.060 0.039 0.033 0.037 0.041  A 248060
   4438.61986 13.373 13.463 13.532 13.634 13.771    0.058 0.048 0.044 0.048 0.051  A 248400
   4440.71431 13.395 13.421 13.422 13.490 13.610    0.040 0.033 0.028 0.030 0.033  A 248689
   4443.63310 13.690 13.669 13.643 13.589 13.502    0.036 0.034 0.031 0.033 0.035  A 248983
   4453.62406 13.322 13.233 13.284 13.335 13.394    0.033 0.032 0.031 0.037 0.041  A 250120
   4456.59778 13.037 13.026 13.026 12.968 12.928    0.041 0.039 0.039 0.046 0.054  A 250438
   4459.58339 13.011 13.006 13.062 13.138 13.228    0.042 0.035 0.034 0.041 0.048  A 250791
   4462.57813 12.860 12.845 12.924 12.973 13.036    0.032 0.031 0.027 0.031 0.035  A 251156
   4464.64570 12.750 12.740 12.775 12.809 12.790    0.040 0.034 0.032 0.035 0.041  A 251418
   4467.59298 12.674 12.626 12.607 12.583 12.584    0.036 0.034 0.033 0.035 0.038  A 251741
   4470.59533 12.457 12.440 12.460 12.482 12.502    0.050 0.036 0.033 0.035 0.040  A 252086
   4474.59710 12.225 12.219 12.214 12.190 12.178    0.037 0.033 0.031 0.038 0.045  A 252462
   4477.56933 12.082 12.066 12.089 12.084 12.078    0.053 0.046 0.051 0.060 0.066  B 252755
   4480.55746 12.077 12.010 12.025 12.038 12.056    0.040 0.038 0.037 0.043 0.050  A 253110
   4483.57281 11.967 11.962 11.998 12.083 12.124    0.059 0.054 0.056 0.063 0.068  B 253437
   4487.54859 12.032 11.959 11.969 11.987 11.965    0.048 0.054 0.060 0.068 0.075  D 253795
   4490.54124 12.056 12.050 12.017 12.011 12.029    0.032 0.029 0.026 0.029 0.032  A 254127
   4493.54063 12.083 12.054 12.071 12.056 12.056    0.032 0.029 0.027 0.031 0.033  A 254489
   4497.54870 12.098 12.129 12.154 12.152 12.144    0.064 0.047 0.041 0.048 0.054  B 254739
   4500.54698 12.165 12.151 12.170 12.192 12.181    0.050 0.046 0.044 0.046 0.050  A 255122
   4509.52537 12.426 12.421 12.446 12.455 12.428    0.045 0.040 0.041 0.047 0.053  A 256385
#ndata= 321
#dataset= 3 ; 1 F0200-80_007
#desig= 002655-7932.8
#cra=    0.448716  00:26:55.4
#cdec= -79.546689 -79:32:48.1
#class= 0
#cmag_0= 12.390
#cmer_0=  0.438
#nskip_0= 1
#cmag_1= 12.406
#cmer_1=  0.439
#nskip_1= 3
#cmag_2= 12.407
#cmer_2=  0.441
#nskip_2= 1
#cmag_3= 12.413
#cmer_3=  0.450
#nskip_3= 0
#cmag_4= 12.417
#cmer_4=  0.452
#nskip_4= 0
#ra=    0.448716  00:26:55.4
#dec= -79.546689 -79:32:48.1
#     HJD      MAG_0  MAG_1  MAG_2  MAG_3  MAG_4    MER_0 MER_1 MER_2 MER_3 MER_4 GRADE FRAME
   1868.60180 12.016 12.015 12.040 12.058 12.037    0.071 0.036 0.030 0.033 0.035  B 64
   1869.58638 12.105 12.080 12.079 12.087 12.076    0.042 0.028 0.024 0.027 0.029  A 222
   1870.60270 12.081 12.135 12.132 12.124 12.133    0.041 0.028 0.025 0.027 0.030  A 377
   1872.57368 12.339 12.270 12.250 12.235 12.186    0.069 0.034 0.029 0.030 0.032  B 657
   1873.60072 12.299 12.277 12.259 12.239 12.211    0.084 0.039 0.033 0.034 0.036  B 828
   1874.59228 12.171 12.236 12.239 12.226 12.255    0.071 0.034 0.029 0.032 0.033  B 987
   1875.58840 12.320 12.335 12.345 12.324 12.328    0.073 0.036 0.032 0.035 0.035  B 1145
   1876.58921 12.422 12.393 12.381 12.377 12.414    0.072 0.035 0.030 0.032 0.034  B 1306
   1877.59143 12.450 12.382 12.361 12.359 12.397    0.066 0.036 0.030 0.032 0.035  B 1468
   1878.58378 12.538 12.450 12.424 12.399 12.376    0.060 0.035 0.030 0.032 0.034  A 1621
   1880.57128 12.446 12.458 12.437 12.438 12.423    0.061 0.032 0.030 0.034 0.037  B 1930
   1881.57762 12.469 12.504 12.487 12.476 12.488    0.049 0.030 0.026 0.028 0.032  A 2088
   1884.55897 12.633 12.679 12.651 12.612 12.621    0.058 0.032 0.028 0.030 0.033  A 2230
   1886.55208 12.804 12.723 12.707 12.699 12.648    0.049 0.032 0.027 0.030 0.032  A 2547
   1887.60714 12.642 12.641 12.672 12.746 12.831    0.057 0.034 0.031 0.035 0.036  A 2731
   1889.54835 12.807 12.823 12.847 12.889 12.942    0.053 0.035 0.032 0.037 0.041  A 3025
   1900.52711 13.385 13.297 13.279 13.283 13.278    0.047 0.032 0.028 0.033 0.035  A 3305
   1903.55320 13.363 13.402 13.439 13.474 13.417    0.061 0.033 0.028 0.030 0.031  B 3632
   1905.56556 13.610 13.562 13.612 13.669 13.670    0.071 0.040 0.033 0.034 0.035  B 3959
   1907.57063 13.456 13.531 13.492 13.464 13.425    0.047 0.032 0.027 0.028 0.030  A 4284
   1914.52770 13.571 13.628 13.734 13.777 13.659    0.071 0.038 0.035 0.039 0.045  B 4722
   1918.54172 13.235 13.227 13.174 13.078 12.935    0.050 0.032 0.030 0.034 0.039  A 5102
   1920.59687 13.453 13.503 13.612 13.671 13.713    0.052 0.035 0.031 0.034 0.036  A 5446
   1922.59541 13.250 13.189 13.162 13.124 13.137    0.038 0.033 0.026 0.029 0.031  A 5757
   1926.59280 13.194 13.206 13.201 13.168 13.231    0.051 0.037 0.032 0.034 0.038  A 6428
   1929.56413 13.002 13.005 13.023 13.037 12.947    0.042 0.031 0.026 0.028 0.030  A 6895
   1932.52947 12.900 12.915 12.949 13.006 13.056    0.045 0.032 0.027 0.030 0.033  A 7381
   1939.55524 12.501 12.503 12.490 12.484 12.510    0.035 0.030 0.025 0.027 0.028  A 8360
   1945.52028 12.241 12.199 12.183 12.180 12.206    0.044 0.038 0.032 0.037 0.043  A 8646
   1952.51980 12.013 12.028 12.028 12.037 12.034    0.050 0.042 0.035 0.036 0.039  A 9536
   1955.53214 11.901 11.938 12.008 12.018 12.030    0.042 0.042 0.032 0.033 0.032  A 9984
   2039.92743 12.189 12.216 12.217 12.222 12.183    0.074 0.039 0.035 0.038 0.042  B 19361
   2053.90326 11.936 11.898 11.886 11.880 11.871    0.068 0.035 0.031 0.035 0.037  B 20138
   2055.90951 11.963 11.988 11.984 11.966 11.944    0.078 0.043 0.038 0.041 0.043  B 20587
   2057.91075 11.956 11.956 11.952 11.949 11.920    0.066 0.035 0.031 0.033 0.035  B 21043
   2067.89280 12.111 12.145 12.181 12.233 12.272    0.060 0.035 0.034 0.035 0.039  A 21958
   2068.89678 12.084 12.086 12.081 12.041 11.988    0.072 0.045 0.046 0.057 0.066  B 22186
   2069.88949 12.179 12.223 12.196 12.134 12.113    0.068 0.036 0.033 0.037 0.041  B 22407
   2070.89577 12.168 12.207 12.230 12.252 12.302    0.063 0.036 0.033 0.035 0.039  B 22629
   2080.87920 12.504 12.533 12.516 12.488 12.431    0.053 0.032 0.028 0.031 0.033  A 23003
   2082.95201 12.600 12.607 12.611 12.610 12.520    0.046 0.033 0.033 0.039 0.044  A 23499
   2086.83525 12.734 12.791 12.835 12.928 12.938    0.039 0.029 0.028 0.030 0.032  A 24126
   2087.91202 12.650 12.659 12.646 12.667 12.718    0.065 0.039 0.036 0.037 0.041  B 24382
   2094.92266 13.065 13.180 13.177 13.169 13.096    0.059 0.035 0.030 0.031 0.035  A 25123
   2095.87083 13.155 13.183 13.179 13.207 13.223    0.063 0.034 0.031 0.036 0.039  B 25327
   2103.79911 13.203 13.278 13.320 13.333 13.303    0.069 0.036 0.032 0.034 0.037  B 25880
   2106.90045 13.213 13.264 13.269 13.291 13.338    0.048 0.031 0.026 0.029 0.032  A 26547
   2113.89345 13.190 13.171 13.129 13.126 13.131    0.034 0.029 0.024 0.028 0.030  A 26660
   2115.82875 13.093 13.137 13.139 13.121 13.010    0.043 0.031 0.027 0.031 0.033  A 26948
   2116.83591 13.073 13.075 13.078 13.068 13.098    0.032 0.028 0.024 0.027 0.029  A 27174
   2128.73928 12.394 12.421 12.427 12.400 12.364    0.052 0.032 0.029 0.032 0.035  A 27984
   2129.75853 12.421 12.434 12.452 12.473 12.488    0.061 0.035 0.030 0.032 0.035  B 28207
   2131.78350 12.199 12.213 12.206 12.210 12.220    0.053 0.035 0.029 0.032 0.034  A 28634
   2132.80170 12.323 12.258 12.237 12.250 12.243    0.042 0.030 0.027 0.030 0.032  A 28854
   2133.80388 12.148 12.200 12.205 12.184 12.195    0.037 0.029 0.025 0.030 0.031  A 29071
   2134.79945 12.108 12.142 12.144 12.137 12.162    0.043 0.030 0.026 0.029 0.032  A 29283
   2135.80023 12.252 12.252 12.278 12.329 12.345    0.049 0.043 0.041 0.044 0.048  A 29498
   2136.79598 12.191 12.091 12.115 12.293 12.320    0.052 0.050 0.053 0.063 0.074  D 29710
   2143.78174 11.881 11.905 11.914 11.918 11.911    0.055 0.036 0.031 0.033 0.037  A 30862
   2156.70553 11.885 11.862 11.860 11.842 11.847    0.050 0.037 0.033 0.036 0.039  A 31679
   2164.73559 11.969 11.948 11.983 12.011 11.971    0.040 0.037 0.033 0.037 0.040  A 31950
   2167.70715 11.964 11.943 11.946 11.973 11.948    0.044 0.032 0.028 0.031 0.035  A 32129
   2168.73100 11.949 11.952 11.968 11.979 11.949    0.039 0.032 0.027 0.031 0.033  A 32306
   2169.74179 11.994 12.042 12.061 12.081 12.069    0.039 0.032 0.026 0.030 0.032  A 32465
   2170.76960 12.073 12.034 11.975 11.957 11.958    0.053 0.045 0.045 0.052 0.059  A 32520
   2172.65346 12.096 12.104 12.088 12.063 12.061    0.046 0.033 0.029 0.031 0.033  A 32799
   2173.70786 12.047 12.057 12.058 12.072 12.068    0.037 0.031 0.027 0.031 0.034  A 33010
   2174.71005 12.072 12.072 12.038 12.013 11.999    0.037 0.033 0.028 0.030 0.033  A 33186
   2178.68599 12.092 12.158 12.174 12.205 12.270    0.037 0.033 0.029 0.031 0.033  A 33622
   2180.63717 12.170 12.207 12.202 12.186 12.146    0.052 0.038 0.033 0.036 0.041  A 33791
   2183.64083 12.137 12.211 12.200 12.181 12.182    0.052 0.040 0.034 0.037 0.040  A 33890
   2184.65990 12.178 12.207 12.228 12.233 12.199    0.045 0.040 0.034 0.038 0.041  A 34091
   2185.66860 12.094 12.124 12.144 12.143 12.184    0.038 0.035 0.031 0.035 0.039  A 34281
   2186.70550 12.183 12.133 12.161 12.201 12.177    0.039 0.037 0.032 0.034 0.036  A 34412
   2189.72197 12.216 12.197 12.191 12.183 12.210    0.037 0.034 0.030 0.034 0.035  A 34795
   2190.67881 12.270 12.304 12.362 12.406 12.452    0.035 0.033 0.029 0.032 0.034  A 34958
   2191.68706 12.176 12.142 12.113 12.079 12.086    0.038 0.032 0.026 0.029 0.032  A 35137
   2192.67851 12.271 12.305 12.325 12.328 12.303    0.036 0.030 0.025 0.028 0.030  A 35308
   2193.67053 12.337 12.346 12.381 12.453 12.510    0.034 0.031 0.025 0.028 0.032  A 35487
   2194.67070 12.243 12.225 12.265 12.295 12.282    0.036 0.032 0.026 0.028 0.031  A 35666
   2196.67410 12.287 12.312 12.317 12.325 12.321    0.038 0.032 0.027 0.029 0.032  A 35977
   2197.66696 12.299 12.319 12.358 12.395 12.352    0.034 0.030 0.026 0.028 0.031  A 36158
   2198.66699 12.221 12.222 12.229 12.226 12.262    0.036 0.031 0.026 0.030 0.033  A 36328
   2199.66427 12.343 12.316 12.350 12.391 12.407    0.038 0.034 0.027 0.028 0.031  A 36508
   2201.65076 12.287 12.369 12.375 12.388 12.417    0.033 0.031 0.026 0.029 0.030  A 36751
   2207.64122 12.609 12.771 12.927 13.060 13.113    0.054 0.052 0.050 0.059 0.068  B 37663
   2208.68784 12.539 12.572 12.577 12.537 12.472    0.035 0.031 0.026 0.029 0.032  A 37701
   2211.61078 12.610 12.581 12.669 12.775 12.780    0.041 0.039 0.034 0.038 0.039  A 37842
   2247.59810 12.202 12.237 12.243 12.276 12.231    0.063 0.051 0.043 0.051 0.052  B 42316
   2249.57940 12.186 12.182 12.255 12.302 12.348    0.050 0.044 0.037 0.043 0.042  A 42671
   2251.56622 12.086 12.065 12.090 12.093 12.116    0.055 0.046 0.039 0.046 0.044  A 42988
   2253.55385 11.967 11.997 12.048 12.071 12.101    0.055 0.048 0.040 0.047 0.048  A 43305
   2255.55428 11.920 11.939 11.945 11.926 11.953    0.052 0.045 0.037 0.047 0.046  A 43593
   2262.55979 11.768 11.789 11.803 11.815 11.841    0.072 0.059 0.049 0.058 0.059  B 44511
   2264.54495 11.794 11.778 11.829 11.880 11.888    0.086 0.070 0.056 0.061 0.061  D 44784
   2266.56339 11.835 11.860 11.858 11.820 11.851    0.083 0.067 0.052 0.057 0.060  D 45107
   2464.81682 12.010 12.053 12.037 12.019 12.018    0.032 0.034 0.026 0.029 0.026  A 10918
   2468.81362 11.980 11.974 12.000 12.026 12.062    0.031 0.032 0.024 0.025 0.025  A 11790
   2470.84397 11.971 11.914 11.961 11.995 12.003    0.037 0.039 0.032 0.037 0.031  A 12086
   2473.82735 11.903 11.890 11.916 11.959 11.974    0.041 0.042 0.037 0.043 0.039  A 12766
   2486.81036 11.966 12.003 12.018 12.033 12.065    0.055 0.047 0.041 0.046 0.047  A 13399
   2488.92027 12.226 12.373 12.351 12.486 12.495    0.074 0.066 0.062 0.069 0.078  D 13752
   2489.92164 12.003 12.073 12.084 12.092 12.100    0.041 0.046 0.038 0.040 0.041  A 13971
   2495.78201 12.365 12.308 12.336 12.329 12.345    0.044 0.044 0.037 0.041 0.037  A 14864
   2496.80573 12.309 12.323 12.309 12.303 12.265    0.037 0.040 0.033 0.037 0.032  A 15085
   2498.80679 12.424 12.403 12.404 12.428 12.519    0.037 0.038 0.031 0.034 0.029  A 15511
   2499.80287 12.379 12.406 12.428 12.517 12.545    0.039 0.041 0.033 0.038 0.032  A 15719
   2501.80216 12.528 12.606 12.590 12.591 12.574    0.038 0.039 0.030 0.031 0.024  A 16080
   2502.80139 12.635 12.621 12.621 12.597 12.571    0.041 0.040 0.034 0.040 0.033  A 16293
   2503.79478 12.547 12.704 12.793 12.837 12.820    0.071 0.066 0.060 0.066 0.064  D 16494
   2508.75291 12.981 13.105 13.099 13.038 12.952    0.041 0.040 0.032 0.035 0.038  A 16841
   2519.80220 13.026 13.028 13.064 13.087 13.202    0.046 0.045 0.036 0.038 0.032  A 18069
   2526.86772 12.887 12.820 12.831 12.882 12.916    0.047 0.046 0.035 0.032 0.028  A 18942
   2539.65787 12.174 12.108 12.166 12.227 12.236    0.058 0.055 0.048 0.054 0.048  B 19530
   2540.78930 12.160 12.200 12.226 12.230 12.235    0.050 0.044 0.041 0.045 0.046  A 19776
   2544.76602 12.033 11.967 12.010 12.024 12.013    0.035 0.035 0.030 0.031 0.030  A 20038
   2549.86039 11.687 11.694 11.731 11.760 11.765    0.060 0.048 0.041 0.050 0.051  A 20873
   2553.64108 11.573 11.617 11.640 11.657 11.682    0.037 0.038 0.030 0.034 0.032  A 21327
   2557.76972 11.530 11.521 11.540 11.545 11.563    0.043 0.043 0.036 0.040 0.032  A 21926
   2558.78925 11.562 11.544 11.530 11.543 11.558    0.031 0.035 0.029 0.034 0.032  A 22112
   2559.71610 11.473 11.464 11.490 11.484 11.504    0.033 0.036 0.030 0.034 0.033  A 22262
   2560.71121 11.525 11.543 11.554 11.560 11.580    0.037 0.031 0.026 0.029 0.028  A 22438
   2561.69564 11.564 11.592 11.577 11.586 11.564    0.042 0.041 0.036 0.038 0.039  A 22580
   2562.68477 11.553 11.578 11.592 11.599 11.616    0.032 0.035 0.030 0.033 0.034  A 22756
   2565.70930 11.641 11.648 11.663 11.678 11.706    0.041 0.037 0.030 0.033 0.033  A 23303
   2578.70948 11.886 11.832 11.852 11.849 11.866    0.041 0.040 0.032 0.034 0.035  A 24978
   2620.55711 13.379 13.400 13.530 13.563 13.495    0.054 0.046 0.036 0.037 0.035  A 29437
   2622.58163 13.184 13.291 13.315 13.258 13.190    0.039 0.042 0.037 0.038 0.037  A 29944
   2624.63079 13.253 13.217 13.171 13.291 13.405    0.042 0.049 0.037 0.042 0.041  A 30249
   2627.63979 13.192 13.114 13.138 13.117 13.180    0.036 0.035 0.030 0.034 0.037  A 30573
   2634.52948 13.374 13.358 13.409 13.358 13.361    0.037 0.034 0.028 0.030 0.031  A 32032
   2638.57749 13.237 13.252 13.228 13.215 13.123    0.039 0.044 0.043 0.043 0.040  A 32647
   2640.58027 13.018 13.010 13.042 13.146 13.162    0.037 0.038 0.036 0.038 0.039  A 32958
   2642.58069 13.184 13.209 13.203 13.207 13.236    0.044 0.036 0.036 0.042 0.044  A 33243
   2644.57661 12.846 12.831 12.904 13.042 13.055    0.047 0.041 0.039 0.047 0.048  A 33546
   2646.56301 12.786 12.761 12.949 13.127 13.213    0.048 0.047 0.042 0.049 0.051  A 33842
   2651.57157 12.656 12.737 12.789 12.798 12.887    0.039 0.041 0.039 0.041 0.042  A 34409
   2658.60727 12.541 12.577 12.532 12.476 12.470    0.038 0.034 0.034 0.037 0.039  A 35587
   2662.60646 12.424 12.366 12.376 12.375 12.408    0.038 0.032 0.029 0.029 0.029  A 36268
   2668.60355 12.353 12.351 12.361 12.362 12.371    0.038 0.033 0.027 0.027 0.028  A 37260
   2786.92280 12.122 12.117 12.093 12.078 12.062    0.033 0.035 0.029 0.031 0.032  A 56688
   2790.94076 12.227 12.253 12.281 12.309 12.329    0.037 0.037 0.032 0.037 0.038  A 57455
   2809.89838 13.007 12.929 12.951 12.981 13.030    0.034 0.036 0.029 0.033 0.035  A 59614
   2812.86608 29.999 29.999 29.999 29.999 29.999    0.045 0.035 0.033 0.036 0.040  C 60279
   2816.94279 13.029 13.153 13.173 13.267 13.346    0.051 0.050 0.045 0.054 0.056  A 60986
   2838.85619 12.674 12.806 12.834 12.829 12.809    0.036 0.038 0.035 0.038 0.038  A 63987
   2860.81328 12.382 12.325 12.331 12.347 12.341    0.032 0.035 0.031 0.035 0.035  A 66826
   2871.87259 12.069 12.068 12.085 12.090 12.077    0.045 0.047 0.043 0.051 0.054  A 68050
   2874.80950 11.995 12.003 11.983 11.969 11.972    0.037 0.039 0.033 0.035 0.035  A 68435
   2883.77284 11.923 11.931 11.945 11.954 11.974    0.035 0.036 0.030 0.033 0.033  A 69678
   2888.75925 12.005 12.049 12.033 12.034 12.051    0.038 0.046 0.042 0.047 0.048  A 70496
   2892.80581 12.012 12.062 12.034 12.006 11.973    0.040 0.041 0.038 0.043 0.045  A 70748
   2903.80753 12.257 12.221 12.240 12.239 12.323    0.040 0.043 0.040 0.046 0.048  A 72737
   2906.71341 12.286 12.264 12.238 12.233 12.301    0.041 0.044 0.040 0.048 0.047  A 73211
   2908.76936 12.339 12.307 12.318 12.324 12.309    0.036 0.042 0.037 0.040 0.041  A 73467
   2915.72951 12.346 12.384 12.356 12.348 12.334    0.036 0.039 0.035 0.036 0.034  A 74425
   2924.75415 12.260 12.255 12.304 12.333 12.314    0.038 0.043 0.039 0.043 0.045  A 75677
   2929.70804 12.224 12.263 12.222 12.268 12.225    0.040 0.050 0.043 0.051 0.049  A 76390
   2931.71616 12.073 12.078 12.071 12.049 12.043    0.035 0.040 0.038 0.042 0.043  A 76753
   2939.63054 11.994 11.977 11.990 11.968 11.974    0.034 0.038 0.029 0.032 0.030  A 77813
   2944.64301 11.905 11.964 11.988 11.990 11.971    0.040 0.043 0.039 0.044 0.046  A 78529
   2948.62018 11.885 11.878 11.823 11.751 11.765    0.045 0.046 0.045 0.049 0.053  A 79133
   2950.65247 11.832 11.813 11.802 11.800 11.847    0.036 0.036 0.032 0.035 0.040  A 79451
   2956.67306 11.695 11.664 11.663 11.690 11.675    0.061 0.059 0.056 0.059 0.061  B 80251
   2971.53434 11.844 11.862 11.864 11.882 11.901    0.067 0.056 0.047 0.046 0.046  B 82206
   2975.59243 11.824 11.865 11.896 11.924 11.982    0.042 0.038 0.035 0.036 0.039  A 82698
   2977.61761 11.944 11.934 11.974 11.988 12.016    0.038 0.036 0.031 0.035 0.037  A 82979
   2979.63890 11.987 12.000 11.992 11.980 11.955    0.047 0.041 0.036 0.039 0.042  A 83256
   2994.74336 12.473 12.450 12.399 12.378 12.377    0.035 0.032 0.027 0.029 0.031  A 85225
   2998.71475 12.468 12.481 12.411 12.333 12.267    0.044 0.040 0.038 0.043 0.049  A 85751
   3175.94504 12.147 12.124 12.110 12.101 12.094    0.035 0.033 0.030 0.035 0.040  A 106693
   3179.88746 12.138 12.178 12.150 12.133 12.136    0.033 0.034 0.029 0.032 0.035  A 107288
   3187.85955 12.361 12.414 12.416 12.427 12.418    0.046 0.037 0.036 0.040 0.045  A 108351
   3191.86459 12.310 12.255 12.243 12.222 12.219    0.047 0.042 0.040 0.044 0.051  A 108804
   3358.57666 12.157 12.178 12.183 12.176 12.186    0.047 0.034 0.027 0.030 0.033  A 124681
   3363.63701 12.168 12.162 12.170 12.198 12.233    0.050 0.035 0.033 0.039 0.045  A 124946
   3366.70512 11.987 12.037 12.053 12.062 12.044    0.058 0.041 0.041 0.048 0.055  A 125189
   3386.54714 12.129 12.139 12.146 12.153 12.173    0.061 0.038 0.036 0.041 0.045  B 126139
   3497.92344 12.331 12.422 12.479 12.546 12.587    0.081 0.092 0.106 0.132 0.159  D 142015
   3502.93258 12.334 12.364 12.402 12.467 12.440    0.059 0.042 0.039 0.045 0.051  A 142725
   3509.93361 12.609 12.639 12.628 12.609 12.587    0.049 0.040 0.035 0.037 0.040  A 143518
   3522.92450 12.970 12.987 13.004 12.922 12.882    0.065 0.040 0.035 0.040 0.045  B 145109
   3526.91366 12.884 12.949 13.005 13.046 13.008    0.101 0.059 0.051 0.056 0.061  D 145774
   3541.90812 12.724 12.647 12.729 12.862 12.919    0.083 0.051 0.049 0.055 0.063  B 147331
   3547.94009 12.549 12.525 12.528 12.546 12.545    0.046 0.043 0.042 0.051 0.059  A 148138
   3551.94628 12.651 12.632 12.629 12.669 12.662    0.049 0.040 0.038 0.045 0.051  A 148413
   3555.87013 12.508 12.532 12.552 12.543 12.466    0.035 0.033 0.029 0.032 0.036  A 149002
   3560.86987 12.477 12.510 12.512 12.501 12.429    0.061 0.044 0.043 0.049 0.054  B 149638
   3563.89699 12.611 12.605 12.579 12.563 12.540    0.054 0.048 0.045 0.050 0.047  A 150172
   3568.94429 12.362 12.384 12.359 12.359 12.338    0.037 0.035 0.029 0.032 0.034  A 150483
   3571.88356 12.259 12.252 12.229 12.204 12.214    0.036 0.037 0.031 0.035 0.039  A 150985
   3574.86441 12.222 12.234 12.212 12.209 12.217    0.037 0.036 0.031 0.035 0.038  A 151363
   3577.86393 12.401 12.407 12.406 12.410 12.495    0.041 0.035 0.030 0.035 0.040  A 151881
   3581.92571 12.152 12.205 12.200 12.188 12.175    0.036 0.033 0.031 0.035 0.039  A 152548
   3584.84337 12.243 12.243 12.256 12.282 12.314    0.041 0.032 0.027 0.030 0.034  A 153074
   3587.84079 12.193 12.184 12.180 12.226 12.299    0.038 0.036 0.030 0.034 0.037  A 153592
   3601.80411 12.348 12.335 12.332 12.323 12.327    0.045 0.034 0.031 0.037 0.043  A 155611
   3615.83604 12.394 12.428 12.426 12.439 12.445    0.045 0.046 0.047 0.052 0.059  A 156970
   3618.76796 12.429 12.439 12.473 12.520 12.489    0.044 0.036 0.033 0.037 0.041  A 157327
   3621.78746 12.475 12.393 12.325 12.289 12.286    0.045 0.042 0.041 0.046 0.051  A 157792
   3624.83215 12.435 12.423 12.415 12.407 12.372    0.035 0.035 0.029 0.031 0.034  A 158112
   3628.73416 12.476 12.458 12.464 12.461 12.517    0.036 0.036 0.031 0.034 0.038  A 158483
   3630.77331 12.400 12.414 12.428 12.438 12.407    0.039 0.039 0.034 0.039 0.043  A 158835
   3632.79323 12.257 12.283 12.299 12.301 12.232    0.049 0.044 0.045 0.054 0.065  B 159151
   3638.76685 12.396 12.387 12.395 12.415 12.430    0.036 0.035 0.028 0.030 0.031  A 159822
   3644.69065 12.400 12.373 12.375 12.365 12.353    0.048 0.043 0.043 0.047 0.051  A 160626
   3648.69855 12.142 12.164 12.153 12.141 12.206    0.047 0.041 0.037 0.040 0.043  A 161051
   3650.77641 12.137 12.143 12.151 12.163 12.185    0.033 0.033 0.026 0.029 0.032  A 161359
   3656.71153 11.937 11.973 11.987 11.994 12.018    0.040 0.033 0.029 0.033 0.036  A 162203
   3658.69462 11.912 11.913 11.902 11.886 11.879    0.037 0.034 0.030 0.034 0.040  A 162493
   3660.71345 11.858 11.889 11.910 11.931 11.962    0.038 0.035 0.034 0.041 0.047  A 162808
   3668.70918 11.926 11.945 11.953 11.948 11.924    0.034 0.033 0.027 0.028 0.032  A 163854
   3670.75593 11.898 11.922 11.923 11.938 11.963    0.033 0.031 0.026 0.029 0.031  A 164154
   3673.61843 11.914 11.958 11.972 11.973 11.983    0.036 0.034 0.028 0.030 0.033  A 164539
   3675.68436 12.008 12.036 12.056 12.065 12.089    0.034 0.030 0.026 0.030 0.033  A 164847
   3678.61820 11.987 11.957 11.941 11.940 11.966    0.037 0.033 0.028 0.030 0.033  A 165227
   3700.61385 12.552 12.556 12.516 12.478 12.495    0.042 0.036 0.031 0.035 0.038  A 168034
   3703.58621 12.679 12.658 12.650 12.649 12.648    0.037 0.032 0.027 0.030 0.034  A 168410
   3708.60943 12.784 12.788 12.794 12.800 12.828    0.039 0.032 0.027 0.031 0.034  A 169112
   3712.59123 12.937 12.937 12.956 12.922 12.947    0.036 0.031 0.029 0.031 0.036  A 169389
   3863.92393 12.375 12.406 12.402 12.382 12.350    0.055 0.039 0.034 0.037 0.041  A 189448
   3868.93236 12.387 12.328 12.327 12.327 12.331    0.044 0.038 0.040 0.047 0.055  A 190295
   3872.93505 12.170 12.162 12.127 12.084 12.064    0.090 0.052 0.050 0.058 0.062  D 191033
   3877.92568 12.201 12.179 12.169 12.174 12.155    0.049 0.034 0.032 0.037 0.042  A 191588
   3892.90168 12.326 12.287 12.268 12.259 12.250    0.046 0.038 0.035 0.038 0.043  A 193614
   3898.94441 12.526 12.583 12.593 12.583 12.523    0.042 0.037 0.035 0.042 0.050  A 194456
   3902.91707 12.609 12.630 12.603 12.590 12.646    0.039 0.032 0.030 0.034 0.039  A 195128
   3906.88379 12.683 12.694 12.686 12.683 12.635    0.055 0.038 0.031 0.035 0.037  A 195875
   4084.54848 12.247 12.256 12.266 12.329 12.375    0.063 0.062 0.067 0.069 0.067  D 208456
   4089.66084 12.284 12.311 12.327 12.331 12.342    0.040 0.031 0.029 0.033 0.035  A 209139
   4092.60748 12.273 12.353 12.398 12.406 12.427    0.045 0.032 0.030 0.035 0.038  A 209505
   4103.61114 12.428 12.494 12.532 12.512 12.455    0.045 0.037 0.038 0.044 0.050  A 210584
   4105.63303 12.482 12.539 12.557 12.584 12.504    0.043 0.035 0.033 0.040 0.045  A 210820
   4228.92223 13.252 13.278 13.323 13.368 13.450    0.051 0.053 0.035 0.038 0.043  B 223443
   4232.93193 13.640 13.734 13.814 13.758 13.639    0.061 0.055 0.060 0.070 0.080  D 224133
   4255.94218 13.233 13.261 13.187 13.070 13.371    0.044 0.043 0.040 0.047 0.055  A 227180
   4273.91598 12.233 12.203 12.216 12.245 12.251    0.046 0.046 0.043 0.048 0.051  A 228591
   4278.93890 12.063 12.070 12.059 12.075 12.074    0.034 0.033 0.030 0.035 0.040  A 229238
   4285.89724 11.899 11.925 11.902 11.919 11.967    0.048 0.048 0.047 0.053 0.058  A 230069
   4289.94581 11.976 11.996 12.041 12.072 12.030    0.042 0.040 0.038 0.044 0.050  A 230446
   4295.88527 12.015 11.980 11.983 11.988 11.983    0.041 0.037 0.032 0.035 0.038  A 231480
   4298.89166 12.043 12.054 12.081 12.125 12.191    0.049 0.049 0.052 0.060 0.068  B 232016
   4301.82712 11.991 11.974 11.925 11.917 11.911    0.052 0.054 0.054 0.057 0.060  B 232535
   4304.82780 12.106 12.104 12.106 12.087 12.051    0.044 0.046 0.042 0.045 0.049  A 233021
   4306.88891 12.162 12.136 12.137 12.138 12.132    0.036 0.035 0.028 0.030 0.032  A 233404
   4308.85080 12.183 12.125 12.077 12.035 12.031    0.044 0.045 0.045 0.055 0.064  B 233721
   4311.82305 12.182 12.234 12.243 12.239 12.189    0.049 0.052 0.053 0.059 0.064  B 234122
   4316.80427 12.451 12.478 12.512 12.566 12.618    0.042 0.038 0.036 0.039 0.042  A 234701
   4329.88094 12.802 12.867 12.888 12.964 13.032    0.040 0.042 0.039 0.042 0.044  A 235223
   4331.85329 12.700 12.747 12.810 12.859 12.825    0.055 0.050 0.045 0.048 0.051  A 235572
   4333.80517 12.656 12.632 12.661 12.744 12.824    0.043 0.045 0.044 0.048 0.050  A 235915
   4339.79236 12.758 12.781 12.811 12.817 12.808    0.038 0.039 0.034 0.038 0.042  A 236642
   4341.78623 12.669 12.721 12.699 12.656 12.589    0.038 0.036 0.031 0.035 0.040  A 236975
   4343.83470 12.603 12.523 12.446 12.366 12.249    0.056 0.054 0.056 0.065 0.072  B 237345
   4346.76855 12.689 12.675 12.628 12.601 12.585    0.041 0.036 0.030 0.034 0.036  A 237826
   4348.81282 12.660 12.609 12.570 12.590 12.628    0.038 0.035 0.031 0.036 0.041  A 238195
   4354.73692 12.412 12.428 12.438 12.437 12.463    0.136 0.077 0.047 0.048 0.042  D 239032
   4357.74088 12.272 12.290 12.293 12.290 12.284    0.033 0.034 0.028 0.032 0.035  A 239499
   4362.73588 12.191 12.243 12.249 12.243 12.243    0.039 0.044 0.043 0.047 0.051  A 240206
   4364.71777 12.245 12.267 12.276 12.270 12.267    0.033 0.033 0.028 0.031 0.033  A 240531
   4367.70769 12.162 12.153 12.154 12.109 12.102    0.043 0.040 0.037 0.044 0.050  A 240871
   4369.76563 12.152 12.215 12.243 12.255 12.282    0.039 0.040 0.038 0.043 0.049  A 241187
   4374.77430 12.049 12.004 12.013 11.986 11.967    0.041 0.042 0.043 0.052 0.061  B 241860
   4377.67275 12.157 12.181 12.204 12.246 12.283    0.039 0.035 0.033 0.036 0.038  A 242274
   4379.73606 12.161 12.155 12.144 12.146 12.199    0.042 0.037 0.029 0.033 0.036  A 242607
   4384.65739 12.247 12.265 12.278 12.285 12.268    0.037 0.038 0.034 0.038 0.042  A 243337
   4388.73071 12.317 12.314 12.361 12.392 12.346    0.037 0.037 0.032 0.037 0.040  A 243997
   4392.67125 12.420 12.385 12.410 12.423 12.399    0.054 0.038 0.032 0.036 0.039  A 244528
   4398.69779 12.483 12.456 12.393 12.353 12.372    0.045 0.039 0.040 0.049 0.055  A 244737
   4400.67405 12.547 12.509 12.485 12.489 12.554    0.047 0.048 0.054 0.070 0.084  D 244984
   4403.70424 12.629 12.606 12.612 12.602 12.624    0.035 0.034 0.030 0.034 0.038  A 245283
   4407.69831 12.750 12.707 12.661 12.609 12.587    0.036 0.036 0.034 0.038 0.042  A 245600
   4418.72302 13.132 13.048 13.003 12.981 13.023    0.034 0.033 0.031 0.035 0.040  A 246331
   4421.63923 13.159 13.202 13.263 13.304 13.332    0.035 0.032 0.027 0.030 0.034  A 246545
   4423.65023 13.365 13.438 13.420 13.357 13.276    0.041 0.035 0.032 0.037 0.041  A 246748
   4431.63705 13.253 13.217 13.144 13.055 12.955    0.037 0.035 0.032 0.037 0.041  A 247533
   4436.62499 13.409 13.412 13.381 13.342 13.281    0.049 0.043 0.029 0.032 0.035  A 248153
   4443.66021 13.405 13.444 13.529 13.649 13.844    0.040 0.038 0.033 0.035 0.038  A 248993
   4461.61919 13.011 13.039 13.028 12.998 13.010    0.035 0.033 0.029 0.034 0.038  A 251028
#dataset= 3 ; 2 F0200-80_007
#desig= 002654-7933.1
#cra=    0.448430  00:26:54.3
#cdec= -79.551810 -79:33:06.5
#class= 0
#cmag_0= 12.383
#cmer_0=  0.501
#nskip_0= 0
#cmag_1= 12.380
#cmer_1=  0.501
#nskip_1= 0
#cmag_2= 12.392
#cmer_2=  0.500
#nskip_2= 0
#cmag_3= 12.378
#cmer_3=  0.504
#nskip_3= 0
#cmag_4= 12.383
#cmer_4=  0.506
#nskip_4= 0
#ra=    0.448430  00:26:54.3
#dec= -79.551810 -79:33:06.5
#     HJD      MAG_0  MAG_1  MAG_2  MAG_3  MAG_4    MER_0 MER_1 MER_2 MER_3 MER_4 GRADE FRAME
   1879.58364 12.447 12.463 12.479 12.502 12.487    0.047 0.032 0.027 0.029 0.031  A 1778
   1924.59339 29.999 29.999 29.999 29.999 29.999    0.071 0.067 0.069 0.077 0.082  D 6089
   1936.52575 12.543 12.634 12.614 12.592 12.588    0.043 0.038 0.034 0.039 0.042  A 7989
   1948.55518 12.093 12.084 12.115 12.144 12.127    0.044 0.036 0.032 0.036 0.042  A 9024
   1966.51297 12.153 12.122 12.095 12.088 12.117    0.044 0.041 0.034 0.038 0.040  A 11310
   2104.86606 13.164 13.165 13.128 13.096 13.028    0.059 0.035 0.031 0.033 0.037  A 26107
   2105.86660 13.287 13.352 13.379 13.407 13.545    0.051 0.032 0.028 0.030 0.032  A 26330
   2202.66056 29.999 29.999 29.999 29.999 29.999    0.075 0.071 0.071 0.083 0.096  D 36923
   2257.55041 11.870 11.925 11.954 11.974 11.948    0.053 0.046 0.037 0.043 0.044  A 43912
   2465.86653 11.988 12.011 12.022 12.019 12.010    0.041 0.041 0.035 0.040 0.036  A 11159
   2482.76315 11.848 11.887 11.873 11.846 11.832    0.046 0.044 0.037 0.040 0.040  A 13210
   2511.71358 12.533 12.792 13.030 13.226 13.307    0.069 0.065 0.058 0.063 0.061  D 17124
   2529.72135 12.672 12.679 12.690 12.752 12.755    0.061 0.050 0.040 0.042 0.040  B 19114
   2554.71466 11.628 11.658 11.671 11.694 11.700    0.059 0.051 0.044 0.045 0.045  A 21542
   2564.69117 11.582 11.586 11.571 11.605 11.611    0.040 0.037 0.030 0.032 0.034  A 23117
   2577.67193 11.745 11.810 11.807 11.855 11.854    0.075 0.064 0.052 0.051 0.053  D 24792
   2629.63933 13.592 13.525 13.513 13.421 13.210    0.043 0.041 0.036 0.037 0.038  A 30874
   2636.56319 13.170 13.139 13.104 13.070 13.106    0.036 0.039 0.035 0.039 0.038  A 32350
   2649.56641 12.728 12.672 12.675 12.667 12.640    0.041 0.039 0.034 0.040 0.041  A 34097
   2655.60619 12.479 12.566 12.547 12.558 12.644    0.041 0.035 0.038 0.037 0.037  A 35220
   2776.93574 11.874 11.888 11.884 11.921 11.892    0.036 0.038 0.035 0.040 0.045  A 55433
   2841.81990 29.999 29.999 29.999 29.999 29.999    0.039 0.040 0.037 0.042 0.046  C 64604
   2851.92378 12.905 12.829 12.801 12.771 12.733    0.036 0.045 0.039 0.047 0.047  A 65563
   2898.73071 12.117 12.072 12.056 12.041 12.055    0.036 0.039 0.038 0.041 0.041  A 71909
   2900.72169 12.163 12.082 12.061 12.037 12.044    0.034 0.037 0.028 0.032 0.032  A 72260
   2910.78537 12.424 12.475 12.518 12.493 12.518    0.037 0.045 0.038 0.043 0.044  A 73787
   2917.66804 12.268 12.287 12.268 12.266 12.338    0.035 0.038 0.036 0.041 0.043  A 74778
   2927.69539 12.192 12.204 12.192 12.172 12.183    0.042 0.040 0.037 0.044 0.048  A 76028
   2935.69888 12.027 11.996 11.982 12.014 12.052    0.038 0.038 0.035 0.041 0.042  A 77461
   2973.58428 11.878 11.873 11.864 11.865 11.853    0.039 0.038 0.031 0.035 0.037  A 82448
   3530.92825 12.695 12.798 12.937 13.212 13.649    0.086 0.073 0.082 0.104 0.126  D 146464
   3641.74729 29.999 29.999 29.999 29.999 29.999    0.050 0.041 0.037 0.039 0.041  C 160215
   3665.62525 11.950 11.916 11.900 11.894 11.935    0.041 0.034 0.030 0.035 0.039  A 163501
   3912.94518 12.706 12.670 12.641 12.632 12.704    0.061 0.038 0.032 0.036 0.042  B 196849
   4245.93053 29.999 29.999 29.999 29.999 29.999    0.058 0.060 0.067 0.084 0.099  D 226134
   4292.90157 29.999 29.999 29.999 29.999 29.999    0.037 0.035 0.028 0.031 0.033  C 230966
   4351.75815 12.623 12.584 12.544 12.498 12.489    0.047 0.048 0.050 0.062 0.074  D 238639
   4371.79584 12.158 12.104 12.056 11.979 11.944    0.041 0.036 0.035 0.042 0.047  A 241527
   4381.79615 29.999 29.999 29.999 29.999 29.999    0.050 0.040 0.041 0.047 0.051  C 242927
   4386.71733 12.191 12.211 12.207 12.230 12.237    0.031 0.030 0.026 0.030 0.032  A 243680
   4453.64761 13.413 13.421 13.483 13.621 13.694    0.049 0.043 0.045 0.053 0.058  A 250128
   4475.56636 12.401 12.290 12.272 12.291 12.289    0.043 0.040 0.040 0.045 0.050  A 252572
#ndata= 1
#dataset= 4 ; 1 F2200-80_017
#desig= 002655-7932.9
#cra=    0.448679  00:26:55.2
#cdec= -79.548687 -79:32:55.3
#class= 0
#cmag_0= 12.018
#cmer_0=  0.000
#nskip_0= 0
#cmag_1= 12.081
#cmer_1=  0.000
#nskip_1= 0
#cmag_2= 12.110
#cmer_2=  0.000
#nskip_2= 0
#cmag_3= 12.107
#cmer_3=  0.000
#nskip_3= 0
#cmag_4= 12.128
#cmer_4=  0.000
#nskip_4= 0
#ra=    0.448679  00:26:55.2
#dec= -79.548687 -79:32:55.3
#     HJD      MAG_0  MAG_1  MAG_2  MAG_3  MAG_4    MER_0 MER_1 MER_2 MER_3 MER_4 GRADE FRAME
   4084.55175 12.018 12.082 12.111 12.108 12.128    0.065 0.051 0.047 0.049 0.056  A 208457
