#ndata= 2
#dataset= 1 ; 1 F0032-24_199
#desig= 002806-1647.9
#cra=    0.468234  00:28:05.6
#cdec= -16.798474 -16:47:54.5
#class= 0
#cmag_0= 12.696
#cmer_0=  0.113
#nskip_0= 0
#cmag_1= 12.712
#cmer_1=  0.089
#nskip_1= 0
#cmag_2= 12.683
#cmer_2=  0.042
#nskip_2= 0
#cmag_3= 12.646
#cmer_3=  0.016
#nskip_3= 0
#cmag_4= 12.561
#cmer_4=  0.046
#nskip_4= 0
#ra=    0.468234  00:28:05.6
#dec= -16.798474 -16:47:54.5
#     HJD      MAG_0  MAG_1  MAG_2  MAG_3  MAG_4    MER_0 MER_1 MER_2 MER_3 MER_4 GRADE FRAME
   2140.77104 12.617 12.650 12.655 12.636 12.595    0.060 0.032 0.030 0.033 0.038  A 30240
   2151.69213 12.776 12.775 12.713 12.658 12.529    0.058 0.040 0.043 0.052 0.061  B 31409
#ndata= 3
#dataset= 2 ; 1 F0000-16_243
#desig= 002806-1647.9
#cra=    0.468366  00:28:06.1
#cdec= -16.797606 -16:47:51.4
#class= 0
#cmag_0= 12.684
#cmer_0=  0.171
#nskip_0= 0
#cmag_1= 12.757
#cmer_1=  0.184
#nskip_1= 0
#cmag_2= 12.757
#cmer_2=  0.183
#nskip_2= 0
#cmag_3= 12.707
#cmer_3=  0.175
#nskip_3= 0
#cmag_4= 12.628
#cmer_4=  0.162
#nskip_4= 0
#ra=    0.468366  00:28:06.1
#dec= -16.797606 -16:47:51.4
#     HJD      MAG_0  MAG_1  MAG_2  MAG_3  MAG_4    MER_0 MER_1 MER_2 MER_3 MER_4 GRADE FRAME
   2473.83256 12.664 12.706 12.715 12.674 12.588    0.042 0.050 0.042 0.046 0.037  B 12768
   2481.82257 12.535 12.607 12.599 12.639 12.630    0.046 0.043 0.038 0.046 0.042  A 13029
   2490.79519 12.935 12.914 12.888 12.825 12.766    0.032 0.034 0.028 0.034 0.030  A 14134
#ndata= 378
#dataset= 3 ; 1 F0032-16_244
#desig= 002805-1648.1
#cra=    0.468077  00:28:05.1
#cdec= -16.801529 -16:48:05.5
#class= 0
#cmag_0= 12.965
#cmer_0=  0.263
#nskip_0= 0
#cmag_1= 12.988
#cmer_1=  0.266
#nskip_1= 0
#cmag_2= 13.003
#cmer_2=  0.249
#nskip_2= 0
#cmag_3= 12.978
#cmer_3=  0.256
#nskip_3= 0
#cmag_4= 12.903
#cmer_4=  0.249
#nskip_4= 0
#ra=    0.468077  00:28:05.1
#dec= -16.801529 -16:48:05.5
#     HJD      MAG_0  MAG_1  MAG_2  MAG_3  MAG_4    MER_0 MER_1 MER_2 MER_3 MER_4 GRADE FRAME
   2082.90810 12.821 12.769 12.761 12.783 12.782    0.063 0.030 0.025 0.026 0.029  A 23482
   2095.83080 12.691 12.666 12.642 12.566 12.432    0.067 0.032 0.028 0.031 0.036  A 25310
   2104.85029 13.294 13.159 13.132 13.106 13.080    0.056 0.029 0.025 0.028 0.030  A 26100
   2116.80756 12.908 12.903 12.891 12.859 12.826    0.041 0.028 0.025 0.027 0.030  A 27161
   2174.67640 12.677 12.679 12.700 12.681 12.597    0.046 0.031 0.027 0.031 0.035  A 33169
   2175.66784 12.651 12.720 12.719 12.720 12.750    0.044 0.040 0.029 0.029 0.033  A 33310
   2177.64624 12.993 13.041 13.017 12.973 12.844    0.053 0.033 0.027 0.030 0.034  A 33429
   2193.64175 12.807 12.854 12.829 12.765 12.671    0.043 0.030 0.024 0.026 0.029  A 35472
   2197.63601 12.676 12.752 12.746 12.719 12.667    0.043 0.031 0.024 0.027 0.029  A 36142
   2199.62428 13.244 13.303 13.301 13.267 13.103    0.048 0.036 0.027 0.028 0.029  A 36488
   2202.62728 12.985 13.039 13.012 12.919 12.806    0.052 0.041 0.036 0.038 0.041  A 36906
   2204.61025 12.893 12.923 12.969 12.965 12.894    0.048 0.035 0.027 0.029 0.032  A 37199
   2206.61356 13.224 13.326 13.346 13.312 13.175    0.046 0.035 0.027 0.030 0.031  A 37476
   2214.59809 13.199 13.243 13.206 13.092 13.029    0.045 0.040 0.032 0.035 0.036  A 38218
   2217.60230 13.189 13.261 13.258 13.186 13.085    0.046 0.040 0.032 0.036 0.035  A 38724
   2221.57856 13.004 13.052 13.029 12.947 12.908    0.045 0.035 0.028 0.032 0.031  A 39004
   2222.58557 12.984 13.106 13.179 13.198 13.083    0.043 0.036 0.030 0.036 0.034  A 39162
   2226.55611 13.055 13.088 13.143 13.188 13.119    0.044 0.037 0.030 0.037 0.033  A 39628
   2229.54839 13.287 13.317 13.295 13.230 13.198    0.045 0.039 0.032 0.035 0.034  A 40103
   2233.54425 13.067 13.066 13.099 13.120 13.054    0.043 0.037 0.030 0.035 0.034  A 40594
   2242.54868 12.904 12.907 12.873 12.886 12.781    0.052 0.045 0.038 0.046 0.046  A 41861
   2244.59444 29.999 29.999 29.999 29.999 29.999    0.061 0.048 0.040 0.047 0.049  C 42160
   2253.57697 12.765 12.679 12.642 12.680 12.646    0.054 0.042 0.035 0.042 0.041  A 43314
   2271.55863 12.295 12.387 12.513 12.616 12.721    0.078 0.065 0.055 0.060 0.060  D 45531
   2473.83256 12.657 12.696 12.700 12.668 12.583    0.045 0.051 0.044 0.048 0.040  B 12768
   2552.78211 13.273 13.201 13.160 13.121 13.086    0.044 0.023 0.021 0.022 0.025  A 21205
   2834.85101 29.999 29.999 29.999 29.999 29.999    0.046 0.048 0.045 0.050 0.054  C 63426
   2836.88170 12.962 12.953 12.963 12.929 12.803    0.037 0.036 0.037 0.045 0.051  B 63778
   2895.74835 12.799 12.775 12.796 12.801 12.826    0.028 0.031 0.025 0.029 0.031  A 71316
   2897.75215 13.136 13.238 13.220 13.222 13.121    0.026 0.030 0.024 0.029 0.028  A 71717
   2942.62359 12.603 12.630 12.585 12.516 12.426    0.031 0.033 0.029 0.033 0.037  A 78195
   3362.57491 29.999 29.999 29.999 29.999 29.999    0.044 0.030 0.028 0.033 0.038  C 124820
   3403.52594 13.530 13.559 13.538 13.619 13.525    0.045 0.028 0.028 0.032 0.039  A 128211
   3620.71341 29.999 29.999 29.999 29.999 29.999    0.074 0.041 0.037 0.038 0.042  C 157613
   4358.68819 13.147 13.199 13.156 13.112 13.034    0.041 0.034 0.028 0.031 0.036  A 239647
#dataset= 3 ; 2 F0032-16_244
#desig= 002806-1647.9
#cra=    0.468363  00:28:06.1
#cdec= -16.798334 -16:47:54.0
#class= 0
#cmag_0= 12.884
#cmer_0=  0.193
#nskip_0= 1
#cmag_1= 12.878
#cmer_1=  0.190
#nskip_1= 1
#cmag_2= 12.873
#cmer_2=  0.193
#nskip_2= 1
#cmag_3= 12.849
#cmer_3=  0.196
#nskip_3= 1
#cmag_4= 12.784
#cmer_4=  0.190
#nskip_4= 1
#ra=    0.468363  00:28:06.1
#dec= -16.798334 -16:47:54.0
#     HJD      MAG_0  MAG_1  MAG_2  MAG_3  MAG_4    MER_0 MER_1 MER_2 MER_3 MER_4 GRADE FRAME
   1868.55397 12.760 12.732 12.726 12.742 12.764    0.056 0.026 0.022 0.025 0.026  A 44
   1869.54963 12.827 12.747 12.733 12.699 12.639    0.056 0.024 0.022 0.025 0.026  A 204
   1871.59780 12.646 12.651 12.663 12.687 12.669    0.074 0.032 0.027 0.029 0.031  A 502
   1873.57707 13.105 13.084 13.109 13.138 13.105    0.064 0.029 0.024 0.027 0.028  A 816
   1875.56471 12.578 12.633 12.662 12.680 12.629    0.063 0.027 0.023 0.025 0.027  A 1133
   1877.57007 13.148 13.084 13.028 13.002 12.880    0.045 0.026 0.021 0.024 0.028  A 1457
   1879.55287 12.575 12.592 12.587 12.585 12.545    0.047 0.026 0.021 0.022 0.025  A 1763
   1885.55041 13.055 13.070 13.112 13.147 13.141    0.044 0.026 0.023 0.026 0.030  A 2386
   1887.57778 12.733 12.786 12.765 12.715 12.621    0.058 0.029 0.025 0.028 0.030  A 2717
   1889.59169 12.810 12.779 12.699 12.629 12.569    0.045 0.030 0.025 0.028 0.034  A 3043
   1902.52946 12.750 12.748 12.784 12.806 12.729    0.052 0.029 0.024 0.027 0.028  A 3461
   1905.54162 12.633 12.653 12.651 12.648 12.598    0.060 0.029 0.023 0.025 0.027  A 3948
   1915.54281 12.867 12.868 12.945 12.941 12.817    0.054 0.030 0.026 0.030 0.033  A 4889
   2039.90927 12.706 12.723 12.720 12.690 12.620    0.081 0.039 0.032 0.035 0.038  A 19355
   2040.93749 13.312 13.274 13.314 13.302 13.398    0.078 0.044 0.047 0.056 0.067  B 19592
   2053.88092 12.736 12.724 12.742 12.752 12.742    0.064 0.031 0.026 0.029 0.032  A 20130
   2055.88964 13.001 13.009 12.969 12.946 12.906    0.046 0.029 0.025 0.028 0.030  A 20580
   2057.88185 12.665 12.680 12.671 12.670 12.667    0.048 0.028 0.023 0.026 0.029  A 21032
   2067.86707 13.178 13.159 13.172 13.167 13.108    0.061 0.033 0.027 0.030 0.034  A 21950
   2068.86771 12.750 12.666 12.716 12.761 12.710    0.070 0.037 0.033 0.038 0.044  A 22176
   2069.86290 12.810 12.712 12.646 12.617 12.624    0.067 0.031 0.028 0.032 0.035  A 22397
   2070.86909 13.158 13.158 13.151 13.132 13.012    0.060 0.030 0.025 0.028 0.030  A 22619
   2080.86358 12.680 12.701 12.683 12.663 12.609    0.064 0.030 0.025 0.027 0.028  A 22997
   2085.90942 13.083 13.053 13.035 12.981 12.902    0.052 0.029 0.025 0.028 0.031  A 23937
   2087.86681 12.665 12.617 12.566 12.464 12.368    0.053 0.027 0.027 0.032 0.036  A 24363
   2088.93941 13.041 13.033 13.006 12.970 12.915    0.056 0.026 0.024 0.026 0.030  A 24623
   2093.88448 12.775 12.782 12.812 12.776 12.701    0.045 0.031 0.024 0.026 0.029  A 24882
   2094.83205 12.753 12.774 12.769 12.726 12.657    0.056 0.030 0.025 0.028 0.030  A 25084
   2105.83716 12.742 12.789 12.770 12.739 12.651    0.059 0.028 0.024 0.027 0.030  A 26317
   2106.85671 12.765 12.779 12.762 12.745 12.690    0.056 0.030 0.024 0.025 0.027  A 26528
   2113.86042 12.662 12.680 12.688 12.674 12.609    0.044 0.026 0.021 0.024 0.026  A 26645
   2115.77642 12.807 12.871 12.881 12.885 12.872    0.051 0.030 0.026 0.028 0.030  A 26925
   2131.83995 12.694 12.680 12.710 12.732 12.651    0.044 0.025 0.022 0.025 0.027  A 28658
   2132.78148 12.651 12.653 12.643 12.610 12.550    0.056 0.029 0.024 0.026 0.029  A 28844
   2133.76791 12.748 12.721 12.735 12.749 12.652    0.047 0.026 0.023 0.026 0.029  A 29054
   2134.76807 13.145 13.072 13.018 12.971 12.958    0.048 0.027 0.024 0.026 0.028  A 29268
   2135.77112 12.933 12.977 13.061 13.133 13.087    0.058 0.039 0.040 0.048 0.054  B 29484
   2136.76688 12.847 12.725 12.701 12.711 12.685    0.054 0.036 0.035 0.038 0.041  A 29696
   2141.75474 12.852 12.839 12.843 12.845 12.837    0.056 0.029 0.026 0.030 0.033  A 30445
   2143.75058 12.746 12.778 12.736 12.674 12.577    0.055 0.034 0.029 0.032 0.033  A 30848
   2144.73959 12.705 12.752 12.766 12.771 12.750    0.052 0.029 0.024 0.027 0.030  A 31048
   2164.70271 12.817 12.850 12.857 12.812 12.728    0.044 0.033 0.027 0.027 0.031  A 31935
   2167.67772 12.739 12.756 12.733 12.720 12.705    0.055 0.030 0.025 0.028 0.032  A 32114
   2168.69861 13.030 13.028 13.019 13.002 12.914    0.046 0.027 0.023 0.026 0.029  A 32291
   2169.71025 12.922 12.912 12.924 12.932 12.903    0.043 0.031 0.025 0.027 0.029  A 32449
   2171.67435 12.673 12.691 12.658 12.637 12.570    0.050 0.030 0.025 0.027 0.030  A 32617
   2172.69536 13.083 13.140 13.091 13.055 13.000    0.045 0.031 0.025 0.029 0.033  A 32814
   2173.68085 12.936 12.910 12.926 12.931 12.800    0.054 0.031 0.025 0.028 0.030  A 32996
   2177.64624 12.993 13.014 13.001 12.974 12.853    0.053 0.033 0.027 0.030 0.034  A 33429
   2178.65551 12.703 12.658 12.595 12.549 12.522    0.032 0.031 0.025 0.027 0.030  A 33608
   2185.69611 12.660 12.740 12.760 12.719 12.666    0.043 0.036 0.030 0.035 0.038  A 34291
   2188.66823 12.813 12.776 12.762 12.709 12.661    0.043 0.034 0.026 0.028 0.029  A 34704
   2190.61910 12.715 12.737 12.721 12.695 12.604    0.044 0.032 0.024 0.027 0.030  A 34930
   2191.65732 13.081 13.099 13.058 12.983 12.858    0.047 0.032 0.024 0.026 0.029  A 35122
   2192.63842 13.016 13.057 13.037 13.003 12.964    0.046 0.029 0.023 0.025 0.028  A 35288
   2194.63970 12.783 12.754 12.720 12.670 12.602    0.042 0.031 0.024 0.025 0.028  A 35650
   2195.64175 13.265 13.202 13.109 12.992 12.884    0.046 0.033 0.027 0.028 0.031  A 35828
   2196.63636 12.892 12.803 12.808 12.804 12.751    0.045 0.032 0.027 0.030 0.034  A 35958
   2198.63037 12.996 12.997 13.016 13.025 12.941    0.045 0.033 0.026 0.027 0.029  A 36311
   2199.62428 13.244 13.206 13.167 13.102 13.009    0.048 0.036 0.027 0.028 0.029  A 36488
   2201.61978 12.721 12.738 12.700 12.658 12.613    0.045 0.033 0.026 0.027 0.029  A 36735
   2203.61233 13.191 13.185 13.189 13.191 13.138    0.052 0.038 0.032 0.034 0.038  A 37073
   2204.61025 12.959 12.902 12.876 12.893 12.901    0.048 0.035 0.027 0.029 0.032  A 37199
   2205.60835 29.999 29.999 29.999 29.999 29.999    0.077 0.070 0.068 0.075 0.086  D 37330
   2207.60563 13.049 12.974 12.936 12.903 12.831    0.047 0.039 0.028 0.030 0.031  A 37645
   2213.61593 12.843 12.915 12.927 12.864 12.840    0.047 0.037 0.030 0.035 0.037  A 38078
   2214.59809 13.229 13.164 13.176 13.217 13.110    0.045 0.040 0.032 0.035 0.036  A 38218
   2216.60043 12.659 12.699 12.664 12.608 12.500    0.048 0.040 0.031 0.037 0.035  A 38556
   2219.57317 12.756 12.805 12.791 12.735 12.677    0.046 0.040 0.031 0.035 0.033  A 38885
   2224.57610 12.754 12.694 12.681 12.720 12.657    0.047 0.041 0.032 0.036 0.033  A 39319
   2227.57509 12.900 12.871 12.767 12.745 12.642    0.042 0.036 0.028 0.033 0.032  A 39789
   2230.58306 12.832 12.876 12.814 12.791 12.789    0.049 0.039 0.032 0.039 0.038  A 40283
   2234.55216 12.886 12.887 12.879 12.879 12.800    0.050 0.044 0.035 0.042 0.040  A 40752
   2236.53428 12.963 12.917 12.811 12.697 12.595    0.047 0.040 0.033 0.038 0.036  A 41062
   2240.53904 29.999 29.999 29.999 29.999 29.999    0.047 0.043 0.035 0.042 0.040  C 41538
   2248.55816 12.829 12.960 13.001 12.995 12.941    0.056 0.042 0.034 0.043 0.044  A 42463
   2256.53240 29.999 29.999 29.999 29.999 29.999    0.055 0.045 0.040 0.047 0.045  C 43741
   2260.52652 29.999 29.999 29.999 29.999 29.999    0.075 0.056 0.047 0.059 0.062  C 44190
   2262.58668 29.999 29.999 29.999 29.999 29.999    0.066 0.055 0.046 0.052 0.052  C 44522
   2439.87142 12.670 12.700 12.682 12.647 12.567    0.038 0.044 0.036 0.038 0.038  A 7945
   2452.84560 13.111 13.192 13.190 13.165 13.102    0.031 0.033 0.026 0.028 0.028  A 9539
   2465.85957 12.656 12.627 12.633 12.626 12.590    0.040 0.041 0.035 0.039 0.035  A 11156
   2467.84279 13.127 13.158 13.105 13.036 12.942    0.024 0.029 0.020 0.021 0.021  A 11586
   2468.92257 12.748 12.739 12.676 12.600 12.537    0.028 0.030 0.023 0.025 0.025  A 11837
   2470.82145 12.712 12.778 12.765 12.733 12.627    0.031 0.036 0.030 0.035 0.028  A 12076
   2471.89296 12.768 12.787 12.718 12.665 12.622    0.030 0.034 0.029 0.034 0.028  A 12586
   2473.83256 12.697 12.798 12.785 12.733 12.621    0.045 0.051 0.044 0.048 0.040  B 12768
   2481.82257 12.525 12.591 12.586 12.635 12.627    0.052 0.047 0.043 0.050 0.046  B 13029
   2489.77244 12.771 12.683 12.667 12.638 12.585    0.030 0.033 0.029 0.031 0.032  A 13906
   2490.79519 12.929 12.902 12.874 12.823 12.760    0.038 0.038 0.032 0.037 0.033  A 14134
   2493.79082 13.016 12.940 12.888 12.882 12.866    0.037 0.040 0.035 0.040 0.034  A 14540
   2495.73311 12.916 12.825 12.778 12.736 12.724    0.035 0.036 0.032 0.039 0.033  A 14842
   2496.77139 12.749 12.650 12.626 12.603 12.593    0.033 0.038 0.030 0.033 0.029  A 15069
   2498.77010 12.982 12.916 12.863 12.838 12.773    0.029 0.033 0.027 0.030 0.027  A 15494
   2499.76681 12.666 12.607 12.618 12.603 12.596    0.027 0.033 0.026 0.031 0.025  A 15702
   2500.74505 12.727 12.667 12.661 12.622 12.575    0.027 0.031 0.023 0.025 0.022  A 15907
   2501.77000 13.195 13.158 13.181 13.113 13.023    0.028 0.032 0.025 0.028 0.025  A 16066
   2502.76098 12.880 12.877 12.856 12.815 12.756    0.032 0.034 0.031 0.040 0.031  A 16274
   2503.76353 29.999 29.999 29.999 29.999 29.999    0.058 0.054 0.049 0.057 0.053  C 16479
   2519.75765 13.033 13.041 13.072 13.071 13.028    0.026 0.031 0.024 0.024 0.025  A 18048
   2520.80493 12.715 12.671 12.694 12.694 12.660    0.056 0.052 0.039 0.041 0.031  B 18270
   2526.78884 13.009 12.981 12.909 12.919 12.849    0.048 0.047 0.035 0.029 0.025  A 18906
   2529.69612 12.601 12.616 12.613 12.592 12.559    0.056 0.048 0.037 0.043 0.037  A 19101
   2544.71454 12.578 12.570 12.540 12.530 12.480    0.027 0.030 0.022 0.023 0.024  A 20014
   2545.75296 13.214 13.200 13.197 13.190 13.100    0.024 0.023 0.019 0.020 0.023  A 20220
   2554.62311 29.999 29.999 29.999 29.999 29.999    0.048 0.040 0.033 0.038 0.047  C 21501
   2558.67184 13.044 13.037 13.006 12.969 12.856    0.027 0.024 0.017 0.018 0.021  A 22060
   2558.74223 12.701 12.697 12.674 12.639 12.603    0.044 0.031 0.024 0.024 0.026  A 22090
   2560.66611 12.755 12.715 12.675 12.630 12.602    0.033 0.030 0.026 0.028 0.029  A 22417
   2561.65034 13.101 13.108 13.070 13.027 12.988    0.029 0.025 0.025 0.026 0.028  A 22558
   2562.65355 13.096 13.055 13.047 13.040 13.033    0.025 0.022 0.021 0.022 0.025  A 22740
   2578.65973 12.539 12.590 12.577 12.560 12.485    0.034 0.037 0.028 0.032 0.028  A 24954
   2622.55867 13.259 13.254 13.205 13.136 13.074    0.042 0.031 0.023 0.025 0.027  A 29933
   2624.61475 13.072 12.972 12.969 12.968 12.825    0.037 0.038 0.025 0.028 0.031  A 30241
   2627.62560 12.860 12.857 12.820 12.788 12.799    0.026 0.027 0.024 0.026 0.030  A 30566
   2629.62498 12.822 12.817 12.827 12.822 12.771    0.032 0.025 0.023 0.026 0.030  A 30867
   2635.61777 13.064 13.116 13.100 13.081 13.034    0.030 0.037 0.025 0.025 0.024  A 32219
   2638.55995 12.754 12.789 12.750 12.732 12.674    0.050 0.050 0.029 0.025 0.025  A 32639
   2640.56741 13.184 13.189 13.155 13.091 12.989    0.038 0.030 0.021 0.022 0.024  A 32952
   2642.56998 12.724 12.756 12.779 12.770 12.736    0.028 0.026 0.021 0.023 0.026  A 33238
   2644.57026 13.047 13.043 13.053 13.064 13.018    0.028 0.024 0.022 0.024 0.027  A 33543
   2650.53821 12.774 12.773 12.777 12.790 12.748    0.036 0.026 0.023 0.026 0.028  A 34239
   2652.56591 12.803 12.754 12.753 12.738 12.676    0.034 0.025 0.023 0.027 0.029  A 34556
   2654.57604 13.134 13.148 13.136 13.078 13.038    0.029 0.024 0.023 0.026 0.030  A 34870
   2658.55221 12.959 13.050 13.097 13.081 13.016    0.030 0.027 0.025 0.029 0.032  A 35564
   2661.53497 12.645 12.705 12.648 12.630 12.555    0.031 0.037 0.023 0.025 0.028  A 36068
   2663.53858 12.923 12.876 12.910 12.905 12.876    0.031 0.027 0.023 0.025 0.028  A 36408
   2665.54286 12.811 12.807 12.832 12.849 12.784    0.025 0.022 0.020 0.022 0.025  A 36761
   2668.53177 12.732 12.820 12.835 12.733 12.651    0.037 0.040 0.031 0.036 0.039  A 37230
   2671.52565 12.760 12.774 12.775 12.749 12.693    0.040 0.049 0.042 0.046 0.041  A 37714
   2765.92037 12.699 12.735 12.793 12.800 12.714    0.031 0.029 0.027 0.030 0.034  A 54441
   2787.88247 12.781 12.747 12.724 12.689 12.643    0.031 0.033 0.023 0.025 0.027  A 56901
   2809.86525 12.692 12.693 12.702 12.675 12.616    0.034 0.047 0.034 0.039 0.033  A 59601
   2814.87516 12.935 12.939 12.936 12.943 12.975    0.027 0.028 0.024 0.026 0.029  A 60753
   2819.93579 12.735 12.700 12.714 12.668 12.611    0.030 0.031 0.025 0.028 0.030  A 61417
   2830.79627 12.946 12.902 12.884 12.839 12.787    0.025 0.029 0.022 0.025 0.027  A 62572
   2832.83486 12.771 12.791 12.809 12.827 12.780    0.026 0.028 0.022 0.025 0.029  A 63035
   2840.89791 13.099 13.124 13.124 13.138 13.067    0.026 0.027 0.024 0.027 0.032  A 64441
   2843.84142 12.708 12.673 12.665 12.686 12.657    0.025 0.028 0.022 0.025 0.027  A 64997
   2853.77531 13.043 13.097 13.086 13.064 12.970    0.021 0.027 0.019 0.022 0.021  A 65718
   2856.81539 13.136 13.087 13.053 12.991 12.862    0.026 0.030 0.024 0.027 0.027  A 66130
   2858.86925 12.831 12.827 12.812 12.777 12.709    0.023 0.024 0.017 0.019 0.021  A 66419
   2860.76416 13.090 13.069 13.123 13.165 13.131    0.025 0.027 0.021 0.024 0.026  A 66804
   2872.81159 12.819 12.862 12.854 12.828 12.748    0.032 0.022 0.019 0.020 0.021  A 68233
   2875.82017 12.943 12.959 12.948 12.901 12.829    0.040 0.021 0.019 0.020 0.022  A 68628
   2877.77591 12.731 12.690 12.685 12.671 12.625    0.026 0.024 0.019 0.021 0.023  A 69006
   2880.74952 12.787 12.732 12.737 12.726 12.686    0.033 0.031 0.024 0.024 0.025  A 69411
   2883.78109 12.874 12.938 12.932 12.907 12.798    0.024 0.028 0.020 0.020 0.022  A 69680
   2885.71601 12.665 12.678 12.689 12.651 12.568    0.032 0.022 0.018 0.019 0.021  A 70058
   2886.82023 12.869 12.860 12.841 12.806 12.697    0.031 0.027 0.024 0.026 0.027  A 70314
   2899.73855 12.652 12.645 12.668 12.664 12.599    0.031 0.023 0.020 0.021 0.022  A 72074
   2902.72871 12.992 12.990 12.976 12.927 12.857    0.026 0.030 0.023 0.025 0.026  A 72550
   2905.66788 12.772 12.798 12.755 12.724 99.999    0.022 0.029 0.021 0.024 0.023  C 72992
   2910.66153 13.192 13.244 13.286 13.258 13.138    0.045 0.024 0.020 0.021 0.022  A 73732
   2912.68574 12.763 12.764 12.747 12.742 12.683    0.029 0.023 0.019 0.019 0.022  A 74120
   2915.66504 12.703 12.702 12.683 12.654 12.666    0.027 0.027 0.021 0.023 0.025  A 74395
   2916.75482 13.062 13.092 13.035 13.014 12.943    0.032 0.029 0.025 0.027 0.028  A 74626
   2922.67775 12.662 12.690 12.737 12.733 12.645    0.044 0.045 0.030 0.032 0.038  A 75285
   2924.74317 12.802 12.883 12.929 12.925 12.858    0.028 0.026 0.025 0.028 0.032  A 75670
   2927.67293 12.769 12.757 12.763 12.723 12.668    0.031 0.024 0.021 0.023 0.025  A 76016
   2933.67485 12.608 12.659 12.658 12.615 12.540    0.033 0.025 0.023 0.025 0.027  A 77088
   2935.66962 13.099 13.104 13.053 12.982 12.889    0.041 0.024 0.022 0.024 0.026  A 77446
   2937.68410 12.730 12.715 12.705 12.716 12.677    0.042 0.024 0.021 0.024 0.026  A 77722
   2940.70282 12.667 12.673 12.661 12.636 12.578    0.025 0.024 0.020 0.022 0.024  A 78029
   2942.62359 12.573 12.573 12.552 12.498 12.416    0.031 0.033 0.029 0.033 0.037  A 78195
   2943.67039 13.105 13.073 13.054 13.038 12.980    0.035 0.022 0.021 0.023 0.026  A 78375
   2944.78184 13.205 13.208 13.183 13.332 13.373    0.040 0.035 0.036 0.045 0.052  B 78587
   2950.59964 12.779 12.796 12.822 12.793 12.746    0.030 0.032 0.030 0.035 0.041  A 79430
   2954.62020 13.062 13.049 12.984 12.873 12.795    0.036 0.030 0.028 0.033 0.038  A 79934
   2956.61809 12.790 12.798 12.752 12.692 12.650    0.028 0.025 0.022 0.024 0.026  A 80227
   2958.61428 13.244 13.175 13.169 13.140 12.971    0.048 0.057 0.058 0.058 0.061  D 80513
   2960.61532 12.680 12.692 12.674 12.647 12.595    0.039 0.035 0.036 0.042 0.044  A 80768
   2962.62204 13.152 13.104 13.106 13.076 12.982    0.026 0.025 0.021 0.024 0.027  A 81055
   2966.63820 12.914 12.897 12.911 12.913 12.855    0.025 0.026 0.023 0.025 0.028  A 81630
   2970.63181 12.760 12.800 12.840 12.831 12.765    0.026 0.022 0.020 0.023 0.025  A 82122
   2972.65653 13.186 13.192 13.171 13.138 13.054    0.025 0.025 0.023 0.026 0.030  A 82393
   2977.55637 13.082 13.076 13.090 13.025 12.902    0.031 0.027 0.025 0.029 0.030  A 82953
   2979.58872 12.528 12.547 12.551 12.499 12.433    0.040 0.036 0.039 0.043 0.047  A 83235
   2981.61110 12.874 12.850 12.800 12.705 12.606    0.042 0.029 0.028 0.034 0.040  A 83499
   2983.62363 12.916 12.912 12.911 12.902 12.821    0.035 0.027 0.026 0.031 0.034  A 83772
   2985.62959 12.671 12.710 12.711 12.714 12.653    0.033 0.025 0.022 0.025 0.029  A 84038
   2987.65874 13.310 13.343 13.409 13.469 13.392    0.026 0.026 0.024 0.026 0.030  A 84314
   2990.62783 12.804 12.791 12.746 12.698 12.637    0.028 0.027 0.024 0.026 0.029  A 84640
   2992.62631 12.863 12.894 12.866 12.780 12.688    0.030 0.029 0.026 0.029 0.033  A 84915
   2994.64386 13.080 13.044 12.985 12.951 12.870    0.028 0.026 0.024 0.027 0.030  A 85185
   2997.57267 12.719 12.737 12.725 12.678 12.647    0.029 0.026 0.025 0.028 0.032  A 85558
   3006.57961 12.970 12.981 12.995 12.980 12.957    0.047 0.045 0.047 0.050 0.055  B 86566
   3018.54741 13.032 13.016 13.009 12.986 12.852    0.028 0.029 0.027 0.032 0.038  A 87980
   3157.92674 12.762 12.710 12.671 12.627 12.600    0.046 0.041 0.040 0.044 0.047  A 104327
   3163.91763 12.861 12.861 12.881 12.871 12.834    0.038 0.029 0.028 0.032 0.036  A 105119
   3169.90729 12.805 12.752 12.757 12.758 12.668    0.057 0.065 0.068 0.069 0.071  D 106025
   3177.92185 29.999 29.999 29.999 29.999 29.999    0.068 0.079 0.085 0.095 0.104  D 106994
   3180.91074 12.927 12.908 12.909 12.912 12.852    0.029 0.027 0.025 0.028 0.031  A 107436
   3185.88582 13.442 13.440 13.430 13.331 13.138    0.047 0.036 0.033 0.035 0.039  A 108018
   3189.89524 29.999 29.999 29.999 29.999 29.999    0.035 0.030 0.028 0.034 0.037  C 108516
   3271.72113 12.832 12.799 12.825 12.834 12.769    0.038 0.032 0.025 0.027 0.031  A 115962
   3273.73501 12.716 12.702 12.730 12.714 12.636    0.044 0.031 0.026 0.029 0.033  A 116229
   3277.70861 12.684 12.655 12.710 12.686 12.511    0.042 0.039 0.042 0.050 0.056  B 116721
   3279.71138 13.061 13.101 13.167 13.202 13.202    0.049 0.032 0.026 0.028 0.031  A 116993
   3294.78572 12.956 12.928 12.868 12.820 12.770    0.049 0.039 0.025 0.024 0.025  A 118432
   3298.60627 12.792 12.826 12.827 12.840 12.782    0.035 0.029 0.025 0.028 0.031  A 118792
   3326.64482 12.707 12.743 12.753 12.747 12.656    0.091 0.042 0.036 0.037 0.038  B 121108
   3359.55198 13.093 13.098 13.109 13.100 12.992    0.037 0.026 0.026 0.029 0.033  A 124780
   3366.57536 13.270 13.233 13.246 13.236 13.103    0.078 0.049 0.051 0.058 0.062  B 125152
   3387.53490 12.677 12.622 12.566 12.517 12.478    0.043 0.032 0.031 0.035 0.041  A 126283
   3390.54946 12.746 12.696 12.642 12.590 12.540    0.045 0.029 0.030 0.034 0.041  A 126691
   3397.53154 12.831 12.787 99.999 99.999 99.999    0.041 0.031 0.029 0.032 0.036  C 127465
   3512.91066 12.911 12.898 12.941 12.930 12.897    0.068 0.038 0.037 0.041 0.049  B 143952
   3524.92068 12.798 12.801 12.843 12.868 12.874    0.058 0.046 0.049 0.055 0.062  B 145436
   3529.89887 12.993 13.022 13.035 13.000 12.914    0.052 0.035 0.036 0.041 0.047  A 146281
   3541.90237 12.878 12.902 12.919 12.865 12.758    0.040 0.032 0.033 0.037 0.043  A 147330
   3544.91019 13.259 13.293 13.268 13.171 13.087    0.079 0.039 0.035 0.039 0.043  A 147792
   3552.88290 13.145 13.172 13.143 13.107 13.039    0.042 0.034 0.035 0.039 0.044  A 148550
   3556.86523 13.235 13.244 13.215 13.150 13.009    0.031 0.023 0.023 0.026 0.030  A 149142
   3560.83919 13.260 13.214 13.180 13.120 12.982    0.047 0.029 0.030 0.035 0.038  A 149629
   3563.86452 13.100 13.137 13.128 13.129 13.087    0.034 0.024 0.022 0.025 0.028  A 150161
   3569.89886 12.916 12.910 12.877 12.817 12.768    0.035 0.031 0.026 0.030 0.033  A 150662
   3577.88393 12.869 12.975 12.993 12.959 12.817    0.077 0.040 0.036 0.040 0.045  A 151887
   3582.92081 12.686 12.698 12.661 12.599 12.540    0.072 0.037 0.034 0.038 0.043  A 152745
   3585.81537 12.890 12.880 12.935 12.982 12.901    0.067 0.038 0.031 0.034 0.036  A 153240
   3588.80777 12.743 12.726 12.717 12.677 12.556    0.059 0.031 0.028 0.030 0.033  A 153720
   3591.78792 12.747 12.743 12.740 12.732 12.658    0.034 0.025 0.024 0.027 0.029  A 154235
   3595.79927 12.705 12.805 12.850 12.842 12.951    0.067 0.051 0.058 0.072 0.084  D 154874
   3597.80429 13.226 13.240 13.240 13.230 13.173    0.038 0.028 0.025 0.027 0.030  A 155185
   3600.88440 12.944 12.926 12.871 12.796 12.737    0.043 0.033 0.031 0.035 0.041  A 155470
   3617.75337 12.872 12.887 12.860 12.807 12.705    0.041 0.033 0.029 0.032 0.037  A 157172
   3622.76440 12.762 12.790 12.791 12.819 12.860    0.060 0.036 0.029 0.032 0.037  A 157945
   3625.77436 12.772 12.788 12.798 12.753 12.601    0.043 0.035 0.031 0.033 0.036  A 158212
   3628.72655 13.192 13.168 13.123 13.073 13.011    0.031 0.030 0.025 0.029 0.033  A 158479
   3632.73217 12.671 12.666 12.616 12.570 12.584    0.071 0.037 0.034 0.039 0.043  A 159129
   3634.77840 13.233 13.240 13.214 13.134 13.012    0.045 0.032 0.030 0.035 0.041  A 159422
   3637.75141 12.714 12.780 12.755 12.731 12.675    0.039 0.034 0.028 0.030 0.036  A 159748
   3640.72455 12.769 12.771 12.778 12.750 12.662    0.035 0.026 0.023 0.025 0.029  A 160042
   3642.78051 13.089 13.020 12.928 12.846 12.771    0.043 0.041 0.032 0.036 0.040  A 160365
   3645.74407 12.948 12.890 12.920 12.934 12.916    0.033 0.032 0.027 0.030 0.033  A 160719
   3651.62748 13.242 13.192 13.175 13.172 13.114    0.054 0.029 0.025 0.028 0.031  A 161441
   3653.65195 12.531 12.547 12.515 12.465 12.386    0.077 0.042 0.037 0.042 0.048  B 161761
   3655.64471 13.079 13.110 13.108 13.085 12.966    0.072 0.037 0.031 0.033 0.036  A 162020
   3660.65527 12.729 12.706 12.694 12.710 12.799    0.069 0.040 0.036 0.044 0.050  B 162788
   3662.67608 12.684 12.712 12.673 12.595 12.581    0.085 0.050 0.046 0.054 0.063  B 163077
   3664.71407 13.103 13.084 13.133 13.190 13.090    0.069 0.038 0.032 0.034 0.037  A 163380
   3666.79841 12.880 12.826 12.831 12.840 12.809    0.058 0.038 0.034 0.039 0.044  A 163707
   3670.57520 13.119 13.103 13.095 13.055 12.911    0.044 0.030 0.024 0.025 0.027  A 164092
   3672.66307 13.040 13.047 13.056 13.004 12.927    0.050 0.029 0.023 0.025 0.029  A 164407
   3674.73383 12.749 12.796 12.819 12.791 12.725    0.067 0.035 0.029 0.031 0.034  A 164718
   3680.63314 13.086 13.086 13.107 13.079 12.901    0.065 0.035 0.028 0.029 0.031  A 165346
   3700.58799 12.936 12.998 13.006 12.999 12.952    0.085 0.043 0.038 0.040 0.044  A 168024
   3703.57146 13.011 13.025 13.051 13.060 12.965    0.077 0.038 0.032 0.035 0.040  A 168404
   3705.64233 12.763 12.788 12.790 12.776 12.724    0.058 0.032 0.030 0.036 0.041  A 168708
   3708.59719 12.535 12.614 12.608 12.576 12.537    0.083 0.040 0.033 0.034 0.038  A 169107
   3714.62289 13.202 13.124 13.085 13.026 12.968    0.085 0.047 0.041 0.043 0.045  A 169685
   3717.58575 12.778 12.820 12.883 12.911 12.783    0.089 0.047 0.043 0.047 0.053  B 170066
   3720.58106 12.862 12.766 12.731 12.705 12.702    0.069 0.037 0.032 0.037 0.042  A 170418
   3722.64004 12.657 12.691 12.656 12.624 12.616    0.074 0.042 0.038 0.043 0.049  B 170696
   3725.61464 13.053 13.045 13.013 12.962 12.878    0.063 0.039 0.039 0.042 0.046  A 170994
   3727.63402 12.664 12.654 12.656 12.640 12.505    0.042 0.029 0.030 0.036 0.042  A 171274
   3731.58032 12.785 12.768 12.785 12.821 12.859    0.051 0.042 0.039 0.043 0.046  A 171666
   3734.61355 12.810 12.730 12.675 12.624 12.596    0.057 0.043 0.048 0.058 0.070  B 172066
   3737.60340 12.810 12.744 12.697 12.658 12.568    0.036 0.028 0.025 0.028 0.032  A 172476
   3742.58025 12.723 12.709 12.713 12.717 12.656    0.036 0.028 0.027 0.031 0.036  A 173125
   3745.58071 12.652 12.638 12.669 12.698 12.646    0.035 0.029 0.030 0.035 0.040  A 173538
   3749.56082 12.696 12.689 12.702 12.709 12.719    0.038 0.032 0.036 0.045 0.054  B 174069
   3753.55151 12.629 12.639 12.628 12.614 12.568    0.040 0.036 0.038 0.042 0.048  B 174626
   3756.54371 13.008 12.953 12.925 12.826 12.692    0.052 0.034 0.035 0.043 0.052  B 175031
   3759.53576 13.182 13.172 13.184 13.151 13.029    0.036 0.033 0.035 0.040 0.045  A 175449
   3762.53698 13.064 13.023 13.058 13.078 13.041    0.045 0.029 0.029 0.034 0.039  A 175843
   3866.92638 13.006 12.965 12.908 12.826 12.785    0.032 0.027 0.026 0.033 0.036  A 189979
   3872.91368 12.710 12.735 12.838 12.857 12.897    0.053 0.039 0.044 0.053 0.062  B 191027
   3889.90598 13.090 13.067 13.035 12.992 12.905    0.040 0.032 0.028 0.031 0.035  A 193080
   3893.89422 13.165 13.171 13.196 13.227 13.139    0.034 0.027 0.025 0.028 0.031  A 193797
   3898.93834 12.701 12.700 12.683 12.652 12.622    0.053 0.031 0.032 0.037 0.044  A 194455
   3902.91123 12.614 12.613 12.621 12.604 12.513    0.048 0.029 0.027 0.031 0.036  A 195127
   3906.91122 12.765 12.721 12.701 12.672 12.610    0.049 0.028 0.026 0.029 0.032  A 195886
   3913.93502 12.710 12.725 12.712 12.677 12.605    0.061 0.036 0.034 0.035 0.038  A 197036
   3981.68615 12.992 13.012 13.055 13.074 13.067    0.037 0.026 0.024 0.027 0.031  A 203360
   4089.60908 12.811 12.757 12.770 12.772 12.745    0.060 0.032 0.027 0.030 0.032  A 209121
   4092.58675 13.051 13.079 13.078 13.035 12.957    0.099 0.057 0.044 0.036 0.039  D 209497
   4103.58781 13.058 13.071 13.094 13.099 13.062    0.084 0.043 0.039 0.043 0.049  B 210575
   4106.57776 12.972 12.908 12.916 12.889 12.690    0.089 0.047 0.045 0.051 0.055  B 210940
   4129.53160 13.091 13.136 13.147 13.111 12.977    0.042 0.030 0.029 0.033 0.038  A 212026
   4133.52299 13.280 13.228 13.176 13.058 12.886    0.071 0.048 0.046 0.053 0.060  B 212548
   4256.90684 13.111 13.141 13.095 13.048 12.908    0.042 0.036 0.037 0.043 0.053  B 227346
   4273.90831 12.776 12.765 12.781 12.746 12.685    0.042 0.041 0.035 0.035 0.036  A 228589
   4278.92084 13.201 13.230 13.263 13.241 13.161    0.040 0.032 0.030 0.033 0.037  A 229233
   4285.86430 12.829 12.839 12.799 12.731 12.592    0.054 0.047 0.048 0.053 0.059  B 230059
   4289.94106 12.923 12.896 12.894 12.931 12.895    0.053 0.042 0.037 0.043 0.049  B 230445
   4292.86581 12.728 12.629 12.624 12.620 12.578    0.063 0.055 0.048 0.049 0.052  B 230954
   4295.86562 12.707 12.698 12.677 12.661 12.602    0.055 0.037 0.030 0.033 0.036  A 231473
   4298.85302 12.887 12.839 12.904 12.980 12.980    0.058 0.054 0.055 0.062 0.071  B 232002
   4301.81253 13.173 13.136 13.104 13.027 12.847    0.048 0.035 0.030 0.034 0.040  A 232530
   4303.85096 12.740 12.703 12.678 12.624 12.542    0.062 0.058 0.053 0.054 0.057  D 232842
   4305.87126 12.731 12.677 12.631 12.605 12.557    0.068 0.062 0.061 0.064 0.066  D 233213
   4307.82398 12.771 12.771 12.752 12.740 12.717    0.038 0.032 0.028 0.029 0.032  A 233541
   4309.83238 12.774 12.810 12.816 12.812 12.778    0.035 0.031 0.025 0.029 0.034  A 233857
   4311.83943 12.916 12.888 12.853 12.800 12.738    0.052 0.038 0.030 0.032 0.037  A 234127
   4316.85894 12.898 12.847 12.850 12.835 12.755    0.041 0.035 0.028 0.031 0.034  A 234719
   4319.85353 13.155 13.213 13.163 13.171 13.160    0.043 0.035 0.029 0.031 0.037  A 235058
   4330.72670 12.678 12.576 12.529 12.462 12.383    0.061 0.052 0.049 0.050 0.052  B 235344
   4332.74222 12.989 12.952 12.937 12.895 12.838    0.038 0.028 0.025 0.027 0.031  A 235712
   4334.73844 12.629 12.570 12.504 12.457 12.386    0.054 0.052 0.052 0.056 0.060  B 236068
   4338.71980 12.655 12.666 12.668 12.673 12.608    0.037 0.037 0.029 0.032 0.034  A 236457
   4340.77501 12.677 12.700 12.667 12.656 12.647    0.037 0.034 0.030 0.034 0.039  A 236815
   4345.78833 12.967 12.925 12.935 12.941 12.988    0.071 0.083 0.085 0.086 0.088  D 237655
   4347.81294 12.711 12.764 12.846 12.907 12.892    0.084 0.089 0.112 0.131 0.138  D 238017
   4350.70663 13.116 13.062 13.023 12.979 12.923    0.052 0.037 0.033 0.035 0.039  A 238472
   4353.70754 12.743 12.755 12.711 12.650 12.627    0.031 0.031 0.025 0.027 0.030  A 238880
   4355.74639 12.704 12.647 12.638 12.619 12.532    0.039 0.031 0.025 0.027 0.030  A 239210
   4361.67492 12.817 12.827 12.817 12.769 12.686    0.034 0.033 0.024 0.025 0.028  A 240037
   4363.71124 12.666 12.657 12.657 12.648 12.593    0.037 0.033 0.026 0.028 0.030  A 240363
   4365.69932 13.069 13.057 13.018 12.946 12.832    0.036 0.034 0.029 0.030 0.034  A 240670
   4372.71428 13.119 13.097 13.120 13.163 13.212    0.042 0.036 0.036 0.043 0.049  B 241656
   4375.71416 12.772 12.760 12.741 12.715 12.663    0.037 0.033 0.031 0.034 0.039  A 241983
   4377.77460 12.618 12.573 12.557 12.521 12.454    0.063 0.043 0.038 0.042 0.052  B 242305
   4380.62788 12.928 12.875 12.900 12.920 12.877    0.048 0.035 0.033 0.036 0.041  A 242715
   4382.67637 12.758 12.767 12.737 12.715 12.673    0.033 0.031 0.024 0.026 0.029  A 243036
   4384.70828 12.968 12.944 12.905 12.831 12.719    0.033 0.031 0.027 0.031 0.034  A 243352
   4386.69961 12.790 12.762 12.765 12.739 12.658    0.042 0.034 0.025 0.027 0.029  A 243672
   4388.66319 13.091 13.121 13.088 13.026 12.961    0.046 0.036 0.026 0.028 0.031  A 243972
   4392.63796 13.435 13.335 13.291 13.283 13.231    0.071 0.041 0.033 0.034 0.037  A 244516
   4399.77865 12.623 12.663 12.667 12.684 12.710    0.051 0.040 0.037 0.045 0.053  B 244879
   4403.58606 12.925 12.866 12.837 12.785 12.716    0.062 0.040 0.031 0.033 0.035  A 245242
   4407.60538 13.076 13.040 13.035 13.023 12.978    0.039 0.033 0.027 0.028 0.030  A 245567
   4409.61959 12.633 12.634 12.597 12.539 12.512    0.048 0.034 0.029 0.032 0.035  A 245855
   4420.73246 13.309 13.323 13.396 13.520 14.147    0.055 0.046 0.045 0.053 0.062  B 246491
   4426.61946 12.723 12.709 12.723 12.749 12.723    0.052 0.038 0.038 0.045 0.053  B 246941
   4428.65925 13.073 13.004 13.003 12.960 12.827    0.068 0.045 0.039 0.046 0.054  B 247183
   4431.57387 12.762 12.739 12.782 12.819 12.701    0.055 0.037 0.031 0.035 0.039  A 247510
   4433.65026 12.871 12.803 12.795 12.788 12.718    0.063 0.039 0.033 0.037 0.042  A 247797
   4436.59050 12.986 12.917 12.890 12.861 12.845    0.069 0.038 0.032 0.033 0.035  A 248140
   4438.66199 12.771 12.745 12.721 12.679 12.623    0.056 0.038 0.036 0.040 0.045  A 248413
   4441.59329 12.892 12.867 12.843 12.800 12.695    0.083 0.041 0.035 0.035 0.037  A 248765
   4444.59885 13.142 13.179 13.184 13.177 13.149    0.057 0.039 0.033 0.035 0.038  A 249072
   4453.55525 12.795 12.772 12.749 12.694 12.526    0.061 0.068 0.073 0.076 0.079  D 250097
   4455.63574 12.816 12.822 12.839 12.839 12.742    0.058 0.037 0.036 0.043 0.048  B 250339
   4458.60815 12.939 12.945 12.909 12.840 12.732    0.053 0.039 0.037 0.042 0.049  B 250688
   4461.59748 12.693 12.732 12.730 12.720 12.638    0.039 0.031 0.025 0.029 0.033  A 251020
   4464.58839 13.014 12.926 12.886 12.871 12.774    0.040 0.030 0.028 0.031 0.036  A 251400
   4467.57693 13.684 13.702 13.724 13.659 13.411    0.078 0.073 0.076 0.078 0.081  D 251735
   4470.57796 13.039 13.001 99.999 99.999 99.999    0.050 0.037 0.037 0.040 0.046  C 252080
   4474.57983 13.036 12.993 12.927 12.919 12.843    0.083 0.088 0.091 0.096 0.102  D 252457
   4480.53691 12.616 12.632 12.615 12.565 12.472    0.049 0.049 0.053 0.059 0.066  B 253103
   4490.53557 12.772 12.767 12.793 12.814 12.774    0.038 0.029 0.026 0.029 0.032  A 254125
   4493.53638 13.008 12.998 12.949 12.862 12.690    0.037 0.031 0.030 0.037 0.043  A 254488
#ndata= 2
#dataset= 4 ; 1 F0104-16_245
#desig= 002806-1648.0
#cra=    0.468301  00:28:05.9
#cdec= -16.799829 -16:47:59.4
#class= 0
#cmag_0= 12.702
#cmer_0=  0.035
#nskip_0= 0
#cmag_1= 12.714
#cmer_1=  0.028
#nskip_1= 0
#cmag_2= 12.668
#cmer_2=  0.005
#nskip_2= 0
#cmag_3= 12.616
#cmer_3=  0.025
#nskip_3= 0
#cmag_4= 12.561
#cmer_4=  0.048
#nskip_4= 0
#ra=    0.468301  00:28:05.9
#dec= -16.799829 -16:47:59.4
#     HJD      MAG_0  MAG_1  MAG_2  MAG_3  MAG_4    MER_0 MER_1 MER_2 MER_3 MER_4 GRADE FRAME
   2468.92257 12.728 12.735 12.673 12.599 12.528    0.035 0.034 0.026 0.028 0.027  A 11837
   2558.74223 12.678 12.695 12.664 12.634 12.594    0.045 0.029 0.023 0.023 0.026  A 22090
