#ndata= 2
#dataset= 1 ; 1 F0000-88_001
#desig= 002806-7922.0
#cra=    0.468332  00:28:06.0
#cdec= -79.366286 -79:21:58.6
#class= 0
#cmag_0= 13.042
#cmer_0=  0.000
#nskip_0= 0
#cmag_1= 13.045
#cmer_1=  0.000
#nskip_1= 0
#cmag_2= 13.057
#cmer_2=  0.000
#nskip_2= 0
#cmag_3= 13.060
#cmer_3=  0.000
#nskip_3= 0
#cmag_4= 13.075
#cmer_4=  0.000
#nskip_4= 0
#ra=    0.468332  00:28:06.0
#dec= -79.366286 -79:21:58.6
#     HJD      MAG_0  MAG_1  MAG_2  MAG_3  MAG_4    MER_0 MER_1 MER_2 MER_3 MER_4 GRADE FRAME
   2140.74282 13.043 13.045 13.057 13.060 13.076    0.062 0.045 0.042 0.046 0.052  B 30229
   2151.67470 29.999 29.999 29.999 29.999 29.999    0.072 0.061 0.065 0.075 0.084  D 31403
#ndata= 448
#dataset= 2 ; 1 F0000-80_006
#desig= 002804-7922.0
#cra=    0.467678  00:28:03.6
#cdec= -79.367430 -79:22:02.7
#class= 0
#cmag_0= 13.198
#cmer_0=  0.201
#nskip_0= 5
#cmag_1= 13.203
#cmer_1=  0.214
#nskip_1= 3
#cmag_2= 13.213
#cmer_2=  0.231
#nskip_2= 2
#cmag_3= 13.227
#cmer_3=  0.259
#nskip_3= 0
#cmag_4= 13.233
#cmer_4=  0.277
#nskip_4= 0
#ra=    0.467678  00:28:03.6
#dec= -79.367430 -79:22:02.7
#     HJD      MAG_0  MAG_1  MAG_2  MAG_3  MAG_4    MER_0 MER_1 MER_2 MER_3 MER_4 GRADE FRAME
   1869.52260 13.492 13.514 13.448 13.340 13.272    0.065 0.033 0.028 0.030 0.031  B 194
   1871.59815 13.320 13.364 13.334 13.288 13.256    0.042 0.026 0.024 0.026 0.028  A 504
   1873.57977 13.051 13.079 13.103 13.123 13.150    0.059 0.027 0.023 0.026 0.029  A 819
   1875.56527 13.141 13.169 13.147 13.100 13.015    0.064 0.030 0.026 0.028 0.030  B 1135
   1879.55609 13.079 13.045 13.058 13.062 13.061    0.055 0.030 0.026 0.027 0.029  A 1766
   1881.54769 13.157 13.077 13.042 12.981 12.942    0.052 0.028 0.024 0.027 0.029  A 2075
   1885.53590 13.167 13.198 13.196 13.136 13.136    0.059 0.034 0.028 0.030 0.033  A 2381
   1887.56105 13.181 13.120 13.128 13.151 13.178    0.046 0.029 0.027 0.030 0.033  A 2711
   1889.57744 13.314 13.322 13.375 13.460 13.505    0.044 0.032 0.029 0.033 0.037  A 3038
   1900.59005 13.082 13.116 13.075 13.048 13.047    0.043 0.030 0.025 0.026 0.029  A 3333
   1904.52556 13.285 13.285 13.238 13.166 13.088    0.043 0.037 0.031 0.032 0.036  A 3781
   1907.54043 13.089 13.093 13.131 13.208 13.283    0.054 0.030 0.026 0.029 0.031  A 4271
   1914.59294 13.001 13.068 13.076 13.056 13.062    0.042 0.029 0.026 0.028 0.030  A 4751
   1920.53239 13.051 13.049 13.064 13.076 13.075    0.042 0.030 0.027 0.030 0.034  A 5418
   1923.54269 13.380 13.360 13.326 13.316 13.243    0.034 0.029 0.025 0.028 0.031  A 5898
   1927.52756 13.065 13.034 13.035 13.105 13.224    0.047 0.031 0.027 0.031 0.036  A 6567
   1931.52923 13.360 13.352 13.362 13.374 13.456    0.044 0.040 0.036 0.039 0.043  A 7217
   2016.90276 12.601 12.810 13.004 13.086 13.074    0.069 0.058 0.046 0.053 0.054  B 16075
   2026.89374 13.390 13.362 13.319 13.306 13.304    0.051 0.031 0.028 0.030 0.033  A 17520
   2031.87362 13.574 13.595 13.597 13.560 13.482    0.044 0.031 0.027 0.030 0.034  A 18117
   2032.93755 13.170 13.092 13.030 12.935 12.968    0.052 0.036 0.038 0.044 0.053  A 18366
   2039.90704 13.433 13.493 13.474 13.405 13.528    0.079 0.038 0.034 0.037 0.040  D 19352
   2040.90094 13.472 13.464 13.489 13.435 13.344    0.079 0.040 0.036 0.039 0.042  D 19574
   2052.90458 13.547 13.590 13.612 13.652 13.699    0.057 0.032 0.028 0.030 0.032  A 19933
   2054.86099 13.305 13.169 13.107 13.131 13.176    0.073 0.036 0.030 0.035 0.037  B 20345
   2056.83416 13.165 13.178 13.187 13.214 13.221    0.043 0.032 0.027 0.028 0.030  A 20783
   2057.89043 13.123 13.075 13.006 12.935 12.862    0.057 0.030 0.027 0.029 0.032  A 21034
   2064.91163 12.952 12.989 12.931 12.902 12.913    0.072 0.036 0.032 0.034 0.037  B 21665
   2067.81246 13.150 13.160 13.221 13.297 13.344    0.064 0.033 0.030 0.034 0.038  B 21925
   2068.80908 13.087 13.154 13.314 13.486 13.422    0.066 0.045 0.047 0.057 0.066  B 22149
   2069.80685 14.139 14.056 13.952 13.935 13.946    0.060 0.032 0.030 0.034 0.038  A 22371
   2080.80682 13.258 13.204 13.181 13.191 13.303    0.055 0.031 0.026 0.027 0.031  A 22971
   2082.86154 13.184 13.160 13.159 13.122 13.081    0.048 0.028 0.025 0.028 0.031  A 23462
   2085.87982 13.289 13.281 13.291 13.262 13.261    0.034 0.028 0.022 0.025 0.028  A 23923
   2087.79255 13.230 13.205 13.319 13.440 13.323    0.072 0.058 0.061 0.072 0.081  D 24330
   2088.83758 13.108 13.104 13.046 12.988 12.999    0.045 0.026 0.023 0.026 0.030  A 24578
   2093.75978 13.202 13.096 13.084 13.081 13.008    0.068 0.034 0.030 0.032 0.036  B 24765
   2094.77676 13.109 13.093 13.088 13.121 13.059    0.063 0.034 0.032 0.036 0.041  B 25059
   2095.76831 12.847 12.841 12.746 12.638 12.676    0.065 0.043 0.045 0.054 0.063  B 25282
   2096.76247 13.175 13.291 13.291 13.190 13.109    0.069 0.048 0.049 0.055 0.062  B 25505
   2104.73606 13.953 14.002 14.027 14.086 14.252    0.039 0.026 0.023 0.026 0.028  A 26052
   2105.78775 13.678 13.680 13.747 13.764 13.768    0.047 0.027 0.024 0.026 0.029  A 26295
   2106.79926 13.231 13.297 13.377 13.468 13.455    0.043 0.027 0.023 0.024 0.027  A 26503
   2113.82854 13.494 13.546 13.562 13.542 13.632    0.044 0.029 0.024 0.027 0.030  A 26631
   2114.83050 13.206 13.109 13.075 13.096 13.032    0.049 0.037 0.033 0.034 0.036  A 26744
   2115.84063 13.145 13.179 13.179 13.176 13.123    0.041 0.031 0.027 0.027 0.030  A 26953
   2116.76876 13.192 13.144 13.098 13.117 13.147    0.041 0.031 0.026 0.027 0.030  A 27144
   2117.76069 13.349 13.330 13.299 13.301 13.330    0.040 0.030 0.025 0.027 0.029  A 27359
   2128.69854 13.119 13.110 13.116 13.126 13.078    0.049 0.029 0.025 0.028 0.032  A 27966
   2129.72236 13.171 13.130 13.104 13.116 13.060    0.047 0.027 0.023 0.026 0.028  A 28191
   2130.72617 13.565 13.438 13.361 13.277 13.287    0.048 0.028 0.024 0.026 0.028  A 28409
   2131.72771 13.659 13.720 13.721 13.703 13.703    0.040 0.027 0.023 0.026 0.029  A 28609
   2132.73915 13.250 13.213 13.209 13.235 13.238    0.032 0.023 0.021 0.025 0.027  A 28826
   2133.73001 13.079 13.084 13.078 13.077 13.075    0.031 0.027 0.023 0.026 0.029  A 29038
   2134.73221 13.032 13.031 13.005 12.959 12.975    0.033 0.025 0.022 0.024 0.027  A 29253
   2135.73078 13.181 13.147 13.113 13.072 13.012    0.039 0.033 0.033 0.039 0.043  A 29467
   2136.72872 13.181 13.141 13.167 13.227 13.195    0.035 0.027 0.024 0.026 0.026  A 29680
   2143.71040 13.373 13.355 13.361 13.338 13.305    0.049 0.032 0.028 0.030 0.032  A 30832
   2144.70307 13.813 13.762 13.690 13.659 13.620    0.044 0.030 0.023 0.024 0.027  A 31033
   2145.70547 13.159 13.173 13.221 13.246 13.288    0.040 0.030 0.025 0.026 0.029  A 31238
   2167.64204 13.054 13.012 12.993 13.008 12.999    0.042 0.033 0.026 0.028 0.030  A 32100
   2168.66301 13.154 13.129 13.131 13.090 13.033    0.041 0.031 0.025 0.027 0.030  A 32277
   2175.62961 13.260 13.230 13.351 13.445 13.567    0.040 0.034 0.028 0.030 0.033  A 33295
   2178.61941 13.094 13.129 13.187 13.266 13.393    0.037 0.033 0.026 0.028 0.029  A 33594
   2184.61473 29.999 29.999 29.999 29.999 29.999    0.047 0.039 0.031 0.034 0.038  C 34071
   2190.56671 13.059 13.158 13.207 13.202 13.207    0.043 0.036 0.028 0.028 0.030  A 34909
   2191.62296 13.256 13.253 13.281 13.321 13.355    0.038 0.034 0.026 0.026 0.028  A 35109
   2192.60648 12.962 12.962 12.990 13.013 13.109    0.036 0.030 0.025 0.027 0.029  A 35276
   2193.60760 13.215 13.322 13.406 13.494 13.562    0.038 0.033 0.026 0.027 0.029  A 35459
   2198.60065 13.280 13.226 13.222 13.194 13.175    0.043 0.037 0.028 0.029 0.031  A 36300
   2201.58328 13.264 13.357 13.347 13.314 13.238    0.041 0.036 0.027 0.029 0.030  A 36721
   2206.58597 12.988 13.019 13.099 13.153 13.208    0.037 0.033 0.027 0.028 0.030  A 37466
   2212.58816 12.916 12.991 12.994 12.915 12.811    0.045 0.040 0.032 0.032 0.035  A 37898
   2219.55242 12.933 13.105 13.170 13.240 13.274    0.044 0.041 0.032 0.037 0.035  A 38878
   2226.53343 13.105 13.161 13.291 13.397 13.439    0.040 0.039 0.031 0.035 0.032  A 39620
   2227.56824 13.123 13.181 13.230 13.272 13.204    0.039 0.038 0.033 0.034 0.034  A 39788
   2243.56756 29.999 29.999 29.999 29.999 29.999    0.051 0.047 0.040 0.046 0.045  C 42027
   2256.57066 29.999 29.999 29.999 29.999 29.999    0.053 0.047 0.040 0.046 0.044  C 43759
   2258.57384 29.999 29.999 29.999 29.999 29.999    0.072 0.063 0.056 0.061 0.062  D 44084
   2261.56840 29.999 29.999 29.999 29.999 29.999    0.085 0.074 0.067 0.072 0.072  D 44371
   2439.87203 14.021 14.074 14.073 14.090 14.026    0.035 0.037 0.026 0.026 0.026  A 7944
   2444.80047 13.546 13.543 13.581 13.564 13.463    0.034 0.031 0.022 0.023 0.025  A 8949
   2445.87883 13.249 13.278 13.306 13.360 13.388    0.030 0.029 0.022 0.024 0.024  A 9200
   2460.75618 13.079 13.144 13.116 13.126 13.152    0.034 0.034 0.030 0.034 0.032  A 10254
   2465.81446 29.999 29.999 29.999 29.999 29.999    0.040 0.041 0.035 0.039 0.030  C 11136
   2466.79906 13.114 13.076 13.102 13.122 13.179    0.037 0.038 0.028 0.029 0.024  A 11348
   2467.79838 13.034 13.025 13.069 13.103 13.025    0.032 0.033 0.026 0.028 0.027  A 11566
   2470.76245 13.395 13.418 13.459 13.445 13.445    0.037 0.040 0.033 0.038 0.030  A 12050
   2482.70321 29.999 29.999 29.999 29.999 29.999    0.047 0.045 0.040 0.046 0.041  C 13184
   2493.76451 29.999 29.999 29.999 29.999 29.999    0.068 0.063 0.056 0.058 0.053  D 14529
   2495.78937 12.989 13.037 13.085 13.072 13.056    0.049 0.046 0.041 0.045 0.039  A 14867
   2498.73437 13.472 13.550 13.613 13.669 13.635    0.038 0.039 0.031 0.034 0.030  A 15479
   2499.72967 13.109 13.077 13.042 13.029 13.019    0.039 0.039 0.032 0.035 0.028  A 15687
   2500.71805 13.121 13.196 13.212 13.199 13.189    0.041 0.039 0.031 0.034 0.033  A 15896
   2501.72945 12.996 13.016 13.050 13.061 13.101    0.035 0.037 0.031 0.034 0.026  A 16049
   2502.72724 29.999 29.999 29.999 29.999 29.999    0.043 0.044 0.038 0.043 0.038  C 16260
   2508.77161 13.104 13.074 13.106 13.199 13.117    0.046 0.046 0.040 0.044 0.047  A 16849
   2521.64384 13.035 13.052 13.022 13.026 13.026    0.033 0.029 0.026 0.026 0.027  A 18400
   2523.77895 13.180 13.196 13.216 13.242 13.255    0.038 0.040 0.034 0.038 0.038  A 18542
   2526.66650 13.072 13.104 13.122 13.135 13.125    0.052 0.036 0.031 0.033 0.035  A 18855
   2535.68644 13.286 13.391 13.325 13.224 13.210    0.071 0.071 0.060 0.057 0.057  D 19285
   2540.60387 13.237 13.206 13.246 13.286 13.364    0.041 0.037 0.031 0.032 0.033  A 19698
   2544.68662 13.653 13.685 13.669 13.691 13.764    0.034 0.037 0.032 0.033 0.032  A 20004
   2545.72086 14.017 14.160 14.279 14.257 14.089    0.039 0.036 0.032 0.032 0.033  A 20208
   2553.57217 13.204 13.225 13.184 13.166 13.125    0.041 0.035 0.025 0.023 0.022  A 21299
   2556.66697 13.126 13.106 13.097 13.155 13.121    0.040 0.039 0.033 0.038 0.033  A 21704
   2558.64092 13.192 13.223 13.227 13.253 13.316    0.027 0.028 0.020 0.022 0.022  A 22049
   2559.63485 12.954 13.057 13.066 13.040 13.039    0.039 0.034 0.026 0.027 0.028  A 22227
   2562.62817 13.178 13.134 13.058 13.050 13.105    0.030 0.036 0.033 0.035 0.035  A 22731
   2564.64829 29.999 29.999 29.999 29.999 29.999    0.038 0.039 0.037 0.040 0.042  C 23098
   2565.67107 13.226 13.374 13.423 13.405 13.429    0.034 0.039 0.035 0.038 0.037  A 23286
   2566.68363 29.999 29.999 29.999 29.999 29.999    0.042 0.042 0.035 0.038 0.039  C 23470
   2579.58150 13.103 13.124 13.072 13.054 13.036    0.046 0.044 0.037 0.037 0.036  A 25086
   2601.61311 29.999 29.999 29.999 29.999 29.999    0.063 0.056 0.046 0.050 0.046  C 27411
   2622.66064 12.960 12.980 13.040 13.092 13.138    0.043 0.030 0.027 0.029 0.031  A 29978
   2625.58612 13.079 13.142 13.274 13.317 13.202    0.042 0.032 0.039 0.037 0.039  A 30393
   2628.59051 13.014 13.018 13.099 13.197 13.262    0.043 0.040 0.047 0.045 0.047  B 30702
   2635.59223 13.184 13.163 13.140 13.114 13.150    0.044 0.028 0.024 0.025 0.027  A 32209
   2639.61216 13.304 13.323 13.344 13.346 13.305    0.037 0.031 0.026 0.026 0.028  A 32817
   2641.61956 13.043 13.002 12.980 12.987 12.980    0.040 0.027 0.024 0.026 0.029  A 33103
   2643.63127 13.077 13.102 13.085 13.117 13.174    0.040 0.029 0.025 0.026 0.029  A 33419
   2645.59691 13.446 13.497 13.480 13.459 13.491    0.035 0.028 0.024 0.026 0.029  A 33702
   2647.58316 13.163 13.112 13.128 13.152 13.168    0.043 0.033 0.030 0.032 0.033  A 33994
   2650.57547 13.338 13.363 13.363 13.335 13.262    0.038 0.033 0.028 0.029 0.029  A 34255
   2652.58626 13.394 13.300 13.228 13.154 13.082    0.044 0.029 0.027 0.031 0.034  A 34565
   2654.59433 12.908 12.915 12.888 12.933 12.963    0.041 0.029 0.027 0.030 0.034  A 34878
   2660.56406 13.069 13.142 13.151 13.164 13.202    0.056 0.032 0.028 0.031 0.033  A 35909
   2662.56353 13.107 13.069 13.076 13.068 13.068    0.035 0.028 0.024 0.024 0.027  A 36250
   2664.55969 13.565 13.527 13.562 13.616 13.618    0.037 0.028 0.026 0.027 0.029  A 36592
   2666.55717 12.996 13.005 12.971 12.929 12.899    0.034 0.030 0.026 0.028 0.030  A 36918
   2668.56299 13.077 13.118 13.117 13.100 13.046    0.038 0.030 0.027 0.028 0.030  A 37243
   2671.53404 13.306 13.278 13.301 13.366 13.382    0.043 0.031 0.027 0.030 0.032  A 37717
   2673.53325 13.097 13.045 13.041 13.035 13.053    0.034 0.028 0.026 0.028 0.030  A 38054
   2675.53244 13.104 13.160 13.162 13.215 13.227    0.043 0.033 0.030 0.033 0.038  A 38413
   2677.53089 29.999 29.999 29.999 29.999 29.999    0.030 0.027 0.024 0.026 0.028  C 38759
   2679.53486 13.131 13.023 12.983 12.922 12.808    0.060 0.054 0.053 0.055 0.058  B 39092
   2686.51681 12.956 12.900 12.730 12.653 12.648    0.044 0.041 0.041 0.044 0.046  A 40311
   2743.92080 12.939 13.005 13.010 13.006 13.006    0.038 0.036 0.031 0.034 0.040  A 50665
   2754.91825 13.100 13.065 13.012 12.980 12.955    0.031 0.026 0.024 0.027 0.030  A 52363
   2757.91143 13.046 13.010 13.108 13.183 13.084    0.034 0.034 0.028 0.030 0.031  A 52992
   2760.91881 13.341 13.388 13.554 13.650 13.695    0.032 0.038 0.029 0.032 0.030  A 53545
   2763.90750 13.281 13.248 13.242 13.214 13.271    0.037 0.038 0.030 0.034 0.034  A 54141
   2765.88731 13.578 13.632 13.588 13.665 13.813    0.033 0.032 0.027 0.029 0.031  A 54425
   2776.86374 12.878 12.850 12.927 12.978 13.033    0.038 0.043 0.034 0.039 0.043  A 55402
   2783.85167 13.123 13.039 13.039 13.045 13.075    0.038 0.024 0.021 0.022 0.024  A 56021
   2785.90879 13.216 13.169 13.207 13.208 13.191    0.031 0.032 0.026 0.027 0.029  A 56464
   2790.92026 13.048 12.993 13.003 13.020 13.074    0.029 0.032 0.025 0.026 0.026  A 57446
   2804.82810 13.253 13.238 13.243 13.235 13.142    0.036 0.035 0.035 0.042 0.047  A 59126
   2809.79629 13.087 13.038 13.047 13.073 13.019    0.040 0.025 0.022 0.025 0.027  A 59571
   2811.85804 13.054 13.080 13.093 13.149 13.249    0.031 0.027 0.023 0.025 0.028  A 60048
   2851.88037 13.082 13.059 13.078 13.124 13.139    0.031 0.038 0.034 0.040 0.040  A 65544
   2861.71764 13.041 13.049 12.999 13.016 13.070    0.031 0.034 0.029 0.032 0.034  A 66996
   2872.78822 13.577 13.565 13.583 13.567 13.560    0.030 0.034 0.030 0.033 0.034  A 68224
   2875.79908 12.981 13.036 13.054 13.125 13.132    0.030 0.039 0.032 0.037 0.036  A 68620
   2880.69705 29.999 29.999 29.999 29.999 29.999    0.079 0.081 0.081 0.086 0.089  D 69398
   2883.74076 12.961 13.029 13.019 12.993 12.981    0.030 0.031 0.026 0.030 0.030  A 69664
   2885.65752 13.143 13.196 13.263 13.234 13.144    0.027 0.027 0.022 0.023 0.025  A 70034
   2895.77932 13.075 13.142 13.207 13.249 13.373    0.041 0.041 0.040 0.044 0.044  A 71331
   2899.75058 29.999 29.999 29.999 29.999 29.999    0.042 0.041 0.037 0.043 0.045  C 72081
   2902.72666 13.040 13.083 13.099 13.105 13.104    0.037 0.040 0.036 0.043 0.045  A 72551
   2905.63293 13.101 13.133 13.223 13.307 13.387    0.035 0.036 0.034 0.038 0.039  A 72979
   2907.79894 13.136 13.257 13.268 13.194 13.087    0.051 0.054 0.053 0.054 0.055  B 73303
   2910.61240 13.299 13.306 13.287 13.245 13.257    0.033 0.037 0.034 0.039 0.040  A 73713
   2912.63971 13.006 13.091 13.105 13.157 13.169    0.055 0.053 0.049 0.057 0.059  B 74102
   2915.61920 13.143 13.174 13.230 13.257 13.175    0.035 0.042 0.044 0.047 0.048  A 74377
   2916.71094 13.333 13.362 13.443 13.451 13.396    0.042 0.041 0.039 0.048 0.051  A 74609
   2921.69578 13.070 13.016 12.978 12.915 12.861    0.033 0.036 0.034 0.040 0.046  A 75107
   2923.68377 13.190 13.089 12.973 12.941 13.022    0.038 0.042 0.041 0.043 0.043  A 75477
   2926.68507 13.123 13.064 13.035 13.016 12.946    0.033 0.042 0.039 0.041 0.040  A 75837
   2933.73667 13.202 13.227 13.210 13.177 13.174    0.035 0.038 0.037 0.038 0.037  A 77116
   2935.73150 13.027 13.034 12.993 12.926 12.922    0.033 0.037 0.037 0.037 0.037  A 77475
   2939.55213 13.026 12.948 12.967 12.946 12.925    0.048 0.051 0.045 0.050 0.051  B 77780
   2940.76041 13.373 13.326 13.325 13.239 13.147    0.042 0.040 0.028 0.032 0.032  A 78056
   2944.57226 13.208 13.183 13.177 13.164 13.205    0.039 0.043 0.038 0.046 0.046  A 78499
   2948.61029 13.113 13.088 13.079 13.047 12.965    0.057 0.056 0.058 0.064 0.064  B 79129
   2950.64489 13.265 13.356 13.425 13.519 13.509    0.032 0.031 0.029 0.033 0.039  A 79448
   2954.66425 13.100 13.142 13.212 13.249 13.215    0.035 0.034 0.031 0.035 0.040  A 79953
   2956.66293 13.111 13.060 13.087 13.145 13.231    0.031 0.029 0.027 0.029 0.032  A 80247
   2958.65890 13.787 13.736 13.728 13.716 13.600    0.031 0.028 0.024 0.027 0.029  A 80533
   2964.67535 13.358 13.290 13.297 13.293 13.207    0.031 0.030 0.028 0.029 0.032  A 81361
   2966.67574 13.188 13.208 13.233 13.226 13.184    0.084 0.094 0.093 0.094 0.095  D 81647
   2971.52097 13.067 13.093 13.099 13.101 13.003    0.050 0.047 0.042 0.043 0.044  A 82202
   2973.54400 13.113 13.076 13.055 13.003 12.948    0.028 0.028 0.026 0.029 0.033  A 82432
   2975.56965 12.968 13.011 12.990 12.979 12.958    0.052 0.048 0.047 0.051 0.050  B 82689
   2979.61585 13.111 13.086 13.067 13.050 13.088    0.033 0.029 0.026 0.030 0.034  A 83247
   2981.63267 13.097 13.053 13.109 13.186 13.281    0.035 0.033 0.032 0.038 0.045  A 83509
   2987.68186 13.118 13.058 13.102 13.216 13.280    0.030 0.027 0.026 0.029 0.034  A 84324
   2994.66670 13.096 13.058 13.138 13.195 13.244    0.030 0.028 0.025 0.028 0.031  A 85195
   3006.59357 13.084 13.058 13.074 13.059 13.089    0.032 0.029 0.027 0.031 0.037  A 86572
   3008.61155 13.004 13.063 13.102 13.125 13.181    0.033 0.032 0.030 0.034 0.039  A 86833
   3013.59315 13.056 13.189 13.289 13.386 13.551    0.035 0.033 0.034 0.040 0.047  A 87496
   3016.60509 13.205 13.250 13.283 13.267 13.351    0.039 0.040 0.040 0.044 0.048  A 87732
   3025.57313 13.409 13.297 99.999 99.999 99.999    0.065 0.077 0.078 0.080 0.083  D 88403
   3033.54549 12.996 12.980 12.952 12.975 12.985    0.032 0.029 0.028 0.032 0.037  A 88993
   3037.55711 13.466 13.405 13.325 13.279 13.336    0.033 0.032 0.030 0.034 0.037  A 89456
   3043.52217 13.523 13.552 13.556 13.526 13.588    0.041 0.033 0.032 0.036 0.041  A 89888
   3046.52694 13.081 13.026 12.998 12.953 12.975    0.037 0.033 0.031 0.037 0.043  A 90298
   3049.52414 12.812 12.676 12.670 12.676 12.789    0.047 0.051 0.057 0.072 0.085  D 90688
   3110.92373 13.081 13.059 13.171 13.291 13.338    0.038 0.036 0.034 0.039 0.045  A 98943
   3116.91861 13.166 13.196 13.168 13.098 13.057    0.033 0.032 0.031 0.036 0.040  A 99913
   3130.90294 13.224 13.158 13.184 13.220 13.295    0.044 0.043 0.040 0.045 0.050  A 101580
   3182.88174 12.939 12.888 12.844 12.770 12.647    0.041 0.038 0.040 0.047 0.053  A 107590
   3193.91535 13.502 13.577 13.714 13.901 14.063    0.045 0.037 0.032 0.034 0.038  A 108984
   3321.63692 13.016 12.958 12.986 13.004 12.971    0.035 0.028 0.025 0.028 0.032  A 120789
   3326.54825 13.025 12.966 12.933 12.889 12.879    0.038 0.028 0.023 0.026 0.028  A 121083
   3355.54766 13.131 13.158 13.170 13.166 13.220    0.036 0.026 0.024 0.027 0.030  A 124338
   3357.61577 13.450 13.456 13.481 13.505 13.642    0.040 0.029 0.026 0.029 0.032  A 124583
   3362.65756 13.077 13.031 12.986 12.922 12.866    0.049 0.031 0.031 0.035 0.040  A 124844
   3366.63514 13.260 13.353 13.494 13.675 13.468    0.065 0.040 0.042 0.048 0.053  B 125170
   3386.55508 13.098 13.013 12.977 13.006 12.977    0.075 0.045 0.035 0.039 0.043  D 126142
   3388.58454 12.995 12.960 12.960 12.975 12.976    0.054 0.035 0.032 0.036 0.039  A 126430
   3391.56723 13.369 13.304 13.324 13.454 13.631    0.040 0.032 0.032 0.038 0.043  A 126817
   3395.57038 13.308 13.284 13.271 13.280 13.303    0.036 0.033 0.034 0.041 0.048  A 127242
   3398.54813 13.327 13.383 13.424 13.478 13.579    0.039 0.031 0.031 0.035 0.040  A 127604
   3405.54673 13.228 13.241 13.278 13.308 13.447    0.114 0.056 0.049 0.055 0.058  D 128531
   3408.53072 13.039 13.035 13.008 12.993 12.879    0.044 0.029 0.032 0.036 0.039  A 128993
   3411.52613 13.501 13.496 13.477 13.473 13.453    0.048 0.034 0.033 0.036 0.040  A 129441
   3414.52059 13.014 12.976 12.957 12.933 12.842    0.043 0.029 0.029 0.034 0.038  A 129902
   3510.87736 13.083 13.081 13.159 13.223 13.235    0.032 0.031 0.024 0.026 0.028  A 143563
   3517.91387 13.093 13.117 13.153 13.201 13.334    0.064 0.041 0.037 0.042 0.046  B 144433
   3529.86349 13.054 13.201 13.199 13.173 13.194    0.070 0.043 0.038 0.042 0.049  B 146268
   3551.91736 13.040 13.003 12.985 12.984 13.016    0.034 0.030 0.027 0.030 0.034  A 148404
   3554.88754 13.250 13.194 13.214 13.228 13.249    0.038 0.036 0.031 0.035 0.040  A 148841
   3561.83684 13.186 13.092 13.111 13.130 13.136    0.077 0.037 0.030 0.033 0.034  D 149810
   3564.82809 13.190 13.221 13.202 13.170 13.113    0.034 0.032 0.026 0.026 0.029  A 150310
   3569.87362 13.042 13.026 13.041 13.015 12.937    0.034 0.034 0.027 0.029 0.032  A 150653
   3571.88670 13.077 13.058 13.054 13.106 13.170    0.041 0.038 0.032 0.035 0.038  A 150986
   3574.80083 12.965 12.949 12.982 12.989 13.016    0.040 0.036 0.029 0.032 0.035  A 151343
   3576.84586 13.166 13.214 13.213 13.142 13.249    0.042 0.040 0.040 0.047 0.054  A 151717
   3579.88849 13.222 13.205 13.214 13.228 13.278    0.033 0.028 0.025 0.028 0.031  A 152240
   3583.80989 13.069 13.105 13.159 13.238 13.283    0.048 0.038 0.035 0.039 0.044  A 152895
   3589.75808 13.072 13.079 13.064 13.041 13.028    0.035 0.028 0.024 0.027 0.029  A 153884
   3591.87896 13.008 13.053 13.038 13.050 13.057    0.037 0.030 0.025 0.027 0.029  A 154266
   3597.78786 13.191 13.151 13.174 13.169 13.182    0.040 0.032 0.026 0.029 0.031  A 155180
   3600.84907 29.999 29.999 29.999 29.999 29.999    0.041 0.040 0.041 0.049 0.058  C 155459
   3603.71468 13.164 13.212 13.209 13.200 13.215    0.039 0.035 0.029 0.033 0.036  A 155910
   3617.71422 13.417 13.292 13.241 13.191 13.177    0.047 0.041 0.035 0.037 0.042  A 157160
   3619.84289 13.440 13.424 13.565 13.734 13.872    0.081 0.055 0.055 0.064 0.078  D 157497
   3622.67561 13.122 13.106 13.117 13.119 13.127    0.035 0.031 0.025 0.026 0.029  A 157916
   3625.71827 13.527 13.635 13.782 13.876 13.996    0.035 0.034 0.029 0.034 0.040  A 158195
   3628.69687 13.087 13.119 13.055 12.991 12.954    0.036 0.035 0.029 0.032 0.035  A 158471
   3630.72529 12.973 13.005 12.964 12.888 12.834    0.039 0.038 0.033 0.037 0.042  A 158820
   3632.75337 29.999 29.999 29.999 29.999 29.999    0.037 0.035 0.034 0.040 0.045  C 159138
   3637.82108 13.113 13.103 13.159 13.210 13.241    0.034 0.034 0.027 0.031 0.036  A 159773
   3640.75528 13.250 13.255 13.220 13.203 13.209    0.034 0.030 0.026 0.029 0.032  A 160055
   3643.60294 13.954 13.938 13.901 14.012 14.202    0.039 0.038 0.036 0.038 0.043  A 160444
   3646.65720 13.105 13.080 13.120 13.159 13.204    0.037 0.034 0.027 0.028 0.030  A 160772
   3648.81590 13.141 13.164 13.210 13.312 13.483    0.067 0.065 0.064 0.070 0.076  D 161086
   3651.59135 13.006 13.056 13.063 13.077 13.041    0.039 0.033 0.027 0.029 0.031  A 161430
   3653.62983 13.063 13.069 13.037 12.992 13.060    0.047 0.036 0.034 0.039 0.045  A 161755
   3655.61671 13.086 13.089 13.067 13.046 13.039    0.037 0.028 0.024 0.028 0.031  A 162012
   3657.65437 13.641 13.554 13.507 13.475 13.452    0.040 0.030 0.027 0.031 0.035  A 162325
   3661.72050 13.081 13.105 13.063 13.035 13.006    0.038 0.033 0.033 0.039 0.045  A 162964
   3663.79975 13.100 13.140 13.137 13.124 13.075    0.036 0.034 0.035 0.042 0.047  A 163267
   3666.61821 13.133 13.094 13.128 13.125 13.125    0.037 0.030 0.025 0.026 0.028  A 163647
   3669.70810 13.026 12.989 12.970 12.954 12.963    0.032 0.030 0.025 0.027 0.029  A 163999
   3671.79917 13.030 13.066 13.104 13.140 13.151    0.035 0.034 0.030 0.032 0.037  A 164313
   3674.59910 12.981 12.988 12.990 12.963 12.954    0.034 0.030 0.025 0.027 0.029  A 164679
   3676.62207 13.326 13.456 13.491 13.458 13.471    0.040 0.029 0.024 0.026 0.029  A 164971
   3680.53903 13.190 13.111 13.074 13.077 13.110    0.044 0.031 0.025 0.027 0.029  A 165319
   3700.72579 13.499 13.412 13.430 13.435 13.510    0.045 0.038 0.037 0.042 0.047  A 168071
   3703.60688 13.292 13.334 13.355 13.390 13.432    0.033 0.026 0.025 0.028 0.033  A 168418
   3706.56172 13.051 13.057 13.009 12.958 12.964    0.045 0.035 0.035 0.040 0.044  A 168816
   3708.64740 13.032 13.082 13.117 13.142 13.190    0.040 0.030 0.027 0.031 0.034  A 169126
   3712.61928 13.178 13.174 13.121 13.047 13.012    0.034 0.028 0.026 0.029 0.033  A 169399
   3714.62949 13.057 13.065 12.998 12.924 12.862    0.037 0.028 0.027 0.031 0.034  A 169688
   3717.58928 13.631 13.651 13.692 13.669 13.786    0.033 0.030 0.033 0.039 0.044  A 170068
   3720.58585 29.999 29.999 29.999 29.999 29.999    0.039 0.032 0.032 0.038 0.044  C 170420
   3722.64538 13.078 13.114 13.201 13.299 13.426    0.041 0.033 0.034 0.040 0.046  A 170698
   3725.61500 13.851 13.967 14.000 13.986 13.943    0.050 0.038 0.037 0.041 0.044  A 170995
   3727.63436 13.175 13.154 13.137 13.139 13.009    0.035 0.033 0.033 0.040 0.047  A 171275
   3731.58104 13.398 13.393 13.465 13.576 13.722    0.035 0.034 0.035 0.040 0.047  A 171667
   3734.61544 13.222 13.315 13.401 13.469 13.473    0.039 0.037 0.040 0.050 0.060  B 172067
   3739.62959 13.382 13.373 13.347 13.357 13.427    0.039 0.027 0.028 0.032 0.036  A 172767
   3742.59524 13.091 13.088 13.088 13.129 13.171    0.036 0.028 0.028 0.032 0.035  A 173131
   3745.60108 13.243 13.252 13.301 13.290 13.220    0.033 0.031 0.031 0.035 0.040  A 173545
   3748.59242 13.152 13.228 13.448 13.721 13.916    0.046 0.036 0.039 0.048 0.055  A 173941
   3752.58350 13.498 13.490 13.589 13.694 13.761    0.051 0.038 0.038 0.046 0.052  A 174499
   3755.54957 13.048 13.061 13.031 13.014 13.030    0.036 0.032 0.033 0.038 0.044  A 174891
   3758.54821 13.332 13.470 13.546 13.658 13.774    0.060 0.035 0.030 0.035 0.037  A 175313
   3761.55241 13.130 13.182 13.252 13.360 13.536    0.052 0.035 0.037 0.044 0.051  A 175711
   3764.54208 13.614 13.520 13.424 13.405 13.453    0.050 0.038 0.037 0.043 0.050  A 176122
   3767.53590 13.143 13.118 13.089 13.017 12.928    0.070 0.040 0.036 0.040 0.047  B 176539
   3770.53524 29.999 29.999 29.999 29.999 29.999    0.079 0.081 0.100 0.128 0.156  D 176938
   3774.53813 12.983 12.918 12.922 12.895 12.812    0.040 0.038 0.041 0.049 0.058  A 177471
   3777.52547 13.818 13.957 13.998 14.035 13.826    0.044 0.034 0.037 0.045 0.053  A 177910
   3862.90234 13.189 13.121 13.129 13.168 13.256    0.040 0.029 0.026 0.029 0.033  A 189287
   3865.91785 13.235 13.219 13.246 13.299 13.385    0.052 0.035 0.032 0.035 0.039  A 189798
   3868.92079 13.022 13.030 13.065 13.158 13.352    0.044 0.038 0.037 0.044 0.054  A 190291
   3871.92196 13.194 13.211 13.296 13.373 13.359    0.041 0.035 0.034 0.039 0.045  A 190837
   3880.91416 13.448 13.441 13.431 13.354 13.325    0.040 0.034 0.030 0.036 0.041  A 191899
   3891.86773 13.128 13.121 13.113 13.134 13.148    0.040 0.032 0.025 0.029 0.033  A 193431
   3894.87888 13.082 13.064 13.023 12.946 12.943    0.034 0.033 0.026 0.029 0.030  A 193936
   3898.86297 13.412 13.367 13.335 13.260 13.232    0.038 0.035 0.033 0.038 0.043  A 194427
   3901.89048 13.203 13.204 13.251 13.306 13.488    0.042 0.040 0.039 0.047 0.054  A 194932
   3904.88841 13.116 13.087 13.064 13.015 12.977    0.067 0.038 0.031 0.033 0.037  B 195498
   3907.91069 13.835 13.928 13.915 13.847 13.826    0.047 0.037 0.032 0.037 0.041  A 196080
   3912.91604 13.047 13.055 13.028 13.004 13.027    0.044 0.031 0.027 0.030 0.034  A 196840
   4089.57941 13.232 13.190 13.175 13.155 13.135    0.036 0.026 0.025 0.028 0.031  A 209111
   4092.55984 12.998 13.015 13.002 12.995 99.999    0.049 0.035 0.034 0.038 0.043  C 209488
   4106.62703 13.069 13.062 13.093 13.148 13.147    0.052 0.062 0.062 0.065 0.068  D 210957
   4111.61830 13.317 13.357 13.402 13.355 13.286    0.051 0.032 0.031 0.035 0.038  A 211379
   4125.53734 13.258 13.301 13.324 13.368 13.422    0.043 0.033 0.032 0.035 0.037  A 211501
   4127.55369 13.038 12.991 12.976 12.967 12.941    0.039 0.031 0.032 0.034 0.036  A 211768
   4133.54714 13.111 13.066 12.998 12.959 12.947    0.038 0.030 0.034 0.042 0.047  A 212555
   4136.53634 13.307 13.320 13.331 13.293 13.208    0.055 0.030 0.030 0.034 0.037  A 212949
   4229.90106 13.206 13.117 13.132 13.169 13.158    0.043 0.034 0.030 0.033 0.038  A 223606
   4232.90424 29.999 29.999 29.999 29.999 29.999    0.059 0.049 0.046 0.048 0.052  C 224123
   4258.88460 13.018 13.096 13.178 13.249 13.321    0.048 0.051 0.050 0.054 0.058  B 227600
   4273.83086 13.358 13.247 13.247 13.211 13.216    0.068 0.101 0.150 0.218 0.263  D 228562
   4284.81578 13.160 13.165 13.249 13.308 13.405    0.038 0.035 0.030 0.034 0.041  A 229866
   4295.81446 13.367 13.364 13.401 13.409 13.342    0.050 0.042 0.035 0.036 0.038  A 231455
   4300.80563 13.363 13.483 13.529 13.612 13.670    0.063 0.047 0.042 0.045 0.050  B 232340
   4306.78753 13.378 13.360 13.307 13.251 13.185    0.034 0.034 0.027 0.028 0.031  A 233371
   4308.79147 13.157 13.161 13.173 13.175 13.099    0.042 0.043 0.045 0.054 0.064  B 233702
   4316.73675 13.149 13.167 13.134 13.089 13.001    0.048 0.052 0.052 0.056 0.059  B 234679
   4319.80000 13.507 13.517 13.532 13.526 13.569    0.034 0.032 0.025 0.028 0.030  A 235040
   4330.69727 13.780 13.695 13.775 13.846 13.806    0.084 0.064 0.054 0.054 0.057  D 235335
   4334.70101 13.073 13.004 12.957 12.886 12.870    0.033 0.032 0.025 0.028 0.032  A 236057
   4338.67877 13.103 13.022 12.988 13.002 12.990    0.037 0.038 0.032 0.036 0.040  A 236445
   4342.76509 12.997 12.931 12.909 12.787 12.726    0.055 0.058 0.059 0.066 0.070  D 237145
   4344.76981 13.112 13.151 13.149 13.089 13.108    0.050 0.047 0.051 0.059 0.065  B 237487
   4346.78093 13.751 13.738 13.725 13.685 13.615    0.043 0.043 0.045 0.049 0.050  A 237830
   4348.77241 13.216 13.199 13.158 13.090 13.050    0.036 0.030 0.026 0.028 0.031  A 238181
   4350.84810 13.189 13.190 13.172 13.175 13.344    0.043 0.034 0.033 0.037 0.041  A 238518
   4353.67479 13.020 13.114 13.093 13.056 12.973    0.031 0.031 0.024 0.025 0.028  A 238870
   4355.72552 13.082 13.039 13.050 13.057 13.100    0.031 0.031 0.025 0.028 0.031  A 239204
   4358.64794 13.269 13.287 13.228 13.252 13.233    0.037 0.035 0.031 0.031 0.032  A 239634
   4361.63639 13.131 13.112 13.129 13.125 13.159    0.037 0.035 0.029 0.029 0.028  A 240025
   4363.67018 13.428 13.319 13.415 13.525 13.604    0.032 0.033 0.027 0.030 0.033  A 240351
   4367.70105 13.138 13.064 13.077 13.090 13.081    0.038 0.037 0.033 0.038 0.045  A 240869
   4371.73744 13.320 13.301 13.318 13.271 13.189    0.037 0.034 0.032 0.037 0.042  A 241507
   4373.75002 13.414 13.423 13.481 13.539 13.498    0.038 0.032 0.028 0.033 0.039  A 241805
   4376.74055 13.004 13.036 12.987 12.955 12.974    0.033 0.033 0.032 0.037 0.044  A 242159
   4379.60114 13.141 13.161 13.112 13.084 13.076    0.034 0.032 0.028 0.029 0.031  A 242562
   4383.68434 13.142 13.136 13.160 13.205 13.213    0.055 0.037 0.028 0.028 0.031  A 243196
   4385.70215 13.679 13.730 13.788 13.834 13.847    0.030 0.030 0.026 0.027 0.030  A 243515
   4387.73086 13.271 13.331 13.390 13.342 13.222    0.048 0.048 0.045 0.048 0.051  A 243841
   4389.71026 13.096 13.007 12.991 12.951 12.887    0.036 0.036 0.033 0.038 0.045  A 244133
   4399.71986 13.273 13.289 13.237 13.217 13.268    0.042 0.038 0.038 0.046 0.054  A 244861
   4402.72562 13.094 13.096 13.107 13.169 13.216    0.050 0.037 0.033 0.038 0.044  A 245145
   4406.65635 12.871 12.916 12.925 12.935 12.945    0.044 0.040 0.036 0.039 0.042  A 245439
   4408.68222 12.946 12.958 12.955 12.975 12.983    0.036 0.033 0.029 0.034 0.040  A 245746
   4411.64948 13.791 13.948 14.057 14.101 14.030    0.061 0.040 0.038 0.040 0.042  A 246101
   4420.56336 13.148 13.232 13.134 12.977 12.843    0.041 0.040 0.038 0.044 0.050  A 246436
   4422.63596 13.230 13.267 13.231 13.200 13.209    0.035 0.028 0.025 0.028 0.031  A 246656
   4426.63264 13.199 13.146 13.120 13.069 13.109    0.039 0.035 0.039 0.049 0.057  A 246947
   4431.58461 13.381 13.421 13.459 13.413 13.265    0.037 0.034 0.030 0.034 0.040  A 247515
   4433.66319 13.301 13.252 13.283 13.322 13.429    0.039 0.034 0.034 0.042 0.049  A 247803
   4435.72745 13.060 13.081 13.082 13.128 13.132    0.060 0.039 0.033 0.037 0.041  A 248060
   4438.61986 13.963 13.965 14.050 14.159 14.181    0.058 0.048 0.044 0.048 0.051  A 248400
   4443.63310 13.195 13.233 13.246 13.211 13.202    0.036 0.034 0.031 0.033 0.035  A 248983
   4453.62406 13.184 13.235 13.273 13.269 13.274    0.033 0.032 0.031 0.037 0.041  A 250120
   4456.59778 13.217 13.215 13.216 13.221 13.197    0.041 0.039 0.039 0.046 0.054  A 250438
   4459.58339 13.084 13.123 13.146 13.170 13.345    0.042 0.035 0.034 0.041 0.048  A 250791
   4462.57813 12.985 12.977 12.957 12.943 12.908    0.032 0.031 0.027 0.031 0.035  A 251156
   4464.64570 13.263 13.198 13.140 13.115 13.060    0.040 0.034 0.032 0.035 0.041  A 251418
   4467.59298 13.027 13.047 13.062 13.075 13.025    0.036 0.034 0.033 0.035 0.038  A 251741
   4470.59533 13.256 13.182 13.155 13.130 13.087    0.050 0.036 0.033 0.035 0.040  A 252086
   4474.59710 13.094 13.069 13.118 13.157 13.145    0.037 0.033 0.031 0.038 0.045  A 252462
   4480.55746 13.217 13.201 13.194 13.190 13.106    0.040 0.038 0.037 0.043 0.050  A 253110
   4483.57281 13.285 13.326 13.470 13.722 13.624    0.059 0.054 0.056 0.063 0.068  B 253437
   4487.54859 13.052 12.969 12.950 12.938 12.945    0.048 0.054 0.060 0.068 0.075  D 253795
   4490.54124 13.761 13.701 13.771 13.880 13.949    0.032 0.029 0.026 0.029 0.032  A 254127
   4493.54063 13.042 13.085 13.085 13.076 13.107    0.032 0.029 0.027 0.031 0.033  A 254489
   4497.54870 13.861 13.825 13.915 14.002 14.055    0.064 0.047 0.041 0.048 0.054  B 254739
   4500.54698 13.123 13.091 13.123 13.153 13.103    0.050 0.046 0.044 0.046 0.050  A 255122
   4509.52537 12.981 13.057 13.049 13.029 13.016    0.045 0.040 0.041 0.047 0.053  A 256385
#dataset= 2 ; 2 F0000-80_006
#desig= 002812-7922.0
#cra=    0.469911  00:28:11.7
#cdec= -79.367374 -79:22:02.5
#class= 0
#cmag_0= 13.195
#cmer_0=  0.173
#nskip_0= 1
#cmag_1= 13.204
#cmer_1=  0.187
#nskip_1= 1
#cmag_2= 13.212
#cmer_2=  0.193
#nskip_2= 1
#cmag_3= 13.256
#cmer_3=  0.255
#nskip_3= 0
#cmag_4= 13.187
#cmer_4=  0.206
#nskip_4= 3
#ra=    0.469911  00:28:11.7
#dec= -79.367374 -79:22:02.5
#     HJD      MAG_0  MAG_1  MAG_2  MAG_3  MAG_4    MER_0 MER_1 MER_2 MER_3 MER_4 GRADE FRAME
   2009.92314 29.999 29.999 29.999 29.999 29.999    0.079 0.067 0.059 0.066 0.066  D 15495
   2124.68664 29.999 29.999 29.999 29.999 29.999    0.085 0.066 0.070 0.084 0.096  D 27673
   2141.71839 13.143 13.085 13.106 13.069 13.067    0.052 0.030 0.025 0.028 0.031  A 30430
   2156.66691 29.999 29.999 29.999 29.999 29.999    0.047 0.037 0.031 0.032 0.037  C 31662
   2164.66499 13.484 13.468 13.370 13.392 13.331    0.040 0.034 0.027 0.029 0.032  A 31920
   2169.67441 13.224 13.196 13.186 13.208 13.195    0.039 0.033 0.026 0.027 0.030  A 32435
   2171.64302 13.031 13.083 13.134 13.165 13.154    0.042 0.035 0.029 0.032 0.035  A 32605
   2172.64647 13.196 13.176 13.056 12.976 12.896    0.040 0.032 0.025 0.027 0.029  A 32796
   2173.64872 13.087 13.071 13.066 13.037 12.952    0.043 0.032 0.026 0.028 0.031  A 32985
   2174.64262 13.139 13.236 13.209 13.211 13.198    0.051 0.043 0.041 0.046 0.053  A 33156
   2177.60791 29.999 29.999 29.999 29.999 29.999    0.047 0.042 0.038 0.042 0.045  C 33414
   2183.57362 29.999 29.999 29.999 29.999 29.999    0.046 0.038 0.031 0.032 0.035  C 33861
   2185.62106 13.223 13.193 13.186 13.117 13.118    0.038 0.035 0.029 0.031 0.035  A 34260
   2186.64925 29.999 29.999 29.999 29.999 29.999    0.039 0.036 0.029 0.031 0.033  C 34387
   2188.63857 12.941 13.025 13.031 13.021 12.945    0.034 0.032 0.026 0.028 0.029  A 34693
   2194.60542 13.094 13.113 13.123 13.102 13.036    0.041 0.035 0.026 0.027 0.029  A 35637
   2195.60967 13.116 13.246 13.276 13.274 13.257    0.041 0.034 0.026 0.027 0.028  A 35816
   2196.60423 13.549 13.685 13.757 13.792 13.885    0.046 0.037 0.028 0.029 0.031  A 35946
   2199.59448 13.045 13.098 13.044 12.967 12.891    0.040 0.036 0.028 0.029 0.030  A 36477
   2202.59966 13.207 13.252 13.218 13.250 13.224    0.039 0.034 0.028 0.029 0.031  A 36896
   2203.58035 29.999 29.999 29.999 29.999 29.999    0.038 0.034 0.027 0.029 0.031  C 37061
   2204.57383 13.171 13.177 13.179 13.203 13.116    0.037 0.033 0.026 0.027 0.029  A 37185
   2207.57124 29.999 29.999 29.999 29.999 29.999    0.086 0.087 0.091 0.109 0.130  D 37632
   2211.54465 29.999 29.999 29.999 29.999 29.999    0.052 0.047 0.038 0.041 0.038  C 37813
   2213.62930 12.994 13.010 13.125 13.238 13.329    0.044 0.037 0.031 0.033 0.035  A 38086
   2214.58636 29.999 29.999 29.999 29.999 29.999    0.048 0.042 0.035 0.037 0.039  C 38215
   2215.58624 29.999 29.999 29.999 29.999 29.999    0.046 0.042 0.034 0.037 0.038  C 38382
   2216.58200 29.999 29.999 29.999 29.999 29.999    0.046 0.041 0.032 0.036 0.036  C 38550
   2217.58391 29.999 29.999 29.999 29.999 29.999    0.041 0.037 0.030 0.033 0.031  C 38718
   2221.56704 13.083 13.070 13.164 13.229 13.356    0.041 0.039 0.031 0.033 0.032  A 39001
   2224.54305 29.999 29.999 29.999 29.999 29.999    0.046 0.040 0.033 0.037 0.035  C 39308
   2229.53032 29.999 29.999 29.999 29.999 29.999    0.040 0.039 0.031 0.035 0.034  C 40097
   2232.52590 13.096 13.090 13.122 13.237 13.219    0.039 0.037 0.030 0.033 0.032  A 40427
   2234.51761 29.999 29.999 29.999 29.999 29.999    0.039 0.038 0.031 0.034 0.034  C 40739
   2236.52561 29.999 29.999 29.999 29.999 29.999    0.038 0.038 0.032 0.033 0.032  C 41060
   2239.54951 29.999 29.999 29.999 29.999 29.999    0.045 0.042 0.037 0.042 0.038  C 41386
   2241.55779 29.999 29.999 29.999 29.999 29.999    0.049 0.044 0.037 0.040 0.040  C 41707
   2248.53427 29.999 29.999 29.999 29.999 29.999    0.052 0.046 0.038 0.044 0.042  C 42454
   2252.57795 13.018 13.023 13.091 13.179 13.195    0.050 0.044 0.037 0.045 0.043  A 43154
   2254.57404 29.999 29.999 29.999 29.999 29.999    0.055 0.046 0.037 0.045 0.046  C 43444
   2263.57116 29.999 29.999 29.999 29.999 29.999    0.080 0.064 0.049 0.055 0.056  D 44679
   2265.56470 29.999 29.999 29.999 29.999 29.999    0.081 0.065 0.050 0.056 0.056  D 44947
   2446.90779 29.999 29.999 29.999 29.999 29.999    0.035 0.035 0.026 0.027 0.027  C 9372
   2471.84161 29.999 29.999 29.999 29.999 29.999    0.042 0.042 0.036 0.042 0.036  C 12564
   2489.72842 29.999 29.999 29.999 29.999 29.999    0.040 0.041 0.036 0.039 0.040  C 13887
   2519.80721 29.999 29.999 29.999 29.999 29.999    0.048 0.045 0.036 0.037 0.029  C 18071
   2554.66775 29.999 29.999 29.999 29.999 29.999    0.060 0.051 0.044 0.049 0.051  C 21522
   2561.62258 13.241 13.053 13.076 13.128 13.111    0.039 0.037 0.035 0.035 0.034  A 22548
   2563.64680 13.398 13.394 13.394 13.450 13.368    0.043 0.042 0.037 0.040 0.043  A 22918
   2621.56219 13.168 13.135 13.192 13.259 13.265    0.039 0.038 0.031 0.032 0.031  A 29769
   2862.82370 13.349 13.369 13.284 13.259 13.247    0.035 0.040 0.037 0.041 0.041  A 67245
   2866.80806 29.999 29.999 29.999 29.999 29.999    0.034 0.036 0.031 0.035 0.034  C 67630
   2892.75738 29.999 29.999 29.999 29.999 29.999    0.043 0.047 0.043 0.045 0.048  C 70727
   2897.79550 13.132 13.100 13.138 13.182 13.256    0.034 0.045 0.040 0.045 0.043  A 71737
   2960.65759 29.999 29.999 29.999 29.999 29.999    0.071 0.083 0.095 0.109 0.123  D 80787
   2977.59535 14.134 14.253 14.187 14.055 14.212    0.034 0.035 0.035 0.041 0.046  A 82970
   3659.69086 13.140 13.133 13.088 13.096 13.071    0.033 0.032 0.030 0.034 0.039  A 162650
   3737.60825 13.217 13.236 13.226 13.263 13.323    0.056 0.031 0.027 0.030 0.034  A 172478
   3852.91685 29.999 29.999 29.999 29.999 29.999    0.051 0.042 0.042 0.049 0.058  C 187701
   3887.93544 13.640 13.645 13.714 13.829 14.055    0.043 0.038 0.033 0.036 0.040  A 192760
   4104.56580 29.999 29.999 29.999 29.999 29.999    0.044 0.036 0.036 0.043 0.049  C 210677
   4247.88522 13.265 13.282 13.258 13.164 13.095    0.045 0.049 0.051 0.057 0.063  B 226490
   4253.93935 29.999 29.999 29.999 29.999 29.999    0.083 0.091 0.110 0.135 0.144  D 226950
   4268.89314 13.036 13.087 13.115 13.142 13.091    0.043 0.041 0.037 0.041 0.046  A 228070
   4278.78897 29.999 29.999 29.999 29.999 29.999    0.036 0.034 0.031 0.035 0.041  C 229203
   4290.84027 29.999 29.999 29.999 29.999 29.999    0.053 0.051 0.044 0.047 0.049  C 230567
   4292.89049 13.212 13.301 13.202 13.160 13.091    0.046 0.045 0.042 0.045 0.047  A 230962
   4297.89185 13.031 12.995 12.943 12.919 12.892    0.045 0.041 0.038 0.041 0.047  A 231834
   4302.87852 29.999 29.999 29.999 29.999 29.999    0.045 0.050 0.049 0.056 0.063  C 232679
   4304.79076 29.999 29.999 29.999 29.999 29.999    0.042 0.044 0.039 0.041 0.044  C 233009
   4310.80761 29.999 29.999 29.999 29.999 29.999    0.047 0.051 0.052 0.059 0.064  C 233954
   4312.80659 29.999 29.999 29.999 29.999 29.999    0.068 0.061 0.066 0.078 0.090  D 234282
   4332.71435 13.179 13.133 13.135 13.107 13.071    0.042 0.041 0.039 0.042 0.045  A 235704
   4340.75763 29.999 29.999 29.999 29.999 29.999    0.049 0.049 0.051 0.058 0.061  C 236810
   4365.66820 13.347 13.374 13.366 13.344 13.368    0.032 0.031 0.026 0.028 0.031  A 240661
   4369.71064 29.999 29.999 29.999 29.999 29.999    0.039 0.038 0.035 0.041 0.048  C 241169
   4381.66182 13.225 13.287 13.270 13.346 13.469    0.037 0.036 0.034 0.037 0.041  A 242882
   4393.65820 29.999 29.999 29.999 29.999 29.999    0.042 0.043 0.045 0.052 0.059  C 244656
   4440.71431 29.999 29.999 29.999 29.999 29.999    0.040 0.033 0.028 0.030 0.033  C 248689
   4477.56933 13.382 13.451 13.538 13.653 13.835    0.053 0.046 0.051 0.060 0.066  B 252755
#ndata= 310
#dataset= 3 ; 1 F0200-80_007
#desig= 002809-7922.2
#cra=    0.469155  00:28:09.0
#cdec= -79.369346 -79:22:09.6
#class= 0
#cmag_0= 13.262
#cmer_0=  0.212
#nskip_0= 0
#cmag_1= 13.240
#cmer_1=  0.209
#nskip_1= 0
#cmag_2= 13.240
#cmer_2=  0.216
#nskip_2= 0
#cmag_3= 13.259
#cmer_3=  0.241
#nskip_3= 0
#cmag_4= 13.299
#cmer_4=  0.251
#nskip_4= 0
#ra=    0.469155  00:28:09.0
#dec= -79.369346 -79:22:09.6
#     HJD      MAG_0  MAG_1  MAG_2  MAG_3  MAG_4    MER_0 MER_1 MER_2 MER_3 MER_4 GRADE FRAME
   2156.70553 13.419 13.407 13.409 13.448 13.296    0.050 0.037 0.033 0.036 0.039  A 31679
   2183.64083 29.999 29.999 29.999 29.999 29.999    0.052 0.040 0.034 0.037 0.040  C 33890
   2247.59810 29.999 29.999 29.999 29.999 29.999    0.063 0.051 0.043 0.051 0.052  C 42316
   2257.55041 29.999 29.999 29.999 29.999 29.999    0.053 0.046 0.037 0.043 0.044  C 43912
   2264.54495 29.999 29.999 29.999 29.999 29.999    0.086 0.070 0.056 0.061 0.061  D 44784
   2266.56339 29.999 29.999 29.999 29.999 29.999    0.083 0.067 0.052 0.057 0.060  D 45107
   2465.86653 13.278 13.193 13.194 13.250 13.288    0.041 0.041 0.035 0.040 0.036  A 11159
   2473.82735 13.407 13.441 13.437 13.397 13.470    0.041 0.042 0.037 0.043 0.039  A 12766
   2486.81036 29.999 29.999 29.999 29.999 29.999    0.055 0.047 0.041 0.046 0.047  C 13399
   2488.92027 29.999 29.999 29.999 29.999 29.999    0.074 0.066 0.062 0.069 0.078  D 13752
   2503.79478 29.999 29.999 29.999 29.999 29.999    0.071 0.066 0.060 0.066 0.064  D 16494
   2511.71358 29.999 29.999 29.999 29.999 29.999    0.069 0.065 0.058 0.063 0.061  D 17124
   2627.63979 13.238 13.145 13.109 13.091 13.211    0.036 0.035 0.030 0.034 0.037  A 30573
   2634.52948 13.767 13.860 13.842 13.777 13.913    0.037 0.034 0.028 0.030 0.031  A 32032
   2638.57749 13.414 13.399 13.376 13.433 13.477    0.039 0.044 0.043 0.043 0.040  A 32647
   2649.56641 13.343 13.255 13.331 13.458 13.540    0.041 0.039 0.034 0.040 0.041  A 34097
   2651.57157 29.999 29.999 29.999 29.999 29.999    0.039 0.041 0.039 0.041 0.042  C 34409
   2658.60727 29.999 29.999 29.999 29.999 29.999    0.038 0.034 0.034 0.037 0.039  C 35587
   2812.86608 29.999 29.999 29.999 29.999 29.999    0.045 0.035 0.033 0.036 0.040  C 60279
   2816.94279 12.933 12.990 12.987 12.950 12.937    0.051 0.050 0.045 0.054 0.056  A 60986
   2860.81328 13.606 13.422 13.388 13.428 13.415    0.032 0.035 0.031 0.035 0.035  A 66826
   2871.87259 29.999 29.999 29.999 29.999 29.999    0.045 0.047 0.043 0.051 0.054  C 68050
   2874.80950 13.208 13.173 13.180 13.217 13.298    0.037 0.039 0.033 0.035 0.035  A 68435
   2888.75925 12.979 12.816 12.773 12.769 12.770    0.038 0.046 0.042 0.047 0.048  A 70496
   2892.80581 29.999 29.999 29.999 29.999 29.999    0.040 0.041 0.038 0.043 0.045  C 70748
   2903.80753 29.999 29.999 29.999 29.999 29.999    0.040 0.043 0.040 0.046 0.048  C 72737
   2906.71341 13.232 13.227 13.333 13.466 13.476    0.041 0.044 0.040 0.048 0.047  A 73211
   2915.72951 13.151 13.061 13.038 13.027 13.000    0.036 0.039 0.035 0.036 0.034  A 74425
   2927.69539 12.855 12.872 12.927 12.995 13.075    0.042 0.040 0.037 0.044 0.048  A 76028
   2929.70804 13.282 13.295 13.172 13.031 13.019    0.040 0.050 0.043 0.051 0.049  A 76390
   2944.64301 29.999 29.999 29.999 29.999 29.999    0.040 0.043 0.039 0.044 0.046  C 78529
   3366.70512 13.522 13.605 13.687 13.763 13.902    0.058 0.041 0.041 0.048 0.055  A 125189
   3872.93505 13.139 13.208 13.154 13.066 13.273    0.090 0.052 0.050 0.058 0.062  D 191033
   4245.93053 29.999 29.999 29.999 29.999 29.999    0.058 0.060 0.067 0.084 0.099  D 226134
#dataset= 3 ; 2 F0200-80_007
#desig= 002805-7922.0
#cra=    0.467918  00:28:04.5
#cdec= -79.366437 -79:21:59.2
#class= 0
#cmag_0= 13.202
#cmer_0=  0.235
#nskip_0= 1
#cmag_1= 13.208
#cmer_1=  0.229
#nskip_1= 1
#cmag_2= 13.208
#cmer_2=  0.228
#nskip_2= 2
#cmag_3= 13.215
#cmer_3=  0.247
#nskip_3= 3
#cmag_4= 13.207
#cmer_4=  0.242
#nskip_4= 6
#ra=    0.467918  00:28:04.5
#dec= -79.366437 -79:21:59.2
#     HJD      MAG_0  MAG_1  MAG_2  MAG_3  MAG_4    MER_0 MER_1 MER_2 MER_3 MER_4 GRADE FRAME
   1868.60180 13.178 13.133 13.160 13.182 13.146    0.071 0.036 0.030 0.033 0.035  B 64
   1869.58638 13.264 13.287 13.345 13.383 13.367    0.042 0.028 0.024 0.027 0.029  A 222
   1870.60270 13.805 13.758 13.694 13.757 13.820    0.041 0.028 0.025 0.027 0.030  A 377
   1872.57368 13.108 13.171 13.169 13.134 13.151    0.069 0.034 0.029 0.030 0.032  B 657
   1873.60072 13.156 13.028 12.971 12.925 12.891    0.084 0.039 0.033 0.034 0.036  B 828
   1874.59228 12.947 12.976 13.015 13.066 13.049    0.071 0.034 0.029 0.032 0.033  B 987
   1875.58840 13.026 13.029 12.966 12.865 12.807    0.073 0.036 0.032 0.035 0.035  B 1145
   1876.58921 13.332 13.322 13.301 13.255 13.251    0.072 0.035 0.030 0.032 0.034  B 1306
   1877.59143 13.830 13.807 13.793 13.793 13.818    0.066 0.036 0.030 0.032 0.035  B 1468
   1878.58378 13.449 13.411 13.397 13.389 13.472    0.060 0.035 0.030 0.032 0.034  A 1621
   1879.58364 13.014 13.100 13.120 13.121 13.081    0.047 0.032 0.027 0.029 0.031  A 1778
   1880.57128 13.029 13.101 13.165 13.259 13.216    0.061 0.032 0.030 0.034 0.037  B 1930
   1881.57762 12.996 13.053 13.101 13.198 13.377    0.049 0.030 0.026 0.028 0.032  A 2088
   1884.55897 13.338 13.305 13.236 13.192 13.207    0.058 0.032 0.028 0.030 0.033  A 2230
   1886.55208 13.204 13.098 13.077 13.109 13.082    0.049 0.032 0.027 0.030 0.032  A 2547
   1887.60714 13.214 13.149 13.143 13.172 13.202    0.057 0.034 0.031 0.035 0.036  A 2731
   1889.54835 13.690 13.651 13.665 13.561 13.365    0.053 0.035 0.032 0.037 0.041  A 3025
   1900.52711 13.163 13.133 13.112 13.070 13.015    0.047 0.032 0.028 0.033 0.035  A 3305
   1903.55320 13.839 13.805 13.831 13.831 13.785    0.061 0.033 0.028 0.030 0.031  B 3632
   1905.56556 13.259 13.243 13.216 13.186 13.239    0.071 0.040 0.033 0.034 0.035  B 3959
   1907.57063 13.024 13.032 13.021 13.033 13.147    0.047 0.032 0.027 0.028 0.030  A 4284
   1914.52770 13.192 13.278 13.382 13.413 13.588    0.071 0.038 0.035 0.039 0.045  B 4722
   1918.54172 13.179 13.196 13.191 13.188 13.038    0.050 0.032 0.030 0.034 0.039  A 5102
   1920.59687 13.025 13.027 13.091 13.179 13.142    0.052 0.035 0.031 0.034 0.036  A 5446
   1922.59541 13.258 13.262 13.271 13.243 13.253    0.038 0.033 0.026 0.029 0.031  A 5757
   1924.59339 29.999 29.999 29.999 29.999 29.999    0.071 0.067 0.069 0.077 0.082  D 6089
   1926.59280 13.209 13.325 13.468 13.666 13.659    0.051 0.037 0.032 0.034 0.038  A 6428
   1929.56413 13.279 13.239 13.208 13.198 13.169    0.042 0.031 0.026 0.028 0.030  A 6895
   1932.52947 13.119 13.123 13.088 12.994 12.954    0.045 0.032 0.027 0.030 0.033  A 7381
   1936.52575 29.999 29.999 29.999 29.999 29.999    0.043 0.038 0.034 0.039 0.042  C 7989
   1939.55524 13.078 13.068 13.057 13.033 13.021    0.035 0.030 0.025 0.027 0.028  A 8360
   1945.52028 13.077 13.147 13.188 13.251 13.425    0.044 0.038 0.032 0.037 0.043  A 8646
   1948.55518 13.187 13.192 13.223 13.214 13.134    0.044 0.036 0.032 0.036 0.042  A 9024
   1952.51980 13.002 13.033 13.119 13.142 13.161    0.050 0.042 0.035 0.036 0.039  A 9536
   1955.53214 13.217 13.258 13.279 13.240 13.324    0.042 0.042 0.032 0.033 0.032  A 9984
   1966.51297 13.160 13.154 13.233 13.307 13.323    0.044 0.041 0.034 0.038 0.040  A 11310
   2039.92743 13.301 13.325 13.330 13.365 13.373    0.074 0.039 0.035 0.038 0.042  B 19361
   2053.90326 13.435 13.382 13.360 13.396 13.396    0.068 0.035 0.031 0.035 0.037  B 20138
   2055.90951 13.143 13.117 13.044 13.031 13.124    0.078 0.043 0.038 0.041 0.043  B 20587
   2057.91075 13.151 13.177 13.127 13.071 13.064    0.066 0.035 0.031 0.033 0.035  B 21043
   2067.89280 13.273 13.341 13.350 13.383 13.314    0.060 0.035 0.034 0.035 0.039  A 21958
   2068.89678 29.999 29.999 29.999 29.999 29.999    0.072 0.045 0.046 0.057 0.066  C 22186
   2069.88949 12.907 12.955 12.923 12.853 12.825    0.068 0.036 0.033 0.037 0.041  B 22407
   2070.89577 13.130 13.166 13.188 13.227 13.246    0.063 0.036 0.033 0.035 0.039  B 22629
   2080.87920 13.509 13.509 13.564 13.610 13.529    0.053 0.032 0.028 0.031 0.033  A 23003
   2082.95201 13.196 13.250 13.317 13.313 13.417    0.046 0.033 0.033 0.039 0.044  A 23499
   2086.83525 13.406 13.470 13.435 13.325 13.243    0.039 0.029 0.028 0.030 0.032  A 24126
   2087.91202 29.999 29.999 29.999 29.999 29.999    0.065 0.039 0.036 0.037 0.041  C 24382
   2094.92266 13.793 13.877 14.048 14.411 14.712    0.059 0.035 0.030 0.031 0.035  A 25123
   2095.87083 13.249 13.314 13.258 13.173 13.334    0.063 0.034 0.031 0.036 0.039  B 25327
   2103.79911 13.080 13.111 13.149 13.248 13.360    0.069 0.036 0.032 0.034 0.037  B 25880
   2104.86606 12.964 13.010 13.041 13.112 13.148    0.059 0.035 0.031 0.033 0.037  A 26107
   2105.86660 13.073 13.114 13.122 13.098 13.105    0.051 0.032 0.028 0.030 0.032  A 26330
   2106.90045 13.317 13.321 13.333 13.339 13.312    0.048 0.031 0.026 0.029 0.032  A 26547
   2113.89345 13.602 13.627 13.610 13.583 13.475    0.034 0.029 0.024 0.028 0.030  A 26660
   2115.82875 13.169 13.137 13.154 13.222 13.359    0.043 0.031 0.027 0.031 0.033  A 26948
   2116.83591 13.073 13.025 13.038 13.075 13.018    0.032 0.028 0.024 0.027 0.029  A 27174
   2128.73928 13.126 13.072 13.058 13.043 13.049    0.052 0.032 0.029 0.032 0.035  A 27984
   2129.75853 13.151 13.162 13.245 13.315 13.352    0.061 0.035 0.030 0.032 0.035  B 28207
   2131.78350 13.269 13.214 13.204 13.162 13.096    0.053 0.035 0.029 0.032 0.034  A 28634
   2132.80170 13.841 13.709 13.543 13.412 13.430    0.042 0.030 0.027 0.030 0.032  A 28854
   2133.80388 13.360 13.374 13.402 13.367 13.325    0.037 0.029 0.025 0.030 0.031  A 29071
   2134.79945 13.061 13.080 13.059 13.045 12.982    0.043 0.030 0.026 0.029 0.032  A 29283
   2135.80023 13.317 13.216 13.105 13.076 13.266    0.049 0.043 0.041 0.044 0.048  A 29498
   2136.79598 13.085 13.120 13.213 13.274 13.239    0.052 0.050 0.053 0.063 0.074  D 29710
   2143.78174 12.971 13.002 12.990 12.959 12.970    0.055 0.036 0.031 0.033 0.037  A 30862
   2164.73559 13.328 13.299 13.319 13.325 13.360    0.040 0.037 0.033 0.037 0.040  A 31950
   2167.70715 12.992 13.036 13.051 13.107 13.144    0.044 0.032 0.028 0.031 0.035  A 32129
   2168.73100 13.059 13.069 13.042 13.006 12.959    0.039 0.032 0.027 0.031 0.033  A 32306
   2169.74179 13.114 13.099 13.115 13.129 13.118    0.039 0.032 0.026 0.030 0.032  A 32465
   2170.76960 13.025 13.118 13.087 12.902 12.879    0.053 0.045 0.045 0.052 0.059  A 32520
   2172.65346 13.131 13.122 13.109 13.121 13.070    0.046 0.033 0.029 0.031 0.033  A 32799
   2173.70786 13.095 13.106 13.089 13.006 12.892    0.037 0.031 0.027 0.031 0.034  A 33010
   2174.71005 13.059 13.085 13.072 13.064 13.111    0.037 0.033 0.028 0.030 0.033  A 33186
   2178.68599 13.312 13.235 13.181 13.168 13.062    0.037 0.033 0.029 0.031 0.033  A 33622
   2180.63717 13.140 13.167 13.217 13.268 13.277    0.052 0.038 0.033 0.036 0.041  A 33791
   2184.65990 29.999 29.999 29.999 29.999 29.999    0.045 0.040 0.034 0.038 0.041  C 34091
   2185.66860 13.059 13.071 13.122 13.185 13.189    0.038 0.035 0.031 0.035 0.039  A 34281
   2186.70550 13.083 13.177 13.203 13.223 13.303    0.039 0.037 0.032 0.034 0.036  A 34412
   2189.72197 13.018 12.971 12.933 12.896 12.933    0.037 0.034 0.030 0.034 0.035  A 34795
   2190.67881 29.999 29.999 29.999 29.999 29.999    0.035 0.033 0.029 0.032 0.034  C 34958
   2191.68706 13.986 13.924 13.849 13.860 13.941    0.038 0.032 0.026 0.029 0.032  A 35137
   2192.67851 13.249 13.220 13.244 13.347 13.431    0.036 0.030 0.025 0.028 0.030  A 35308
   2193.67053 12.940 12.934 13.008 13.102 13.002    0.034 0.031 0.025 0.028 0.032  A 35487
   2194.67070 13.069 13.051 13.081 13.038 12.959    0.036 0.032 0.026 0.028 0.031  A 35666
   2196.67410 13.064 13.105 13.062 13.019 12.994    0.038 0.032 0.027 0.029 0.032  A 35977
   2198.66699 13.783 13.786 13.661 13.522 13.396    0.036 0.031 0.026 0.030 0.033  A 36328
   2199.66427 13.064 13.056 13.042 13.045 12.979    0.038 0.034 0.027 0.028 0.031  A 36508
   2201.65076 13.054 13.117 13.126 13.161 13.245    0.033 0.031 0.026 0.029 0.030  A 36751
   2202.66056 29.999 29.999 29.999 29.999 29.999    0.075 0.071 0.071 0.083 0.096  D 36923
   2208.68784 13.094 13.107 13.004 12.889 12.873    0.035 0.031 0.026 0.029 0.032  A 37701
   2211.61078 13.068 13.104 13.048 13.009 13.026    0.041 0.039 0.034 0.038 0.039  A 37842
   2249.57940 13.191 13.314 13.372 13.445 13.490    0.050 0.044 0.037 0.043 0.042  A 42671
   2251.56622 13.180 13.058 13.069 13.097 13.053    0.055 0.046 0.039 0.046 0.044  A 42988
   2253.55385 29.999 29.999 29.999 29.999 29.999    0.055 0.048 0.040 0.047 0.048  C 43305
   2255.55428 13.107 13.166 13.185 13.221 13.133    0.052 0.045 0.037 0.047 0.046  A 43593
   2262.55979 13.119 13.215 13.223 13.318 13.446    0.072 0.059 0.049 0.058 0.059  B 44511
   2464.81682 13.180 13.183 13.130 13.094 13.102    0.032 0.034 0.026 0.029 0.026  A 10918
   2468.81362 13.052 13.030 13.067 13.072 13.071    0.031 0.032 0.024 0.025 0.025  A 11790
   2470.84397 12.947 13.025 13.060 13.096 13.123    0.037 0.039 0.032 0.037 0.031  A 12086
   2482.76315 12.943 13.047 13.137 13.195 13.221    0.046 0.044 0.037 0.040 0.040  A 13210
   2489.92164 12.989 12.959 12.948 12.946 12.944    0.041 0.046 0.038 0.040 0.041  A 13971
   2495.78201 12.991 12.991 12.998 13.034 12.961    0.044 0.044 0.037 0.041 0.037  A 14864
   2496.80573 13.349 13.276 13.264 13.270 13.314    0.037 0.040 0.033 0.037 0.032  A 15085
   2498.80679 13.392 13.346 13.382 13.367 13.286    0.037 0.038 0.031 0.034 0.029  A 15511
   2499.80287 13.627 13.577 13.719 13.810 13.892    0.039 0.041 0.033 0.038 0.032  A 15719
   2501.80216 13.052 13.129 13.113 13.050 13.013    0.038 0.039 0.030 0.031 0.024  A 16080
   2502.80139 13.137 13.207 13.234 13.284 13.247    0.041 0.040 0.034 0.040 0.033  A 16293
   2508.75291 13.113 13.197 13.315 13.485 13.423    0.041 0.040 0.032 0.035 0.038  A 16841
   2519.80220 13.895 13.859 13.947 13.991 14.087    0.046 0.045 0.036 0.038 0.032  A 18069
   2526.86772 13.172 13.164 13.151 13.144 13.161    0.047 0.046 0.035 0.032 0.028  A 18942
   2529.72135 12.921 12.982 13.018 13.053 13.109    0.061 0.050 0.040 0.042 0.040  B 19114
   2539.65787 29.999 29.999 29.999 29.999 29.999    0.058 0.055 0.048 0.054 0.048  C 19530
   2540.78930 29.999 29.999 29.999 29.999 29.999    0.050 0.044 0.041 0.045 0.046  C 19776
   2544.76602 13.226 13.204 13.224 13.252 13.196    0.035 0.035 0.030 0.031 0.030  A 20038
   2549.86039 29.999 29.999 29.999 29.999 29.999    0.060 0.048 0.041 0.050 0.051  C 20873
   2553.64108 13.040 13.075 13.080 13.052 13.052    0.037 0.038 0.030 0.034 0.032  A 21327
   2554.71466 12.763 12.946 13.068 13.114 13.138    0.059 0.051 0.044 0.045 0.045  A 21542
   2557.76972 12.957 13.047 13.044 13.026 13.033    0.043 0.043 0.036 0.040 0.032  A 21926
   2558.78925 13.201 13.321 13.360 13.376 13.470    0.031 0.035 0.029 0.034 0.032  A 22112
   2559.71610 13.561 13.646 13.786 13.823 13.849    0.033 0.036 0.030 0.034 0.033  A 22262
   2560.71121 13.161 13.151 13.163 13.181 13.182    0.037 0.031 0.026 0.029 0.028  A 22438
   2561.69564 12.952 12.963 13.006 13.047 13.048    0.042 0.041 0.036 0.038 0.039  A 22580
   2562.68477 13.223 13.216 13.207 13.230 13.271    0.032 0.035 0.030 0.033 0.034  A 22756
   2564.69117 13.337 13.323 13.359 13.377 13.575    0.040 0.037 0.030 0.032 0.034  A 23117
   2565.70930 13.714 13.695 13.659 13.632 13.672    0.041 0.037 0.030 0.033 0.033  A 23303
   2577.67193 29.999 29.999 29.999 29.999 29.999    0.075 0.064 0.052 0.051 0.053  D 24792
   2578.70948 13.386 13.403 13.428 13.494 13.543    0.041 0.040 0.032 0.034 0.035  A 24978
   2620.55711 12.935 13.070 13.027 13.015 12.992    0.054 0.046 0.036 0.037 0.035  A 29437
   2622.58163 13.150 13.075 13.054 13.106 13.174    0.039 0.042 0.037 0.038 0.037  A 29944
   2624.63079 13.408 13.397 13.435 13.452 13.370    0.042 0.049 0.037 0.042 0.041  A 30249
   2629.63933 13.054 13.129 13.170 13.105 13.013    0.043 0.041 0.036 0.037 0.038  A 30874
   2636.56319 13.141 13.110 13.140 13.126 13.111    0.036 0.039 0.035 0.039 0.038  A 32350
   2640.58027 12.891 12.937 12.986 12.974 12.887    0.037 0.038 0.036 0.038 0.039  A 32958
   2642.58069 13.354 13.290 13.244 13.210 13.193    0.044 0.036 0.036 0.042 0.044  A 33243
   2644.57661 29.999 29.999 29.999 29.999 29.999    0.047 0.041 0.039 0.047 0.048  C 33546
   2646.56301 29.999 29.999 29.999 29.999 29.999    0.048 0.047 0.042 0.049 0.051  C 33842
   2655.60619 12.891 13.002 12.999 13.051 13.064    0.041 0.035 0.038 0.037 0.037  A 35220
   2662.60646 13.012 12.986 13.031 13.118 13.157    0.038 0.032 0.029 0.029 0.029  A 36268
   2776.93574 12.920 12.927 12.955 12.970 12.907    0.036 0.038 0.035 0.040 0.045  A 55433
   2786.92280 13.726 13.692 13.735 13.778 13.831    0.033 0.035 0.029 0.031 0.032  A 56688
   2790.94076 13.141 13.104 13.105 13.076 13.128    0.037 0.037 0.032 0.037 0.038  A 57455
   2809.89838 13.023 13.004 12.976 12.956 12.921    0.034 0.036 0.029 0.033 0.035  A 59614
   2838.85619 13.081 13.138 13.173 13.179 13.210    0.036 0.038 0.035 0.038 0.038  A 63987
   2841.81990 29.999 29.999 29.999 29.999 29.999    0.039 0.040 0.037 0.042 0.046  C 64604
   2851.92378 13.075 13.022 12.973 12.942 12.876    0.036 0.045 0.039 0.047 0.047  A 65563
   2860.81328 13.394 13.454 13.429 13.371 13.337    0.032 0.035 0.031 0.035 0.035  A 66826
   2883.77284 13.048 13.008 13.037 13.056 13.064    0.035 0.036 0.030 0.033 0.033  A 69678
   2898.73071 13.655 13.680 13.667 13.709 13.755    0.036 0.039 0.038 0.041 0.041  A 71909
   2900.72169 13.159 13.125 13.060 12.981 13.005    0.034 0.037 0.028 0.032 0.032  A 72260
   2908.76936 12.936 13.038 13.067 13.061 13.050    0.036 0.042 0.037 0.040 0.041  A 73467
   2910.78537 13.067 12.991 12.984 13.036 13.111    0.037 0.045 0.038 0.043 0.044  A 73787
   2917.66804 29.999 29.999 29.999 29.999 29.999    0.035 0.038 0.036 0.041 0.043  C 74778
   2924.75415 13.183 13.264 13.211 13.181 13.118    0.038 0.043 0.039 0.043 0.045  A 75677
   2931.71616 13.249 13.151 13.109 13.090 13.071    0.035 0.040 0.038 0.042 0.043  A 76753
   2935.69888 13.086 13.073 13.051 13.041 13.087    0.038 0.038 0.035 0.041 0.042  A 77461
   2939.63054 12.902 12.939 12.968 12.967 12.982    0.034 0.038 0.029 0.032 0.030  A 77813
   2948.62018 13.111 13.195 13.222 13.240 13.273    0.045 0.046 0.045 0.049 0.053  A 79133
   2950.65247 13.379 13.486 13.540 13.448 13.345    0.036 0.036 0.032 0.035 0.040  A 79451
   2956.67306 13.101 13.071 13.041 13.045 12.962    0.061 0.059 0.056 0.059 0.061  B 80251
   2971.53434 13.075 13.014 13.005 12.947 12.908    0.067 0.056 0.047 0.046 0.046  B 82206
   2973.58428 12.918 12.878 12.914 12.923 12.920    0.039 0.038 0.031 0.035 0.037  A 82448
   2975.59243 13.064 13.116 13.151 13.093 13.028    0.042 0.038 0.035 0.036 0.039  A 82698
   2977.61761 13.390 13.339 13.397 13.435 13.493    0.038 0.036 0.031 0.035 0.037  A 82979
   2994.74336 13.423 13.570 13.698 13.793 13.848    0.035 0.032 0.027 0.029 0.031  A 85225
   2998.71475 13.029 13.130 13.276 13.453 13.403    0.044 0.040 0.038 0.043 0.049  A 85751
   3175.94504 29.999 29.999 29.999 29.999 29.999    0.035 0.033 0.030 0.035 0.040  C 106693
   3179.88746 13.396 13.401 13.353 13.303 13.402    0.033 0.034 0.029 0.032 0.035  A 107288
   3187.85955 29.999 29.999 29.999 29.999 29.999    0.046 0.037 0.036 0.040 0.045  C 108351
   3191.86459 13.264 13.200 13.137 13.093 13.074    0.047 0.042 0.040 0.044 0.051  A 108804
   3358.57666 13.112 13.202 13.222 13.208 13.177    0.047 0.034 0.027 0.030 0.033  A 124681
   3363.63701 13.128 13.127 13.111 13.065 13.208    0.050 0.035 0.033 0.039 0.045  A 124946
   3386.54714 13.020 13.031 13.032 13.024 12.984    0.061 0.038 0.036 0.041 0.045  B 126139
   3497.92344 29.999 29.999 29.999 29.999 29.999    0.081 0.092 0.106 0.132 0.159  D 142015
   3502.93258 13.163 13.106 13.089 13.129 13.137    0.059 0.042 0.039 0.045 0.051  A 142725
   3509.93361 13.117 13.199 13.229 13.185 13.216    0.049 0.040 0.035 0.037 0.040  A 143518
   3522.92450 12.912 12.909 12.903 12.908 12.902    0.065 0.040 0.035 0.040 0.045  B 145109
   3526.91366 13.416 13.657 13.953 14.061 13.895    0.101 0.059 0.051 0.056 0.061  D 145774
   3530.92825 12.751 12.611 12.589 12.635 12.623    0.086 0.073 0.082 0.104 0.126  D 146464
   3541.90812 13.382 13.459 13.586 13.668 13.574    0.083 0.051 0.049 0.055 0.063  B 147331
   3547.94009 13.366 13.194 13.127 13.110 13.063    0.046 0.043 0.042 0.051 0.059  A 148138
   3551.94628 13.149 13.172 13.131 13.081 13.076    0.049 0.040 0.038 0.045 0.051  A 148413
   3555.87013 13.244 13.360 13.448 13.536 13.712    0.035 0.033 0.029 0.032 0.036  A 149002
   3560.86987 14.037 14.087 14.193 14.391 14.571    0.061 0.044 0.043 0.049 0.054  B 149638
   3563.89699 13.126 13.164 13.150 13.102 13.149    0.054 0.048 0.045 0.050 0.047  A 150172
   3568.94429 13.493 13.440 13.409 13.358 13.338    0.037 0.035 0.029 0.032 0.034  A 150483
   3571.88356 13.067 13.048 13.051 13.041 12.976    0.036 0.037 0.031 0.035 0.039  A 150985
   3574.86441 13.499 13.579 13.804 14.123 14.411    0.037 0.036 0.031 0.035 0.038  A 151363
   3577.86393 13.011 12.982 13.011 13.079 13.109    0.041 0.035 0.030 0.035 0.040  A 151881
   3581.92571 13.874 13.854 13.803 13.799 13.891    0.036 0.033 0.031 0.035 0.039  A 152548
   3584.84337 13.044 13.047 13.103 13.161 13.196    0.041 0.032 0.027 0.030 0.034  A 153074
   3587.84079 13.201 13.210 13.176 13.113 13.017    0.038 0.036 0.030 0.034 0.037  A 153592
   3601.80411 13.069 13.018 13.024 13.019 12.969    0.045 0.034 0.031 0.037 0.043  A 155611
   3615.83604 13.114 13.018 13.014 13.069 12.963    0.045 0.046 0.047 0.052 0.059  A 156970
   3618.76796 13.364 13.465 13.538 13.579 13.553    0.044 0.036 0.033 0.037 0.041  A 157327
   3621.78746 13.188 13.201 13.198 13.282 13.351    0.045 0.042 0.041 0.046 0.051  A 157792
   3624.83215 13.155 13.122 13.105 13.071 13.014    0.035 0.035 0.029 0.031 0.034  A 158112
   3628.73416 13.098 13.127 13.105 13.087 13.046    0.036 0.036 0.031 0.034 0.038  A 158483
   3630.77331 13.029 13.076 13.028 12.925 12.935    0.039 0.039 0.034 0.039 0.043  A 158835
   3632.79323 13.092 12.957 12.970 13.096 13.098    0.049 0.044 0.045 0.054 0.065  B 159151
   3638.76685 13.326 13.276 13.274 13.325 13.400    0.036 0.035 0.028 0.030 0.031  A 159822
   3641.74729 29.999 29.999 29.999 29.999 29.999    0.050 0.041 0.037 0.039 0.041  C 160215
   3644.69065 13.691 13.684 13.726 13.841 13.795    0.048 0.043 0.043 0.047 0.051  A 160626
   3648.69855 13.232 13.254 13.254 13.279 13.309    0.047 0.041 0.037 0.040 0.043  A 161051
   3650.77641 13.116 13.122 13.095 13.009 12.979    0.033 0.033 0.026 0.029 0.032  A 161359
   3656.71153 13.114 13.136 13.200 13.221 13.328    0.040 0.033 0.029 0.033 0.036  A 162203
   3658.69462 13.566 13.471 13.403 13.376 13.306    0.037 0.034 0.030 0.034 0.040  A 162493
   3660.71345 13.086 13.115 13.128 13.154 13.287    0.038 0.035 0.034 0.041 0.047  A 162808
   3665.62525 12.904 12.903 12.903 12.896 12.872    0.041 0.034 0.030 0.035 0.039  A 163501
   3668.70918 13.177 13.166 13.197 13.229 13.212    0.034 0.033 0.027 0.028 0.032  A 163854
   3673.61843 13.038 13.049 13.047 13.085 13.168    0.036 0.034 0.028 0.030 0.033  A 164539
   3675.68436 13.058 13.086 13.086 13.074 13.135    0.034 0.030 0.026 0.030 0.033  A 164847
   3678.61820 13.176 13.220 13.231 13.227 13.277    0.037 0.033 0.028 0.030 0.033  A 165227
   3700.61385 13.086 12.986 12.898 12.825 12.813    0.042 0.036 0.031 0.035 0.038  A 168034
   3703.58621 13.354 13.338 13.351 13.368 13.385    0.037 0.032 0.027 0.030 0.034  A 168410
   3863.92393 13.067 12.989 12.964 12.974 13.058    0.055 0.039 0.034 0.037 0.041  A 189448
   3868.93236 13.128 13.093 13.110 13.122 13.085    0.044 0.038 0.040 0.047 0.055  A 190295
   3877.92568 13.001 13.034 13.011 13.016 13.119    0.049 0.034 0.032 0.037 0.042  A 191588
   3892.90168 13.176 13.160 13.149 13.155 13.139    0.046 0.038 0.035 0.038 0.043  A 193614
   3898.94441 13.060 13.037 13.113 13.236 13.103    0.042 0.037 0.035 0.042 0.050  A 194456
   3902.91707 12.952 12.912 12.903 12.878 12.863    0.039 0.032 0.030 0.034 0.039  A 195128
   3906.88379 13.498 13.448 13.449 13.453 13.396    0.055 0.038 0.031 0.035 0.037  A 195875
   3912.94518 12.905 13.022 13.023 13.010 12.975    0.061 0.038 0.032 0.036 0.042  B 196849
   4084.54848 13.472 13.504 13.598 13.645 13.543    0.063 0.062 0.067 0.069 0.067  D 208456
   4089.66084 13.064 13.067 13.051 12.946 12.900    0.040 0.031 0.029 0.033 0.035  A 209139
   4092.60748 13.265 13.278 13.205 13.125 13.060    0.045 0.032 0.030 0.035 0.038  A 209505
   4103.61114 13.081 13.062 13.146 13.314 13.461    0.045 0.037 0.038 0.044 0.050  A 210584
   4228.92223 13.108 13.231 13.192 13.213 13.229    0.051 0.053 0.035 0.038 0.043  B 223443
   4232.93193 13.378 13.413 13.441 13.581 13.756    0.061 0.055 0.060 0.070 0.080  D 224133
   4255.94218 13.057 12.991 13.014 13.124 13.240    0.044 0.043 0.040 0.047 0.055  A 227180
   4273.91598 13.784 13.800 13.884 14.067 14.568    0.046 0.046 0.043 0.048 0.051  A 228591
   4278.93890 13.042 13.015 12.965 12.965 13.016    0.034 0.033 0.030 0.035 0.040  A 229238
   4285.89724 13.215 13.219 13.219 13.259 13.414    0.048 0.048 0.047 0.053 0.058  A 230069
   4289.94581 13.398 13.380 13.291 13.144 13.039    0.042 0.040 0.038 0.044 0.050  A 230446
   4292.90157 13.170 13.130 13.118 13.101 13.088    0.037 0.035 0.028 0.031 0.033  A 230966
   4295.88527 13.086 13.151 13.195 13.206 13.135    0.041 0.037 0.032 0.035 0.038  A 231480
   4298.89166 12.950 12.964 13.044 13.172 13.202    0.049 0.049 0.052 0.060 0.068  B 232016
   4301.82712 13.166 13.218 13.199 13.093 12.989    0.052 0.054 0.054 0.057 0.060  B 232535
   4304.82780 13.302 13.271 13.299 13.408 13.383    0.044 0.046 0.042 0.045 0.049  A 233021
   4306.88891 13.284 13.270 13.199 13.194 13.189    0.036 0.035 0.028 0.030 0.032  A 233404
   4308.85080 13.001 12.969 12.879 12.732 12.648    0.044 0.045 0.045 0.055 0.064  B 233721
   4311.82305 13.162 13.156 13.125 13.145 13.222    0.049 0.052 0.053 0.059 0.064  B 234122
   4316.80427 13.143 13.107 13.118 13.177 13.194    0.042 0.038 0.036 0.039 0.042  A 234701
   4329.88094 13.254 13.239 13.205 13.176 13.188    0.040 0.042 0.039 0.042 0.044  A 235223
   4331.85329 12.999 12.971 13.012 13.112 13.171    0.055 0.050 0.045 0.048 0.051  A 235572
   4333.80517 13.361 13.294 13.255 13.250 13.281    0.043 0.045 0.044 0.048 0.050  A 235915
   4339.79236 14.150 14.436 14.642 14.690 14.601    0.038 0.039 0.034 0.038 0.042  A 236642
   4341.78623 13.108 13.143 13.182 13.201 13.137    0.038 0.036 0.031 0.035 0.040  A 236975
   4343.83470 13.200 13.065 13.059 13.194 13.243    0.056 0.054 0.056 0.065 0.072  B 237345
   4346.76855 13.509 13.473 13.406 13.310 13.376    0.041 0.036 0.030 0.034 0.036  A 237826
   4348.81282 13.056 13.024 12.945 12.879 12.878    0.038 0.035 0.031 0.036 0.041  A 238195
   4351.75815 13.065 12.988 12.968 12.956 12.914    0.047 0.048 0.050 0.062 0.074  D 238639
   4354.73692 13.108 13.148 13.143 13.127 13.142    0.136 0.077 0.047 0.048 0.042  D 239032
   4357.74088 13.054 13.148 13.297 13.429 13.432    0.033 0.034 0.028 0.032 0.035  A 239499
   4362.73588 13.205 13.232 13.288 13.360 13.406    0.039 0.044 0.043 0.047 0.051  A 240206
   4364.71777 13.309 13.262 13.240 13.204 13.196    0.033 0.033 0.028 0.031 0.033  A 240531
   4367.70769 13.091 13.074 13.076 13.118 13.229    0.043 0.040 0.037 0.044 0.050  A 240871
   4369.76563 12.966 12.984 12.959 12.884 12.713    0.039 0.040 0.038 0.043 0.049  A 241187
   4371.79584 13.019 13.037 12.984 12.934 12.859    0.041 0.036 0.035 0.042 0.047  A 241527
   4374.77430 13.017 12.979 13.070 13.187 13.261    0.041 0.042 0.043 0.052 0.061  B 241860
   4377.67275 13.695 13.711 13.691 13.650 13.545    0.039 0.035 0.033 0.036 0.038  A 242274
   4379.73606 13.659 13.590 13.501 13.460 13.357    0.042 0.037 0.029 0.033 0.036  A 242607
   4381.79615 99.999 99.999 99.999 99.999 99.999    0.050 0.040 0.041 0.047 0.051  C 242927
   4384.65739 13.775 13.713 13.644 13.533 13.380    0.037 0.038 0.034 0.038 0.042  A 243337
   4386.71733 13.421 13.449 13.486 13.520 13.552    0.031 0.030 0.026 0.030 0.032  A 243680
   4388.73071 13.032 12.969 12.946 12.944 12.938    0.037 0.037 0.032 0.037 0.040  A 243997
   4392.67125 13.594 13.506 13.461 13.451 13.515    0.054 0.038 0.032 0.036 0.039  A 244528
   4398.69779 29.999 29.999 29.999 29.999 29.999    0.045 0.039 0.040 0.049 0.055  C 244737
   4400.67405 29.999 29.999 29.999 29.999 29.999    0.047 0.048 0.054 0.070 0.084  D 244984
   4403.70424 13.090 13.067 13.015 12.987 13.121    0.035 0.034 0.030 0.034 0.038  A 245283
   4407.69831 13.001 12.976 13.013 13.033 13.011    0.036 0.036 0.034 0.038 0.042  A 245600
   4421.63923 13.058 13.022 12.986 12.964 12.937    0.035 0.032 0.027 0.030 0.034  A 246545
   4423.65023 13.098 13.141 13.136 13.087 13.086    0.041 0.035 0.032 0.037 0.041  A 246748
   4431.63705 13.891 13.872 13.952 14.094 14.247    0.037 0.035 0.032 0.037 0.041  A 247533
   4436.62499 13.068 13.105 13.146 13.160 13.153    0.049 0.043 0.029 0.032 0.035  A 248153
   4443.66021 13.045 12.997 13.009 13.051 13.127    0.040 0.038 0.033 0.035 0.038  A 248993
#ndata= 1
#dataset= 4 ; 1 F2200-80_017
#desig= 002806-7922.0
#cra=    0.468263  00:28:05.7
#cdec= -79.365996 -79:21:57.6
#class= 0
#cmag_0= 13.381
#cmer_0=  0.000
#nskip_0= 0
#cmag_1= 13.533
#cmer_1=  0.000
#nskip_1= 0
#cmag_2= 13.660
#cmer_2=  0.000
#nskip_2= 0
#cmag_3= 13.807
#cmer_3=  0.000
#nskip_3= 0
#cmag_4= 14.047
#cmer_4=  0.000
#nskip_4= 0
#ra=    0.468263  00:28:05.7
#dec= -79.365996 -79:21:57.6
#     HJD      MAG_0  MAG_1  MAG_2  MAG_3  MAG_4    MER_0 MER_1 MER_2 MER_3 MER_4 GRADE FRAME
   4084.55175 13.381 13.534 13.661 13.807 14.047    0.065 0.051 0.047 0.049 0.056  A 208457
#ndata= 2
#dataset= 5 ; 1 F0120-72_019
#desig= 002805-7922.0
#cra=    0.468121  00:28:05.2
#cdec= -79.366726 -79:22:00.2
#class= 0
#cmag_0= 13.298
#cmer_0=  0.144
#nskip_0= 0
#cmag_1= 13.242
#cmer_1=  0.081
#nskip_1= 0
#cmag_2= 13.170
#cmer_2=  0.030
#nskip_2= 0
#cmag_3= 13.108
#cmer_3=  0.072
#nskip_3= 0
#cmag_4= 13.165
#cmer_4=  0.242
#nskip_4= 0
#ra=    0.468121  00:28:05.2
#dec= -79.366726 -79:22:00.2
#     HJD      MAG_0  MAG_1  MAG_2  MAG_3  MAG_4    MER_0 MER_1 MER_2 MER_3 MER_4 GRADE FRAME
   2180.59468 13.400 13.299 13.191 13.058 12.995    0.050 0.039 0.036 0.040 0.046  A 33772
   3366.64681 13.197 13.186 13.151 13.160 13.336    0.047 0.039 0.039 0.045 0.054  A 125173
