#ndata= 2
#dataset= 1 ; 1 F0032-24_199
#desig= 002904-1713.1
#cra=    0.484501  00:29:04.2
#cdec= -17.217816 -17:13:04.1
#class= 0
#cmag_0=  9.833
#cmer_0=  0.060
#nskip_0= 0
#cmag_1=  9.853
#cmer_1=  0.043
#nskip_1= 0
#cmag_2=  9.868
#cmer_2=  0.045
#nskip_2= 0
#cmag_3=  9.880
#cmer_3=  0.039
#nskip_3= 0
#cmag_4=  9.876
#cmer_4=  0.040
#nskip_4= 0
#ra=    0.484501  00:29:04.2
#dec= -17.217816 -17:13:04.1
#     HJD      MAG_3  MAG_0  MAG_1  MAG_2  MAG_4    MER_3 MER_0 MER_1 MER_2 MER_4 GRADE FRAME
   2140.77104  9.908  9.875  9.884  9.901  9.904    0.033 0.060 0.032 0.030 0.038  A 30240
   2151.69213  9.852  9.790  9.822  9.836  9.848    0.052 0.058 0.040 0.043 0.061  B 31409
#ndata= 3
#dataset= 2 ; 1 F0000-16_243
#desig= 002904-1713.0
#cra=    0.484439  00:29:04.0
#cdec= -17.216904 -17:13:00.9
#class= 0
#cmag_0=  9.834
#cmer_0=  0.045
#nskip_0= 0
#cmag_1=  9.818
#cmer_1=  0.018
#nskip_1= 0
#cmag_2=  9.824
#cmer_2=  0.031
#nskip_2= 0
#cmag_3=  9.806
#cmer_3=  0.014
#nskip_3= 0
#cmag_4=  9.808
#cmer_4=  0.025
#nskip_4= 0
#ra=    0.484439  00:29:04.0
#dec= -17.216904 -17:13:00.9
#     HJD      MAG_3  MAG_0  MAG_1  MAG_2  MAG_4    MER_3 MER_0 MER_1 MER_2 MER_4 GRADE FRAME
   2473.83256  9.789  9.802  9.795  9.804  9.790    0.046 0.042 0.050 0.042 0.037  B 12768
   2481.82257  9.819  9.834  9.838  9.823  9.809    0.046 0.046 0.043 0.038 0.042  A 13029
   2490.79519  9.809  9.866  9.823  9.848  9.827    0.034 0.032 0.034 0.028 0.030  A 14134
#ndata= 374
#dataset= 3 ; 1 F0032-16_244
#desig= 002904-1713.0
#cra=    0.484462  00:29:04.1
#cdec= -17.216915 -17:13:00.9
#class= 0
#cmag_0=  9.849
#cmer_0=  0.063
#nskip_0= 1
#cmag_1=  9.843
#cmer_1=  0.054
#nskip_1= 3
#cmag_2=  9.843
#cmer_2=  0.055
#nskip_2= 1
#cmag_3=  9.844
#cmer_3=  0.055
#nskip_3= 1
#cmag_4=  9.844
#cmer_4=  0.054
#nskip_4= 0
#ra=    0.484462  00:29:04.1
#dec= -17.216915 -17:13:00.9
#     HJD      MAG_3  MAG_0  MAG_1  MAG_2  MAG_4    MER_3 MER_0 MER_1 MER_2 MER_4 GRADE FRAME
   1868.55397  9.849  9.840  9.846  9.844  9.854    0.025 0.056 0.026 0.022 0.026  A 44
   1869.54963  9.783  9.838  9.785  9.778  9.785    0.025 0.056 0.024 0.022 0.026  A 204
   1871.59780  9.923  9.979  9.925  9.922  9.926    0.029 0.074 0.032 0.027 0.031  A 502
   1873.57707  9.812  9.909  9.817  9.806  9.808    0.027 0.064 0.029 0.024 0.028  A 816
   1875.56471  9.842  9.869  9.838  9.836  9.842    0.025 0.063 0.027 0.023 0.027  A 1133
   1877.57007  9.820  9.850  9.804  9.816  9.824    0.024 0.045 0.026 0.021 0.028  A 1457
   1879.55287  9.758  9.780  9.762  9.755  9.761    0.022 0.047 0.026 0.021 0.025  A 1763
   1885.55041  9.890  9.858  9.884  9.886  9.889    0.026 0.044 0.026 0.023 0.030  A 2386
   1887.57778  9.778  9.733  9.774  9.778  9.779    0.028 0.058 0.029 0.025 0.030  A 2717
   1889.59169  9.889  9.919  9.870  9.885  9.885    0.028 0.045 0.030 0.025 0.034  A 3043
   1902.52946  9.791  9.821  9.807  9.799  9.787    0.027 0.052 0.029 0.024 0.028  A 3461
   1905.54162  9.807  9.779  9.787  9.809  9.816    0.025 0.060 0.029 0.023 0.027  A 3948
   1915.54281  9.811  9.855  9.816  9.812  9.814    0.030 0.054 0.030 0.026 0.033  A 4889
   2039.90927  9.782  9.753  9.772  9.779  9.783    0.035 0.081 0.039 0.032 0.038  A 19355
   2040.93749  9.863  9.865  9.861  9.861  9.863    0.056 0.078 0.044 0.047 0.067  B 19592
   2053.88092  9.770  9.826  9.776  9.767  9.774    0.029 0.064 0.031 0.026 0.032  A 20130
   2055.88964  9.910  9.862  9.905  9.900  9.909    0.028 0.046 0.029 0.025 0.030  A 20580
   2057.88185  9.789  9.757  9.788  9.781  9.792    0.026 0.048 0.028 0.023 0.029  A 21032
   2067.86707  9.784  9.830  9.799  9.793  9.786    0.030 0.061 0.033 0.027 0.034  A 21950
   2068.86771  9.804  9.846  9.804  9.805  9.805    0.038 0.070 0.037 0.033 0.044  A 22176
   2069.86290  9.906  9.953  9.915  9.911  9.902    0.032 0.067 0.031 0.028 0.035  A 22397
   2070.86909  9.870  9.894  9.867  9.872  9.871    0.028 0.060 0.030 0.025 0.030  A 22619
   2080.86358  9.780  9.760  9.773  9.777  9.785    0.027 0.064 0.030 0.025 0.028  A 22997
   2082.90810  9.893  9.896  9.893  9.896  9.903    0.026 0.063 0.030 0.025 0.029  A 23482
   2085.90942  9.786  9.887  9.809  9.794  9.788    0.028 0.052 0.029 0.025 0.031  A 23937
   2087.86681  9.854  9.873  9.862  9.858  9.850    0.032 0.053 0.027 0.027 0.036  A 24363
   2088.93941  9.809  9.755  9.800  9.811  9.811    0.026 0.056 0.026 0.024 0.030  A 24623
   2093.88448  9.822  9.801  9.790  9.816  9.825    0.026 0.045 0.031 0.024 0.029  A 24882
   2094.83205  9.838  9.780  9.816  9.837  9.837    0.028 0.056 0.030 0.025 0.030  A 25084
   2095.83080  9.801  9.830  9.807  9.800  9.813    0.031 0.067 0.032 0.028 0.036  A 25310
   2104.85029  9.802  9.769  9.798  9.798  9.808    0.028 0.056 0.029 0.025 0.030  A 26100
   2105.83716  9.796  9.756  9.785  9.795  9.793    0.027 0.059 0.028 0.024 0.030  A 26317
   2106.85671  9.901  9.873  9.905  9.904  9.899    0.025 0.056 0.030 0.024 0.027  A 26528
   2113.86042  9.754  9.693  9.755  9.755  9.754    0.024 0.044 0.026 0.021 0.026  A 26645
   2115.77642  9.760  9.715  9.753  9.759  9.760    0.028 0.051 0.030 0.026 0.030  A 26925
   2116.80756  9.900  9.907  9.899  9.903  9.896    0.027 0.041 0.028 0.025 0.030  A 27161
   2131.83995  9.821  9.796  9.812  9.816  9.821    0.025 0.044 0.025 0.022 0.027  A 28658
   2132.78148  9.758  9.771  9.750  9.754  9.759    0.026 0.056 0.029 0.024 0.029  A 28844
   2133.76791  9.786  9.767  9.776  9.783  9.788    0.026 0.047 0.026 0.023 0.029  A 29054
   2134.76807  9.829  9.820  9.812  9.825  9.828    0.026 0.048 0.027 0.024 0.028  A 29268
   2135.77112  9.915  9.864  9.896  9.916  9.911    0.048 0.058 0.039 0.040 0.054  B 29484
   2136.76688  9.862  9.871  9.859  9.862  9.864    0.038 0.054 0.036 0.035 0.041  A 29696
   2141.75474  9.844  9.833  9.840  9.842  9.846    0.030 0.056 0.029 0.026 0.033  A 30445
   2143.75058  9.849  9.808  9.816  9.828  9.841    0.032 0.055 0.034 0.029 0.033  A 30848
   2144.73959  9.848  9.884  9.869  9.855  9.851    0.027 0.052 0.029 0.024 0.030  A 31048
   2164.70271  9.902  9.911  9.909  9.912  9.902    0.027 0.044 0.033 0.027 0.031  A 31935
   2167.67772  9.780  9.782  9.778  9.779  9.781    0.028 0.055 0.030 0.025 0.032  A 32114
   2168.69861  9.894  9.912  9.898  9.897  9.894    0.026 0.046 0.027 0.023 0.029  A 32291
   2169.71025  9.854  9.892  9.850  9.865  9.857    0.027 0.043 0.031 0.025 0.029  A 32449
   2171.67435  9.767  9.768  9.772  9.762  9.773    0.027 0.050 0.030 0.025 0.030  A 32617
   2172.69536  9.857  9.855  9.897  9.869  9.858    0.029 0.045 0.031 0.025 0.033  A 32814
   2173.68085  9.921  9.900  9.961  9.924  9.921    0.028 0.054 0.031 0.025 0.030  A 32996
   2174.67640  9.874  9.895  9.886  9.881  9.873    0.031 0.046 0.031 0.027 0.035  A 33169
   2175.66784  9.812  9.812  9.798  9.801  9.806    0.029 0.044 0.040 0.029 0.033  A 33310
   2177.64624  9.835  9.840  9.874  9.844  9.830    0.030 0.053 0.033 0.027 0.034  A 33429
   2178.65551  9.897  9.910  9.888  9.890  9.902    0.027 0.032 0.031 0.025 0.030  A 33608
   2185.69611  9.766  9.797  9.781  9.775  9.769    0.035 0.043 0.036 0.030 0.038  A 34291
   2188.66823  9.857  9.897  9.877  9.854  9.872    0.028 0.043 0.034 0.026 0.029  A 34704
   2190.61910  9.768  9.772  9.771  9.765  9.769    0.027 0.044 0.032 0.024 0.030  A 34930
   2191.65732  9.840  9.832  9.869  9.841  9.838    0.026 0.047 0.032 0.024 0.029  A 35122
   2192.63842  9.886  9.885  9.912  9.890  9.886    0.025 0.046 0.029 0.023 0.028  A 35288
   2193.64175  9.876  9.870  9.920  9.889  9.872    0.026 0.043 0.030 0.024 0.029  A 35472
   2194.63970  9.781  9.790  9.799  9.783  9.785    0.025 0.042 0.031 0.024 0.028  A 35650
   2195.64175  9.788  9.767  9.808  9.787  9.787    0.028 0.046 0.033 0.027 0.031  A 35828
   2196.63636  9.846  9.863  9.833  9.840  9.847    0.030 0.045 0.032 0.027 0.034  A 35958
   2197.63601  9.901  9.923  9.905  9.896  9.900    0.027 0.043 0.031 0.024 0.029  A 36142
   2198.63037  9.854  9.880  9.836  9.842  9.854    0.027 0.045 0.033 0.026 0.029  A 36311
   2199.62428  9.773  9.799  9.774  9.780  9.779    0.028 0.048 0.036 0.027 0.029  A 36488
   2201.61978  9.852  9.878  9.835  9.841  9.856    0.027 0.045 0.033 0.026 0.029  A 36735
   2202.62728  9.886  9.865  9.920  9.892  9.876    0.038 0.052 0.041 0.036 0.041  A 36906
   2203.61233  9.811  9.832  9.781  9.797  9.810    0.034 0.052 0.038 0.032 0.038  A 37073
   2204.61025  9.778  9.811  9.771  9.779  9.783    0.029 0.048 0.035 0.027 0.032  A 37199
   2205.60835  9.816  9.817  9.841  9.828  9.814    0.075 0.077 0.070 0.068 0.086  D 37330
   2206.61356  9.894  9.929  9.879  9.891  9.903    0.030 0.046 0.035 0.027 0.031  A 37476
   2207.60563  9.918  9.948  9.923  9.924  9.911    0.030 0.047 0.039 0.028 0.031  A 37645
   2213.61593  9.780  9.756  9.754  9.773  9.775    0.035 0.047 0.037 0.030 0.037  A 38078
   2214.59809  9.795  9.793  9.824  9.804  9.786    0.035 0.045 0.040 0.032 0.036  A 38218
   2216.60043  9.941  9.960  9.945  9.943  9.938    0.037 0.048 0.040 0.031 0.035  A 38556
   2217.60230  9.803  9.843  9.825  9.822  9.818    0.036 0.046 0.040 0.032 0.035  A 38724
   2219.57317  9.744  9.808  9.802  9.770  9.757    0.035 0.046 0.040 0.031 0.033  A 38885
   2221.57856  9.916  9.905  9.903  9.915  9.906    0.032 0.045 0.035 0.028 0.031  A 39004
   2222.58557  9.851  9.839  9.826  9.843  9.838    0.036 0.043 0.036 0.030 0.034  A 39162
   2224.57610  9.848  9.852  9.841  9.834  9.826    0.036 0.047 0.041 0.032 0.033  A 39319
   2226.55611  9.943  9.918  9.924  9.939  9.919    0.037 0.044 0.037 0.030 0.033  A 39628
   2227.57509  9.773  9.830  9.818  9.795  9.789    0.033 0.042 0.036 0.028 0.032  A 39789
   2229.54839  9.777  9.835  9.833  9.810  9.787    0.035 0.045 0.039 0.032 0.034  A 40103
   2230.58306  9.946  9.879  9.944  9.946  9.914    0.039 0.049 0.039 0.032 0.038  A 40283
   2233.54425  9.856  9.852  9.866  9.855  9.825    0.035 0.043 0.037 0.030 0.034  A 40594
   2234.55216  9.858  9.830  9.877  9.865  9.851    0.042 0.050 0.044 0.035 0.040  A 40752
   2236.53428  9.830  9.885  9.865  9.824  9.843    0.038 0.047 0.040 0.033 0.036  A 41062
   2240.53904  9.931  9.945  9.925  9.935  9.920    0.042 0.047 0.043 0.035 0.040  A 41538
   2242.54868  9.816  9.830  9.783  9.803  9.798    0.046 0.052 0.045 0.038 0.046  A 41861
   2244.59444  9.842  9.898  9.925  9.903  9.835    0.047 0.061 0.048 0.040 0.049  B 42160
   2248.55816  9.942  9.912  9.885  9.900  9.935    0.043 0.056 0.042 0.034 0.044  A 42463
   2253.57697  9.976  9.953  9.926  9.940  9.971    0.042 0.054 0.042 0.035 0.041  A 43314
   2256.53240  9.844  9.821  9.804  9.797  9.831    0.047 0.055 0.045 0.040 0.045  A 43741
   2260.52652  9.777  9.792  9.806  9.808  9.762    0.059 0.075 0.056 0.047 0.062  B 44190
   2262.58668  9.992  9.936  9.957  9.968 10.003    0.052 0.066 0.055 0.046 0.052  B 44522
   2271.55863  9.957  9.961  9.922  9.912  9.948    0.060 0.078 0.065 0.055 0.060  D 45531
   2439.87142  9.788  9.760  9.819  9.796  9.780    0.038 0.038 0.044 0.036 0.038  A 7945
   2452.84560  9.908  9.889  9.931  9.904  9.897    0.028 0.031 0.033 0.026 0.028  A 9539
   2465.85957 10.010  9.929  9.943  9.972  9.994    0.039 0.040 0.041 0.035 0.035  A 11156
   2467.84279  9.791  9.809  9.779  9.786  9.793    0.021 0.024 0.029 0.020 0.021  A 11586
   2468.92257  9.885  9.895  9.873  9.879  9.879    0.025 0.028 0.030 0.023 0.025  A 11837
   2470.82145  9.973  9.949  9.965  9.970  9.955    0.035 0.031 0.036 0.030 0.028  A 12076
   2471.89296  9.815  9.812  9.812  9.810  9.799    0.034 0.030 0.034 0.029 0.028  A 12586
   2473.81585  9.751  9.799  9.739  9.772  9.763    0.041 0.034 0.040 0.035 0.033  A 12761
   2473.83256  9.787  9.788  9.780  9.790  9.786    0.048 0.045 0.051 0.044 0.040  B 12768
   2481.82257  9.823  9.820  9.826  9.805  9.805    0.050 0.052 0.047 0.043 0.046  B 13029
   2489.77244  9.881  9.915  9.876  9.883  9.893    0.031 0.030 0.033 0.029 0.032  A 13906
   2490.79519  9.811  9.857  9.814  9.833  9.824    0.037 0.038 0.038 0.032 0.033  A 14134
   2490.81269  9.831  9.839  9.842  9.823  9.814    0.041 0.035 0.039 0.034 0.036  A 14142
   2493.79082  9.929  9.899  9.926  9.915  9.925    0.040 0.037 0.040 0.035 0.034  A 14540
   2495.73311  9.890  9.891  9.887  9.879  9.885    0.039 0.035 0.036 0.032 0.033  A 14842
   2496.77139  9.772  9.814  9.765  9.783  9.788    0.033 0.033 0.038 0.030 0.029  A 15069
   2498.77010  9.878  9.912  9.890  9.875  9.889    0.030 0.029 0.033 0.027 0.027  A 15494
   2499.76681  9.902  9.920  9.905  9.905  9.906    0.031 0.027 0.033 0.026 0.025  A 15702
   2500.74505  9.857  9.835  9.881  9.854  9.845    0.025 0.027 0.031 0.023 0.022  A 15907
   2501.77000  9.804  9.795  9.796  9.791  9.801    0.028 0.028 0.032 0.025 0.025  A 16066
   2502.76098  9.858  9.855  9.859  9.856  9.854    0.040 0.032 0.034 0.031 0.031  A 16274
   2503.76353  9.958  9.940  9.956  9.935  9.928    0.057 0.058 0.054 0.049 0.053  B 16479
   2519.75765  9.787  9.814  9.786  9.789  9.786    0.024 0.026 0.031 0.024 0.025  A 18048
   2520.80493  9.872  9.874  9.880  9.870  9.858    0.041 0.056 0.052 0.039 0.031  B 18270
   2526.78884  9.910  9.902  9.890  9.905  9.921    0.029 0.048 0.047 0.035 0.025  A 18906
   2529.69612  9.806  9.772  9.788  9.786  9.803    0.043 0.056 0.048 0.037 0.037  A 19101
   2544.71454  9.814  9.815  9.813  9.813  9.813    0.023 0.027 0.030 0.022 0.024  A 20014
   2545.75296  9.915  9.910  9.892  9.918  9.917    0.020 0.024 0.023 0.019 0.023  A 20220
   2552.78211  9.794  9.889  9.800  9.791  9.799    0.022 0.044 0.023 0.021 0.025  A 21205
   2554.62311  9.791  9.807  9.795  9.802  9.797    0.038 0.048 0.040 0.033 0.047  A 21501
   2558.67184  9.797  9.793  9.791  9.793  9.800    0.018 0.027 0.024 0.017 0.021  A 22060
   2558.74223  9.874  9.841  9.855  9.871  9.877    0.024 0.044 0.031 0.024 0.026  A 22090
   2560.66611  9.892  9.902  9.903  9.884  9.896    0.028 0.033 0.030 0.026 0.029  A 22417
   2561.65034  9.868  9.881  9.868  9.868  9.864    0.026 0.029 0.025 0.025 0.028  A 22558
   2562.65355  9.780  9.792  9.772  9.774  9.786    0.022 0.025 0.022 0.021 0.025  A 22740
   2578.65973  9.895  9.903  9.885  9.896  9.896    0.032 0.034 0.037 0.028 0.028  A 24954
   2622.55867  9.899  9.899  9.868  9.887  9.903    0.025 0.042 0.031 0.023 0.027  A 29933
   2624.61475  9.846  9.855  9.829  9.847  9.851    0.028 0.037 0.038 0.025 0.031  A 30241
   2627.62560  9.812  9.814  9.799  9.818  9.814    0.026 0.026 0.027 0.024 0.030  A 30566
   2629.62498  9.902  9.915  9.908  9.907  9.897    0.026 0.032 0.025 0.023 0.030  A 30867
   2635.61777  9.949  9.875  9.946  9.951  9.937    0.025 0.030 0.037 0.025 0.024  A 32219
   2638.55995  9.773  9.770  9.714  9.762  9.787    0.025 0.050 0.050 0.029 0.025  A 32639
   2640.56741  9.917  9.892  9.940  9.920  9.912    0.022 0.038 0.030 0.021 0.024  A 32952
   2642.56998  9.795  9.801  9.803  9.795  9.797    0.023 0.028 0.026 0.021 0.026  A 33238
   2644.57026  9.900  9.912  9.908  9.903  9.904    0.024 0.028 0.024 0.022 0.027  A 33543
   2650.53821  9.859  9.881  9.860  9.854  9.862    0.026 0.036 0.026 0.023 0.028  A 34239
   2652.56591  9.830  9.852  9.826  9.822  9.832    0.027 0.034 0.025 0.023 0.029  A 34556
   2654.57604  9.877  9.872  9.862  9.869  9.879    0.026 0.029 0.024 0.023 0.030  A 34870
   2658.55221  9.928  9.925  9.921  9.926  9.925    0.029 0.030 0.027 0.025 0.032  A 35564
   2661.53497  9.766  9.774  9.769  9.770  9.765    0.025 0.031 0.037 0.023 0.028  A 36068
   2663.53858  9.920  9.951  9.906  9.916  9.923    0.025 0.031 0.027 0.023 0.028  A 36408
   2665.54286  9.764  9.754  9.760  9.760  9.767    0.022 0.025 0.022 0.020 0.025  A 36761
   2668.53177  9.888  9.898  9.883  9.882  9.891    0.036 0.037 0.040 0.031 0.039  A 37230
   2671.52565  9.802  9.826  9.818  9.809  9.799    0.046 0.040 0.049 0.042 0.041  A 37714
   2765.92037  9.795  9.796  9.796  9.787  9.792    0.030 0.031 0.029 0.027 0.034  A 54441
   2787.88247  9.901  9.927  9.906  9.899  9.901    0.025 0.031 0.033 0.023 0.027  A 56901
   2809.86525  9.840  9.862  9.834  9.843  9.851    0.039 0.034 0.047 0.034 0.033  A 59601
   2814.87516  9.891  9.877  9.884  9.886  9.896    0.026 0.027 0.028 0.024 0.029  A 60753
   2819.93579  9.851  9.863  9.867  9.853  9.850    0.028 0.030 0.031 0.025 0.030  A 61417
   2830.79627  9.853  9.868  9.861  9.859  9.860    0.025 0.025 0.029 0.022 0.027  A 62572
   2832.83486  9.807  9.816  9.778  9.805  9.813    0.025 0.026 0.028 0.022 0.029  A 63035
   2834.85101  9.838  9.860  9.833  9.838  9.849    0.050 0.046 0.048 0.045 0.054  B 63426
   2836.88170  9.845  9.835  9.824  9.831  9.829    0.045 0.037 0.036 0.037 0.051  B 63778
   2840.89791  9.812  9.826  9.806  9.814  9.812    0.027 0.026 0.027 0.024 0.032  A 64441
   2843.84142  9.900  9.896  9.906  9.896  9.897    0.025 0.025 0.028 0.022 0.027  A 64997
   2853.77531  9.883  9.900  9.882  9.883  9.886    0.022 0.021 0.027 0.019 0.021  A 65718
   2856.81539  9.869  9.897  9.869  9.872  9.871    0.027 0.026 0.030 0.024 0.027  A 66130
   2858.86925  9.764  9.780  9.756  9.764  9.767    0.019 0.023 0.024 0.017 0.021  A 66419
   2860.76416  9.787  9.777  9.799  9.787  9.785    0.024 0.025 0.027 0.021 0.026  A 66804
   2872.81159  9.808  9.829  9.815  9.811  9.814    0.020 0.032 0.022 0.019 0.021  A 68233
   2875.82017  9.901  9.878  9.891  9.900  9.904    0.020 0.040 0.021 0.019 0.022  A 68628
   2877.77591  9.818  9.818  9.807  9.818  9.819    0.021 0.026 0.024 0.019 0.023  A 69006
   2880.74952  9.868  9.838  9.872  9.872  9.869    0.024 0.033 0.031 0.024 0.025  A 69411
   2883.78109  9.786  9.793  9.764  9.782  9.791    0.020 0.024 0.028 0.020 0.022  A 69680
   2885.71601  9.865  9.845  9.857  9.860  9.866    0.019 0.032 0.022 0.018 0.021  A 70058
   2886.82023  9.764  9.770  9.761  9.761  9.766    0.026 0.031 0.027 0.024 0.027  A 70314
   2895.74835  9.872  9.865  9.868  9.867  9.869    0.029 0.028 0.031 0.025 0.031  A 71316
   2897.75215  9.784  9.774  9.766  9.774  9.787    0.029 0.026 0.030 0.024 0.028  A 71717
   2899.73855  9.918  9.949  9.925  9.926  9.915    0.021 0.031 0.023 0.020 0.022  A 72074
   2902.72871  9.779  9.817  9.809  9.782  9.782    0.025 0.026 0.030 0.023 0.026  A 72550
   2905.66788  9.900  9.913  9.882  9.898 99.999    0.024 0.022 0.029 0.021 0.023  C 72992
   2910.66153  9.890  9.923  9.884  9.889  9.899    0.021 0.045 0.024 0.020 0.022  A 73732
   2912.68574  9.785  9.780  9.792  9.784  9.792    0.019 0.029 0.023 0.019 0.022  A 74120
   2915.66504  9.844  9.852  9.835  9.841  9.845    0.023 0.027 0.027 0.021 0.025  A 74395
   2916.75482  9.826  9.808  9.827  9.827  9.818    0.027 0.032 0.029 0.025 0.028  A 74626
   2922.67775  9.828  9.826  9.819  9.826  9.831    0.032 0.044 0.045 0.030 0.038  A 75285
   2924.74317  9.775  9.772  9.766  9.777  9.777    0.028 0.028 0.026 0.025 0.032  A 75670
   2927.67293  9.864  9.842  9.859  9.862  9.865    0.023 0.031 0.024 0.021 0.025  A 76016
   2933.67485  9.863  9.883  9.866  9.868  9.865    0.025 0.033 0.025 0.023 0.027  A 77088
   2935.66962  9.783  9.819  9.782  9.784  9.782    0.024 0.041 0.024 0.022 0.026  A 77446
   2937.68410  9.902  9.849  9.909  9.903  9.902    0.024 0.042 0.024 0.021 0.026  A 77722
   2940.70282  9.838  9.829  9.844  9.843  9.843    0.022 0.025 0.024 0.020 0.024  A 78029
   2942.62359  9.892  9.917  9.866  9.889  9.891    0.033 0.031 0.033 0.029 0.037  A 78195
   2943.67039  9.817  9.806  9.819  9.815  9.819    0.023 0.035 0.022 0.021 0.026  A 78375
   2944.78184  9.891  9.888  9.879  9.878  9.896    0.045 0.040 0.035 0.036 0.052  B 78587
   2950.59964  9.785  9.779  9.784  9.783  9.784    0.035 0.030 0.032 0.030 0.041  A 79430
   2954.62020  9.786  9.801  9.784  9.790  9.790    0.033 0.036 0.030 0.028 0.038  A 79934
   2956.61809  9.909  9.918  9.898  9.897  9.914    0.024 0.028 0.025 0.022 0.026  A 80227
   2958.61428  9.851  9.807  9.839  9.847  9.853    0.058 0.048 0.057 0.058 0.061  D 80513
   2960.61532  9.841  9.857  9.842  9.829  9.842    0.042 0.039 0.035 0.036 0.044  A 80768
   2962.62204  9.820  9.805  9.811  9.815  9.821    0.024 0.026 0.025 0.021 0.027  A 81055
   2966.63820  9.833  9.843  9.838  9.839  9.841    0.025 0.025 0.026 0.023 0.028  A 81630
   2970.63181  9.914  9.910  9.909  9.914  9.916    0.023 0.026 0.022 0.020 0.025  A 82122
   2972.65653  9.796  9.776  9.799  9.785  9.798    0.026 0.025 0.025 0.023 0.030  A 82393
   2977.55637  9.809  9.768  9.800  9.793  9.815    0.029 0.031 0.027 0.025 0.030  A 82953
   2979.58872  9.894  9.878  9.877  9.884  9.896    0.043 0.040 0.036 0.039 0.047  A 83235
   2981.61110  9.780  9.763  9.767  9.777  9.788    0.034 0.042 0.029 0.028 0.040  A 83499
   2983.62363  9.882  9.870  9.884  9.885  9.883    0.031 0.035 0.027 0.026 0.034  A 83772
   2985.62959  9.814  9.787  9.813  9.815  9.819    0.025 0.033 0.025 0.022 0.029  A 84038
   2987.65874  9.865  9.867  9.848  9.858  9.873    0.026 0.026 0.026 0.024 0.030  A 84314
   2990.62783  9.786  9.792  9.774  9.776  9.792    0.026 0.028 0.027 0.024 0.029  A 84640
   2992.62631  9.847  9.829  9.839  9.843  9.846    0.029 0.030 0.029 0.026 0.033  A 84915
   2994.64386  9.812  9.812  9.787  9.813  9.820    0.027 0.028 0.026 0.024 0.030  A 85185
   2997.57267  9.816  9.773  9.811  9.816  9.817    0.028 0.029 0.026 0.025 0.032  A 85558
   3006.57961  9.997 10.078  9.998  9.995 10.001    0.050 0.047 0.045 0.047 0.055  B 86566
   3018.54741  9.825  9.823  9.844  9.825  9.816    0.032 0.028 0.029 0.027 0.038  A 87980
   3157.92674  9.789  9.792  9.782  9.790  9.791    0.044 0.046 0.041 0.040 0.047  A 104327
   3163.91763  9.904  9.861  9.907  9.906  9.898    0.032 0.038 0.029 0.028 0.036  A 105119
   3169.90729  9.835  9.819  9.828  9.838  9.833    0.069 0.057 0.065 0.068 0.071  D 106025
   3177.92185  9.931  9.876  9.923  9.932  9.921    0.095 0.068 0.079 0.085 0.104  D 106994
   3180.91074  9.789  9.784  9.784  9.787  9.791    0.028 0.029 0.027 0.025 0.031  A 107436
   3185.88582  9.794  9.728  9.792  9.790  9.792    0.035 0.047 0.036 0.033 0.039  A 108018
   3189.89524  9.770  9.746  9.782  9.767  9.765    0.034 0.035 0.030 0.028 0.037  A 108516
   3271.72113  9.844  9.853  9.843  9.843  9.843    0.027 0.038 0.032 0.025 0.031  A 115962
   3273.73501  9.837  9.840  9.847  9.831  9.839    0.029 0.044 0.031 0.026 0.033  A 116229
   3277.70861  9.879  9.919  9.880  9.886  9.881    0.050 0.042 0.039 0.042 0.056  B 116721
   3279.71138  9.794  9.781  9.795  9.785  9.806    0.028 0.049 0.032 0.026 0.031  A 116993
   3294.78572  9.885  9.906  9.863  9.882  9.887    0.024 0.049 0.039 0.025 0.025  A 118432
   3298.60627  9.824  9.845  9.824  9.823  9.828    0.028 0.035 0.029 0.025 0.031  A 118792
   3326.64482  9.833  9.968  9.842  9.831  9.833    0.037 0.091 0.042 0.036 0.038  B 121108
   3359.55198  9.815  9.805  9.819  9.817  9.813    0.029 0.037 0.026 0.026 0.033  A 124780
   3362.57491 99.999 99.999 99.999 99.999 99.999    0.033 0.044 0.030 0.028 0.038  C 124820
   3366.57536  9.898  9.929  9.916  9.902  9.887    0.058 0.078 0.049 0.051 0.062  B 125152
   3387.53490  9.793  9.804  9.789  9.788  9.797    0.035 0.043 0.032 0.031 0.041  A 126283
   3390.54946  9.898  9.865  9.879  9.885  9.910    0.034 0.045 0.029 0.030 0.041  A 126691
   3397.53154 99.999  9.789  9.769 99.999 99.999    0.032 0.041 0.031 0.029 0.036  C 127465
   3403.52594  9.853  9.853  9.850  9.852  9.846    0.032 0.045 0.028 0.028 0.039  A 128211
   3512.91066  9.855  9.883  9.847  9.848  9.854    0.041 0.068 0.038 0.037 0.049  B 143952
   3524.92068  9.779  9.820  9.804  9.791  9.777    0.055 0.058 0.046 0.049 0.062  B 145436
   3529.89887  9.752  9.721  9.740  9.750  9.755    0.041 0.052 0.035 0.036 0.047  A 146281
   3541.90237  9.919  9.942  9.928  9.920  9.920    0.037 0.040 0.032 0.033 0.043  A 147330
   3544.91019  9.824  9.767  9.801  9.812  9.836    0.039 0.079 0.039 0.035 0.043  A 147792
   3552.88290  9.794  9.832  9.794  9.785  9.795    0.039 0.042 0.034 0.035 0.044  A 148550
   3556.86523  9.868  9.884  9.869  9.865  9.870    0.026 0.031 0.023 0.023 0.030  A 149142
   3560.83919  9.894  9.867  9.890  9.895  9.893    0.035 0.047 0.029 0.030 0.038  A 149629
   3563.86452  9.832  9.845  9.836  9.832  9.830    0.025 0.034 0.024 0.022 0.028  A 150161
   3569.89886  9.888  9.872  9.895  9.882  9.889    0.030 0.035 0.031 0.026 0.033  A 150662
   3577.88393  9.883  9.974  9.902  9.889  9.871    0.040 0.077 0.040 0.036 0.045  A 151887
   3582.92081  9.919  9.913  9.916  9.916  9.919    0.038 0.072 0.037 0.034 0.043  A 152745
   3585.81537  9.839  9.923  9.857  9.843  9.845    0.034 0.067 0.038 0.031 0.036  A 153240
   3588.80777  9.911  9.903  9.899  9.910  9.909    0.030 0.059 0.031 0.028 0.033  A 153720
   3591.78792  9.756  9.712  9.744  9.753  9.755    0.027 0.034 0.025 0.024 0.029  A 154235
   3595.79927  9.810  9.853  9.808  9.802  9.814    0.072 0.067 0.051 0.058 0.084  D 154874
   3597.80429  9.890  9.892  9.890  9.892  9.886    0.027 0.038 0.028 0.025 0.030  A 155185
   3600.88440  9.854  9.888  9.857  9.851  9.852    0.035 0.043 0.033 0.031 0.041  A 155470
   3617.75337  9.897  9.857  9.905  9.896  9.900    0.032 0.041 0.033 0.029 0.037  A 157172
   3620.71341  9.792  9.799  9.778  9.786  9.795    0.038 0.074 0.041 0.037 0.042  A 157613
   3622.76440  9.883  9.986  9.918  9.899  9.877    0.032 0.060 0.036 0.029 0.037  A 157945
   3625.77436  9.900  9.908  9.899  9.900  9.902    0.033 0.043 0.035 0.031 0.036  A 158212
   3628.72655  9.804  9.796  9.831  9.801  9.803    0.029 0.031 0.030 0.025 0.033  A 158479
   3632.73217  9.807  9.814  9.810  9.808  9.803    0.039 0.071 0.037 0.034 0.043  A 159129
   3634.77840  9.886  9.918  9.884  9.881  9.888    0.035 0.045 0.032 0.030 0.041  A 159422
   3637.75141  9.797  9.803  9.799  9.799  9.797    0.030 0.039 0.034 0.028 0.036  A 159748
   3640.72455  9.915  9.875  9.913  9.914  9.913    0.025 0.035 0.026 0.023 0.029  A 160042
   3642.78051  9.791  9.791  9.772  9.786  9.800    0.036 0.043 0.041 0.032 0.040  A 160365
   3645.74407  9.890  9.906  9.858  9.890  9.903    0.030 0.033 0.032 0.027 0.033  A 160719
   3651.62748  9.910  9.929  9.910  9.907  9.906    0.028 0.054 0.029 0.025 0.031  A 161441
   3653.65195  9.772  9.738  9.775  9.771  9.774    0.042 0.077 0.042 0.037 0.048  B 161761
   3655.64471  9.876  9.813  9.872  9.871  9.880    0.033 0.072 0.037 0.031 0.036  A 162020
   3660.65527  9.891  9.955  9.913  9.897  9.889    0.044 0.069 0.040 0.036 0.050  B 162788
   3662.67608  9.800  9.842  9.827  9.815  9.801    0.054 0.085 0.050 0.046 0.063  B 163077
   3664.71407  9.826  9.814  9.827  9.828  9.820    0.034 0.069 0.038 0.032 0.037  A 163380
   3666.79841  9.867  9.847  9.863  9.870  9.875    0.039 0.058 0.038 0.034 0.044  A 163707
   3670.57520  9.925  9.959  9.935  9.925  9.924    0.025 0.044 0.030 0.024 0.027  A 164092
   3672.66307  9.817  9.800  9.786  9.813  9.817    0.025 0.050 0.029 0.023 0.029  A 164407
   3674.73383  9.808  9.861  9.819  9.813  9.806    0.031 0.067 0.035 0.029 0.034  A 164718
   3680.63314  9.762  9.714  9.746  9.760  9.761    0.029 0.065 0.035 0.028 0.031  A 165346
   3700.58799  9.806  9.847  9.819  9.809  9.816    0.040 0.085 0.043 0.038 0.044  A 168024
   3703.57146  9.881  9.976  9.882  9.876  9.880    0.035 0.077 0.038 0.032 0.040  A 168404
   3705.64233  9.867  9.922  9.888  9.876  9.870    0.036 0.058 0.032 0.030 0.041  A 168708
   3708.59719  9.835  9.924  9.846  9.833  9.830    0.034 0.083 0.040 0.033 0.038  A 169107
   3714.62289  9.733  9.698  9.732  9.735  9.734    0.043 0.085 0.047 0.041 0.045  A 169685
   3717.58575  9.863  9.964  9.869  9.865  9.861    0.047 0.089 0.047 0.043 0.053  B 170066
   3720.58106  9.856  9.771  9.858  9.860  9.862    0.037 0.069 0.037 0.032 0.042  A 170418
   3722.64004  9.770  9.777  9.772  9.770  9.771    0.043 0.074 0.042 0.038 0.049  B 170696
   3725.61464  9.898  9.892  9.899  9.900  9.897    0.042 0.063 0.039 0.039 0.046  A 170994
   3727.63402  9.797  9.880  9.806  9.799  9.801    0.036 0.042 0.029 0.030 0.042  A 171274
   3731.58032  9.976 10.004  9.978  9.980  9.970    0.043 0.051 0.042 0.039 0.046  A 171666
   3734.61355  9.874  9.855  9.881  9.878  9.879    0.058 0.057 0.043 0.048 0.070  B 172066
   3737.60340  9.810  9.781  9.806  9.805  9.810    0.028 0.036 0.028 0.025 0.032  A 172476
   3742.58025  9.810  9.824  9.798  9.804  9.814    0.031 0.036 0.028 0.027 0.036  A 173125
   3745.58071  9.802  9.795  9.816  9.808  9.805    0.035 0.035 0.029 0.030 0.040  A 173538
   3749.56082  9.879  9.860  9.871  9.876  9.887    0.045 0.038 0.032 0.036 0.054  B 174069
   3753.55151  9.915  9.924  9.913  9.910  9.915    0.042 0.040 0.036 0.038 0.048  B 174626
   3756.54371  9.798  9.783  9.780  9.791  9.807    0.043 0.052 0.034 0.035 0.052  B 175031
   3759.53576  9.853  9.856  9.846  9.851  9.852    0.040 0.036 0.033 0.035 0.045  A 175449
   3762.53698  9.880  9.866  9.870  9.875  9.883    0.034 0.045 0.029 0.029 0.039  A 175843
   3866.92638  9.843  9.848  9.833  9.837  9.848    0.033 0.032 0.027 0.026 0.036  A 189979
   3872.91368  9.902  9.959  9.898  9.895  9.899    0.053 0.053 0.039 0.044 0.062  B 191027
   3889.90598  9.800  9.843  9.780  9.801  9.804    0.031 0.040 0.032 0.028 0.035  A 193080
   3893.89422  9.773  9.770  9.781  9.776  9.771    0.028 0.034 0.027 0.025 0.031  A 193797
   3898.93834  9.841  9.777  9.830  9.836  9.843    0.037 0.053 0.031 0.032 0.044  A 194455
   3902.91123  9.770  9.750  9.751  9.767  9.774    0.031 0.048 0.029 0.027 0.036  A 195127
   3906.91122  9.780  9.791  9.780  9.782  9.778    0.029 0.049 0.028 0.026 0.032  A 195886
   3913.93502  9.918  9.969  9.925  9.914  9.919    0.035 0.061 0.036 0.034 0.038  A 197036
   3981.68615  9.905  9.938  9.903  9.903  9.905    0.027 0.037 0.026 0.024 0.031  A 203360
   4089.60908  9.872  9.895  9.861  9.865  9.874    0.030 0.060 0.032 0.027 0.032  A 209121
   4092.58675  9.824  9.773  9.830  9.829  9.821    0.036 0.099 0.057 0.044 0.039  D 209497
   4103.58781  9.838  9.797  9.828  9.837  9.834    0.043 0.084 0.043 0.039 0.049  B 210575
   4106.57776  9.824  9.835  9.833  9.826  9.814    0.051 0.089 0.047 0.045 0.055  B 210940
   4129.53160  9.797  9.783  9.794  9.798  9.804    0.033 0.042 0.030 0.029 0.038  A 212026
   4133.52299  9.778  9.836  9.780  9.774  9.775    0.053 0.071 0.048 0.046 0.060  B 212548
   4256.90684  9.997 10.139 10.108 10.028  9.993    0.043 0.042 0.036 0.037 0.053  B 227346
   4273.90831  9.843  9.852  9.843  9.852  9.846    0.035 0.042 0.041 0.035 0.036  A 228589
   4278.92084  9.831  9.835  9.831  9.830  9.831    0.033 0.040 0.032 0.030 0.037  A 229233
   4285.86430  9.781  9.759  9.802  9.793  9.781    0.053 0.054 0.047 0.048 0.059  B 230059
   4289.94106  9.821  9.843  9.822  9.821  9.822    0.043 0.053 0.042 0.037 0.049  B 230445
   4292.86581  9.874  9.873  9.883  9.883  9.878    0.049 0.063 0.055 0.048 0.052  B 230954
   4295.86562  9.858  9.817  9.872  9.860  9.859    0.033 0.055 0.037 0.030 0.036  A 231473
   4298.85302  9.761  9.797  9.756  9.761  9.765    0.062 0.058 0.054 0.055 0.071  B 232002
   4301.81253  9.888  9.907  9.882  9.884  9.892    0.034 0.048 0.035 0.030 0.040  A 232530
   4303.85096  9.788  9.744  9.844  9.806  9.768    0.054 0.062 0.058 0.053 0.057  D 232842
   4305.87126  9.917  9.908  9.940  9.923  9.919    0.064 0.068 0.062 0.061 0.066  D 233213
   4307.82398  9.783  9.797  9.773  9.781  9.778    0.029 0.038 0.032 0.028 0.032  A 233541
   4309.83238  9.835  9.856  9.837  9.837  9.836    0.029 0.035 0.031 0.025 0.034  A 233857
   4311.83943  9.862  9.887  9.848  9.862  9.860    0.032 0.052 0.038 0.030 0.037  A 234127
   4316.85894  9.825  9.817  9.845  9.826  9.825    0.031 0.041 0.035 0.028 0.034  A 234719
   4319.85353  9.925  9.970  9.898  9.921  9.926    0.031 0.043 0.035 0.029 0.037  A 235058
   4330.72670  9.970  9.989  9.956  9.957  9.975    0.050 0.061 0.052 0.049 0.052  B 235344
   4332.74222  9.785  9.802  9.781  9.780  9.785    0.027 0.038 0.028 0.025 0.031  A 235712
   4334.73844  9.861  9.857  9.846  9.858  9.862    0.056 0.054 0.052 0.052 0.060  B 236068
   4338.71980  9.814  9.830  9.812  9.816  9.814    0.032 0.037 0.037 0.029 0.034  A 236457
   4340.77501  9.822  9.819  9.839  9.821  9.814    0.034 0.037 0.034 0.030 0.039  A 236815
   4345.78833  9.771  9.794  9.741  9.761  9.760    0.086 0.071 0.083 0.085 0.088  D 237655
   4347.81294 10.029  9.994  9.982 10.006 10.020    0.131 0.084 0.089 0.112 0.138  D 238017
   4350.70663  9.828  9.817  9.819  9.826  9.826    0.035 0.052 0.037 0.033 0.039  A 238472
   4353.70754  9.914  9.887  9.932  9.916  9.917    0.027 0.031 0.031 0.025 0.030  A 238880
   4355.74639  9.771  9.753  9.784  9.777  9.768    0.027 0.039 0.031 0.025 0.030  A 239210
   4358.68819  9.930  9.956  9.945  9.930  9.928    0.031 0.041 0.034 0.028 0.036  A 239647
   4361.67492  9.786  9.810  9.756  9.785  9.787    0.025 0.034 0.033 0.024 0.028  A 240037
   4363.71124  9.922  9.949  9.927  9.916  9.922    0.028 0.037 0.033 0.026 0.030  A 240363
   4365.69932  9.778  9.775  9.808  9.780  9.775    0.030 0.036 0.034 0.029 0.034  A 240670
   4372.71428  9.910  9.886  9.889  9.900  9.916    0.043 0.042 0.036 0.036 0.049  B 241656
   4375.71416  9.814  9.834  9.804  9.819  9.821    0.034 0.037 0.033 0.031 0.039  A 241983
   4377.77460  9.805  9.825  9.811  9.807  9.801    0.042 0.063 0.043 0.038 0.052  B 242305
   4380.62788  9.781  9.786  9.773  9.776  9.777    0.036 0.048 0.035 0.033 0.041  A 242715
   4382.67637  9.881  9.866  9.886  9.885  9.876    0.026 0.033 0.031 0.024 0.029  A 243036
   4384.70828  9.803  9.813  9.813  9.806  9.797    0.031 0.033 0.031 0.027 0.034  A 243352
   4386.69961 10.010 10.045 10.081 10.024 10.004    0.027 0.042 0.034 0.025 0.029  A 243672
   4388.66319  9.789  9.799  9.797  9.787  9.797    0.028 0.046 0.036 0.026 0.031  A 243972
   4392.63796  9.855  9.828  9.825  9.850  9.851    0.034 0.071 0.041 0.033 0.037  A 244516
   4399.77865  9.862  9.847  9.870  9.871  9.854    0.045 0.051 0.040 0.037 0.053  B 244879
   4403.58606  9.783  9.770  9.765  9.784  9.782    0.033 0.062 0.040 0.031 0.035  A 245242
   4407.60538  9.801  9.823  9.824  9.805  9.801    0.028 0.039 0.033 0.027 0.030  A 245567
   4409.61959  9.848  9.863  9.864  9.854  9.851    0.032 0.048 0.034 0.029 0.035  A 245855
   4420.73246  9.770  9.749  9.773  9.768  9.770    0.053 0.055 0.046 0.045 0.062  B 246491
   4426.61946  9.822  9.846  9.826  9.823  9.831    0.045 0.052 0.038 0.038 0.053  B 246941
   4428.65925  9.905  9.845  9.916  9.907  9.903    0.046 0.068 0.045 0.039 0.054  B 247183
   4431.57387  9.798  9.845  9.793  9.801  9.801    0.035 0.055 0.037 0.031 0.039  A 247510
   4433.65026  9.851  9.805  9.858  9.852  9.852    0.037 0.063 0.039 0.033 0.042  A 247797
   4436.59050  9.806  9.807  9.823  9.807  9.806    0.033 0.069 0.038 0.032 0.035  A 248140
   4438.66199  9.830  9.816  9.832  9.830  9.829    0.040 0.056 0.038 0.036 0.045  A 248413
   4441.59329  9.832  9.836  9.842  9.828  9.832    0.035 0.083 0.041 0.035 0.037  A 248765
   4444.59885  9.768  9.755  9.774  9.767  9.772    0.035 0.057 0.039 0.033 0.038  A 249072
   4453.55525  9.851  9.841  9.850  9.848  9.846    0.076 0.061 0.068 0.073 0.079  D 250097
   4455.63574  9.914  9.939  9.908  9.910  9.908    0.043 0.058 0.037 0.036 0.048  B 250339
   4458.60815  9.748  9.697  9.758  9.757  9.745    0.042 0.053 0.039 0.037 0.049  B 250688
   4461.59748  9.911  9.959  9.905  9.909  9.913    0.029 0.039 0.031 0.025 0.033  A 251020
   4464.58839  9.817  9.826  9.822  9.819  9.818    0.031 0.040 0.030 0.028 0.036  A 251400
   4467.57693  9.876  9.872  9.873  9.879  9.873    0.078 0.078 0.073 0.076 0.081  D 251735
   4470.57796 99.999  9.991  9.930 99.999 99.999    0.040 0.050 0.037 0.037 0.046  C 252080
   4474.57983 10.074 10.010 10.086 10.073 10.061    0.096 0.083 0.088 0.091 0.102  D 252457
   4480.53691  9.916  9.924  9.910  9.911  9.919    0.059 0.049 0.049 0.053 0.066  B 253103
   4490.53557  9.885  9.891  9.885  9.884  9.887    0.029 0.038 0.029 0.026 0.032  A 254125
   4493.53638  9.845  9.839  9.850  9.848  9.847    0.037 0.037 0.031 0.030 0.043  A 254488
#ndata= 4
#dataset= 4 ; 1 F0104-16_245
#desig= 002904-1713.0
#cra=    0.484519  00:29:04.3
#cdec= -17.217224 -17:13:02.0
#class= 0
#cmag_0=  9.799
#cmer_0=  0.019
#nskip_0= 0
#cmag_1=  9.836
#cmer_1=  0.019
#nskip_1= 0
#cmag_2=  9.831
#cmer_2=  0.023
#nskip_2= 0
#cmag_3=  9.840
#cmer_3=  0.021
#nskip_3= 0
#cmag_4=  9.831
#cmer_4=  0.028
#nskip_4= 0
#ra=    0.484519  00:29:04.3
#dec= -17.217224 -17:13:02.0
#     HJD      MAG_3  MAG_0  MAG_1  MAG_2  MAG_4    MER_3 MER_0 MER_1 MER_2 MER_4 GRADE FRAME
   2468.92257  9.875  9.862  9.864  9.865  9.863    0.028 0.035 0.034 0.026 0.027  A 11837
   2473.81585  9.743  9.750  9.716  9.751  9.744    0.040 0.038 0.039 0.033 0.033  A 12761
   2490.81269  9.819  9.797  9.829  9.809  9.803    0.039 0.038 0.037 0.032 0.034  A 14142
   2558.74223  9.861  9.801  9.843  9.854  9.860    0.023 0.045 0.029 0.023 0.026  A 22090
