#ndata= 2
#dataset= 1 ; 1 F0048-56_061
#desig= 003017-4627.9
#cra=    0.504653  00:30:16.8
#cdec= -46.464989 -46:27:54.0
#class= 0
#cmag_0= 12.436
#cmer_0=  0.062
#nskip_0= 0
#cmag_1= 12.415
#cmer_1=  0.019
#nskip_1= 0
#cmag_2= 12.451
#cmer_2=  0.032
#nskip_2= 0
#cmag_3= 12.490
#cmer_3=  0.055
#nskip_3= 0
#cmag_4= 12.561
#cmer_4=  0.035
#nskip_4= 0
#ra=    0.504653  00:30:16.8
#dec= -46.464989 -46:27:54.0
#     HJD      MAG_0  MAG_1  MAG_2  MAG_3  MAG_4    MER_0 MER_1 MER_2 MER_3 MER_4 GRADE FRAME
   2140.77447 12.392 12.401 12.474 12.529 12.536    0.072 0.041 0.039 0.046 0.050  B 30242
   2151.68613 12.479 12.428 12.429 12.453 12.588    0.093 0.057 0.055 0.061 0.068  D 31407
#ndata= 15
#dataset= 2 ; 1 F0000-48_090
#desig= 003016-4628.1
#cra=    0.504579  00:30:16.5
#cdec= -46.468844 -46:28:07.8
#class= 0
#cmag_0= 12.269
#cmer_0=  0.088
#nskip_0= 0
#cmag_1= 12.289
#cmer_1=  0.089
#nskip_1= 0
#cmag_2= 12.309
#cmer_2=  0.088
#nskip_2= 0
#cmag_3= 12.340
#cmer_3=  0.088
#nskip_3= 0
#cmag_4= 12.363
#cmer_4=  0.093
#nskip_4= 0
#ra=    0.504579  00:30:16.5
#dec= -46.468844 -46:28:07.8
#     HJD      MAG_0  MAG_1  MAG_2  MAG_3  MAG_4    MER_0 MER_1 MER_2 MER_3 MER_4 GRADE FRAME
   2219.55260 29.999 29.999 29.999 29.999 29.999    0.044 0.037 0.030 0.035 0.033  C 38877
   2230.53319 12.333 12.317 12.289 12.363 12.405    0.044 0.038 0.030 0.033 0.031  A 40262
   2233.53287 12.251 12.220 12.288 12.314 12.288    0.042 0.037 0.030 0.035 0.032  A 40590
   2237.53871 29.999 29.999 29.999 29.999 29.999    0.050 0.038 0.032 0.040 0.037  C 41222
   2240.54618 12.249 12.247 12.287 12.306 12.347    0.051 0.044 0.036 0.040 0.035  A 41542
   2242.55781 12.174 12.241 12.295 12.361 12.412    0.050 0.043 0.035 0.040 0.038  A 41866
   2549.60947 12.235 12.272 12.303 12.337 12.341    0.067 0.057 0.046 0.041 0.037  B 20766
   2628.54220 12.251 12.275 12.327 12.354 12.416    0.046 0.036 0.032 0.033 0.037  A 30681
   2783.87132 12.267 12.339 12.351 12.367 12.371    0.041 0.033 0.028 0.030 0.033  A 56030
   2890.79856 12.235 12.362 12.469 12.510 12.498    0.067 0.063 0.059 0.061 0.068  D 70572
   2947.81838 12.369 12.333 12.341 12.338 12.332    0.046 0.035 0.031 0.034 0.038  A 79081
#dataset= 2 ; 2 F0000-48_090
#desig= 003015-4628.1
#cra=    0.504034  00:30:14.5
#cdec= -46.467508 -46:28:03.0
#class= 0
#cmag_0= 12.261
#cmer_0=  0.116
#nskip_0= 0
#cmag_1= 12.279
#cmer_1=  0.118
#nskip_1= 0
#cmag_2= 12.351
#cmer_2=  0.126
#nskip_2= 0
#cmag_3= 12.378
#cmer_3=  0.129
#nskip_3= 0
#cmag_4= 12.364
#cmer_4=  0.127
#nskip_4= 0
#ra=    0.504034  00:30:14.5
#dec= -46.467508 -46:28:03.0
#     HJD      MAG_0  MAG_1  MAG_2  MAG_3  MAG_4    MER_0 MER_1 MER_2 MER_3 MER_4 GRADE FRAME
   2224.54308 12.322 12.291 12.379 12.374 12.349    0.046 0.039 0.029 0.034 0.031  A 39307
   2226.55146 12.137 12.181 12.324 12.382 12.381    0.046 0.038 0.031 0.035 0.032  A 39627
   2228.55273 12.883 13.019 13.129 13.196 13.102    0.045 0.038 0.030 0.037 0.035  A 39943
   2235.52661 12.201 12.268 12.321 12.339 12.299    0.044 0.038 0.029 0.032 0.030  A 40897
#ndata= 459
#dataset= 3 ; 1 F0045-48_091
#desig= 003016-4628.0
#cra=    0.504533  00:30:16.3
#cdec= -46.466300 -46:27:58.7
#class= 0
#cmag_0= 12.333
#cmer_0=  0.093
#nskip_0= 26
#cmag_1= 12.342
#cmer_1=  0.093
#nskip_1= 25
#cmag_2= 12.347
#cmer_2=  0.089
#nskip_2= 28
#cmag_3= 12.355
#cmer_3=  0.099
#nskip_3= 28
#cmag_4= 12.364
#cmer_4=  0.112
#nskip_4= 26
#ra=    0.504533  00:30:16.3
#dec= -46.466300 -46:27:58.7
#     HJD      MAG_0  MAG_1  MAG_2  MAG_3  MAG_4    MER_0 MER_1 MER_2 MER_3 MER_4 GRADE FRAME
   1868.56336 12.437 12.408 12.404 12.397 12.375    0.061 0.025 0.022 0.024 0.026  A 49
   1869.55464 12.264 12.302 12.303 12.288 12.274    0.029 0.017 0.016 0.019 0.021  A 207
   1873.55743 12.367 12.338 12.352 12.378 12.374    0.049 0.019 0.018 0.022 0.024  A 808
   1875.54501 12.389 12.334 12.326 12.321 12.307    0.055 0.021 0.019 0.021 0.023  A 1125
   1877.55721 12.306 12.285 12.291 12.303 12.320    0.034 0.023 0.018 0.021 0.024  A 1452
   1879.53997 12.401 12.374 12.364 12.371 12.404    0.041 0.021 0.019 0.022 0.024  A 1758
   1881.54078 12.335 12.359 12.377 12.385 12.375    0.040 0.021 0.020 0.022 0.025  A 2071
   1885.52657 12.256 12.286 12.320 12.329 12.348    0.042 0.026 0.023 0.027 0.031  A 2376
   1887.55835 13.015 13.029 13.017 12.978 12.971    0.046 0.022 0.021 0.024 0.028  A 2709
   1889.57014 12.330 12.370 12.406 12.432 12.474    0.047 0.027 0.024 0.027 0.032  A 3034
   1900.57757 12.362 12.357 12.362 12.368 12.346    0.040 0.024 0.020 0.022 0.025  A 3327
   1903.59205 13.440 13.374 13.342 13.317 13.274    0.041 0.020 0.018 0.019 0.021  A 3649
   1906.53847 12.430 12.416 12.402 12.389 12.406    0.032 0.021 0.018 0.020 0.023  A 4110
   1908.58334 12.350 12.330 12.321 12.326 12.366    0.032 0.022 0.018 0.019 0.023  A 4450
   1914.57972 13.284 13.251 13.225 13.204 13.190    0.045 0.024 0.020 0.022 0.024  A 4745
   1919.59160 12.344 12.380 12.345 12.322 12.313    0.042 0.030 0.026 0.029 0.034  A 5284
   1922.55400 12.474 12.421 12.449 12.484 12.483    0.033 0.028 0.022 0.022 0.025  A 5739
   1925.55375 12.430 12.359 12.312 12.292 12.284    0.082 0.073 0.074 0.079 0.082  D 6243
   1929.54475 12.297 12.310 12.304 12.272 12.258    0.035 0.022 0.019 0.021 0.024  A 6887
   1933.53021 12.425 12.400 12.430 12.465 12.465    0.039 0.030 0.024 0.026 0.029  A 7546
   2033.92080 12.430 12.453 12.487 12.492 12.484    0.040 0.025 0.023 0.025 0.026  A 18572
   2052.93163 12.298 12.313 12.323 12.330 12.339    0.054 0.028 0.025 0.027 0.029  A 19946
   2054.89996 12.294 12.312 12.314 12.316 12.345    0.078 0.035 0.032 0.036 0.038  A 20363
   2056.88817 12.291 12.316 12.328 12.327 12.371    0.069 0.029 0.025 0.028 0.031  A 20806
   2058.90798 12.234 12.306 12.307 12.278 12.313    0.062 0.027 0.025 0.028 0.032  A 21258
   2067.84584 12.228 12.271 12.278 12.294 12.236    0.075 0.030 0.028 0.033 0.036  A 21940
   2068.84629 12.424 12.482 12.545 12.669 12.552    0.068 0.037 0.039 0.048 0.056  B 22166
   2069.84373 12.281 12.358 12.417 12.468 12.460    0.065 0.028 0.026 0.030 0.032  A 22388
   2080.84414 12.320 12.297 12.305 12.318 12.322    0.064 0.028 0.024 0.025 0.029  A 22988
   2082.89539 12.280 12.275 12.295 12.326 12.300    0.062 0.028 0.025 0.029 0.032  A 23476
   2085.89915 12.373 12.387 12.398 12.438 12.449    0.046 0.027 0.022 0.024 0.027  A 23932
   2087.85162 13.044 13.126 13.149 13.149 13.132    0.065 0.030 0.026 0.029 0.033  A 24356
   2088.86364 12.204 12.218 12.226 12.222 12.249    0.058 0.024 0.023 0.026 0.028  A 24590
   2093.89194 12.278 12.304 12.332 12.353 12.388    0.067 0.030 0.024 0.027 0.030  A 24885
   2094.82605 12.256 12.281 12.249 12.238 12.233    0.062 0.030 0.026 0.030 0.033  A 25081
   2095.79724 12.619 12.538 12.530 12.546 12.593    0.070 0.037 0.034 0.040 0.047  A 25295
   2103.75800 12.658 12.613 12.616 12.619 12.607    0.058 0.029 0.025 0.027 0.030  A 25863
   2104.83945 12.302 12.281 12.297 12.325 12.375    0.056 0.030 0.026 0.027 0.029  A 26095
   2105.83978 12.344 12.330 12.360 12.387 12.396    0.059 0.029 0.024 0.027 0.029  A 26318
   2106.84314 12.384 12.393 12.438 12.483 12.487    0.057 0.028 0.023 0.025 0.027  A 26522
   2113.85824 12.391 12.329 12.316 12.321 12.302    0.047 0.029 0.023 0.025 0.028  A 26644
   2115.76061 12.397 12.378 12.384 12.382 12.344    0.046 0.029 0.024 0.025 0.028  A 26918
   2116.80305 12.331 12.286 12.304 12.306 12.304    0.048 0.028 0.024 0.026 0.029  A 27159
   2117.79280 12.270 12.329 12.355 12.375 12.432    0.058 0.030 0.025 0.027 0.030  A 27373
   2128.71084 12.368 12.348 12.346 12.370 12.409    0.029 0.028 0.028 0.030 0.032  A 27971
   2129.73481 12.331 12.331 12.347 12.371 12.394    0.063 0.031 0.024 0.026 0.028  A 28196
   2130.75451 12.436 12.404 12.401 12.406 12.419    0.058 0.027 0.023 0.025 0.028  A 28421
   2131.76711 12.258 12.259 12.254 12.240 12.219    0.064 0.030 0.025 0.027 0.030  A 28626
   2132.76966 12.250 12.266 12.290 12.309 12.324    0.063 0.027 0.023 0.026 0.030  A 28839
   2133.76955 12.527 12.534 12.561 12.560 12.566    0.048 0.027 0.022 0.024 0.027  A 29055
   2134.77417 12.334 12.314 12.323 12.338 12.360    0.050 0.029 0.024 0.026 0.029  A 29271
   2135.76147 12.282 12.263 12.247 12.220 12.207    0.061 0.040 0.037 0.042 0.049  A 29480
   2136.75722 12.333 12.318 12.334 12.366 12.414    0.057 0.033 0.029 0.032 0.035  A 29692
   2140.76338 12.287 12.360 12.341 12.343 12.326    0.076 0.038 0.034 0.039 0.041  A 30237
   2143.74068 12.308 12.288 12.285 12.297 12.266    0.063 0.034 0.028 0.030 0.032  A 30844
   2144.74311 12.275 12.352 12.351 12.324 12.351    0.062 0.031 0.025 0.028 0.031  A 31050
   2164.70904 12.389 12.439 12.434 12.454 12.483    0.048 0.034 0.027 0.029 0.032  A 31937
   2168.69030 12.450 12.460 12.451 12.470 12.505    0.050 0.031 0.025 0.026 0.029  A 32288
   2169.70193 12.350 12.374 12.369 12.362 12.383    0.042 0.033 0.025 0.026 0.028  A 32446
   2170.73877 12.277 12.274 12.274 12.242 12.250    0.066 0.052 0.051 0.056 0.063  B 32505
   2171.69118 12.449 12.428 12.407 12.384 12.347    0.048 0.036 0.030 0.031 0.033  A 32625
   2172.70294 12.340 12.301 12.274 12.234 12.219    0.048 0.032 0.026 0.028 0.031  A 32818
   2175.67160 12.288 12.254 12.274 12.252 12.170    0.053 0.039 0.034 0.037 0.042  A 33312
   2178.66190 12.314 12.268 12.275 12.296 12.337    0.047 0.038 0.030 0.032 0.034  A 33610
   2183.60199 12.233 12.287 12.298 12.336 12.441    0.046 0.036 0.029 0.031 0.034  A 33872
   2184.63580 12.295 12.321 12.386 12.467 12.516    0.048 0.037 0.029 0.030 0.033  A 34079
   2185.64651 12.325 12.364 12.353 12.300 12.349    0.044 0.034 0.028 0.030 0.032  A 34270
   2186.68602 12.279 12.299 12.320 12.339 12.358    0.034 0.037 0.030 0.033 0.033  A 34402
   2188.67306 12.229 12.258 12.211 12.184 12.222    0.038 0.032 0.025 0.028 0.030  A 34707
   2191.64860 12.301 12.278 12.301 12.323 12.307    0.042 0.032 0.025 0.027 0.029  A 35119
   2192.64318 12.331 12.318 12.302 12.286 12.284    0.049 0.033 0.026 0.027 0.029  A 35291
   2193.64882 12.385 12.425 12.385 12.365 12.333    0.047 0.036 0.027 0.029 0.031  A 35476
   2194.63323 12.258 12.262 12.266 12.271 12.280    0.046 0.035 0.027 0.028 0.029  A 35648
   2195.63752 12.371 12.403 12.382 12.360 12.355    0.050 0.037 0.031 0.032 0.035  A 35827
   2196.64336 12.321 12.273 12.279 12.268 12.241    0.047 0.035 0.028 0.029 0.030  A 35962
   2197.64302 12.363 12.326 12.317 12.313 12.321    0.045 0.036 0.027 0.029 0.030  A 36146
   2198.63064 12.510 12.504 12.508 12.489 12.464    0.045 0.035 0.027 0.027 0.029  A 36312
   2201.61096 12.539 12.559 12.611 12.631 12.647    0.042 0.035 0.027 0.029 0.030  A 36732
   2202.62078 12.339 12.417 12.432 12.454 12.448    0.046 0.038 0.031 0.034 0.035  A 36904
   2203.61705 12.274 12.239 12.316 12.384 12.433    0.045 0.036 0.027 0.029 0.030  A 37076
   2204.61498 12.326 12.349 12.379 12.400 12.366    0.046 0.037 0.028 0.029 0.031  A 37202
   2206.60929 12.615 12.701 12.841 12.945 12.971    0.045 0.039 0.029 0.031 0.031  A 37475
   2207.61035 12.371 12.350 12.366 12.427 12.435    0.050 0.040 0.033 0.036 0.040  A 37648
   2211.57019 12.059 12.117 12.098 12.096 12.088    0.051 0.045 0.037 0.040 0.036  A 37823
   2213.56736 12.271 12.258 12.285 12.320 12.332    0.042 0.037 0.030 0.034 0.034  A 38058
   2214.60056 12.350 12.428 12.445 12.475 12.548    0.049 0.040 0.031 0.033 0.034  A 38220
   2215.60727 12.239 12.269 12.287 12.279 12.253    0.045 0.041 0.034 0.038 0.037  A 38390
   2216.60292 12.302 12.384 12.430 12.422 12.371    0.044 0.038 0.031 0.036 0.034  A 38558
   2217.60256 29.999 29.999 29.999 29.999 29.999    0.046 0.037 0.031 0.035 0.034  C 38725
   2219.58019 12.212 12.227 12.221 12.187 12.173    0.046 0.042 0.034 0.039 0.035  A 38889
   2221.58567 12.336 12.378 12.358 12.368 12.344    0.046 0.038 0.029 0.032 0.031  A 39008
   2222.59260 12.316 12.335 12.330 12.319 12.303    0.044 0.039 0.031 0.038 0.036  A 39166
   2224.57863 12.363 12.244 12.231 12.216 12.189    0.046 0.041 0.033 0.039 0.035  A 39321
   2225.58312 12.399 12.382 12.373 12.342 12.372    0.049 0.041 0.030 0.031 0.030  A 39486
   2226.58377 12.268 12.266 12.285 12.284 12.270    0.046 0.038 0.031 0.036 0.034  A 39641
   2227.58213 12.325 12.385 12.385 12.408 12.439    0.045 0.037 0.030 0.036 0.033  A 39793
   2228.58035 13.035 13.101 13.115 13.160 13.254    0.046 0.040 0.033 0.039 0.037  A 39955
   2229.57406 12.296 12.423 12.386 12.327 12.306    0.045 0.038 0.031 0.036 0.033  A 40115
   2232.54435 12.406 12.369 12.334 12.304 12.246    0.042 0.037 0.029 0.033 0.033  A 40434
   2233.57219 12.433 12.444 12.441 12.419 12.387    0.048 0.039 0.031 0.035 0.033  A 40607
   2234.55482 12.317 12.334 12.335 12.309 12.309    0.047 0.041 0.032 0.039 0.035  A 40754
   2235.55449 12.292 12.289 12.311 12.334 12.332    0.046 0.039 0.031 0.034 0.033  A 40909
   2236.55321 12.465 12.458 12.440 12.431 12.423    0.050 0.044 0.035 0.039 0.037  A 41071
   2239.54493 12.593 12.611 12.525 12.522 12.558    0.050 0.042 0.036 0.044 0.042  A 41383
   2241.54197 12.396 12.384 12.441 12.485 12.466    0.048 0.042 0.035 0.040 0.038  A 41699
   2243.54719 12.266 12.218 12.269 12.319 12.363    0.055 0.046 0.038 0.047 0.045  A 42017
   2248.52274 12.239 12.236 12.251 12.288 12.344    0.054 0.045 0.037 0.042 0.038  A 42448
   2250.56986 12.125 12.239 12.291 12.351 12.366    0.051 0.044 0.035 0.040 0.039  A 42826
   2252.57303 12.359 12.380 12.402 12.376 12.347    0.053 0.041 0.034 0.041 0.040  A 43151
   2254.56676 12.353 12.296 12.300 12.294 12.287    0.060 0.047 0.038 0.045 0.045  A 43440
   2256.56328 12.146 12.103 12.126 12.108 12.099    0.058 0.049 0.040 0.045 0.043  A 43755
   2258.56639 29.999 29.999 29.999 29.999 29.999    0.067 0.056 0.047 0.054 0.053  C 44080
   2261.55854 12.160 12.166 12.204 12.177 12.145    0.074 0.059 0.047 0.053 0.052  B 44366
   2444.84550 12.716 12.754 12.773 12.767 12.760    0.025 0.025 0.017 0.018 0.020  A 8969
   2446.83817 12.297 12.289 12.312 12.305 12.321    0.032 0.036 0.025 0.024 0.024  A 9343
   2452.83337 12.201 12.212 12.208 12.222 12.204    0.034 0.036 0.029 0.031 0.032  A 9534
   2453.77704 12.287 12.273 12.296 12.298 12.295    0.032 0.033 0.025 0.027 0.030  A 9693
   2465.84617 12.366 12.415 12.428 12.444 12.394    0.039 0.041 0.036 0.041 0.035  A 11150
   2467.84778 12.316 12.351 12.331 12.307 12.268    0.022 0.025 0.020 0.022 0.022  A 11588
   2468.88358 12.396 12.410 12.392 12.381 12.394    0.033 0.034 0.022 0.024 0.024  A 11820
   2470.81946 12.313 12.318 12.315 12.278 12.306    0.032 0.036 0.030 0.035 0.030  A 12075
   2471.90283 12.743 12.729 12.661 12.663 12.679    0.029 0.033 0.024 0.028 0.025  A 12590
   2473.84187 99.999 99.999 99.999 99.999 99.999    0.036 0.039 0.035 0.041 0.034  C 12772
   2481.82918 29.999 29.999 29.999 29.999 29.999    0.050 0.046 0.042 0.050 0.048  C 13032
   2482.71497 12.382 12.466 12.517 12.548 12.564    0.041 0.037 0.033 0.039 0.035  A 13189
   2486.78244 12.191 12.239 12.289 12.318 12.303    0.047 0.040 0.034 0.041 0.042  A 13386
   2489.76990 12.342 12.300 12.326 12.332 12.292    0.031 0.034 0.027 0.030 0.031  A 13905
   2490.78352 29.999 29.999 29.999 29.999 29.999    0.040 0.038 0.032 0.039 0.037  C 14129
   2493.78141 29.999 29.999 29.999 29.999 29.999    0.048 0.044 0.037 0.043 0.037  C 14536
   2495.72132 12.332 12.309 12.339 12.391 12.403    0.036 0.037 0.034 0.041 0.033  A 14837
   2496.77314 12.308 12.373 12.373 12.395 12.422    0.028 0.030 0.024 0.030 0.025  A 15070
   2498.76049 12.287 12.300 12.291 12.307 12.299    0.030 0.032 0.026 0.029 0.025  A 15490
   2499.77295 12.310 12.355 12.323 12.325 12.325    0.029 0.031 0.026 0.030 0.025  A 15705
   2501.76031 12.424 12.490 12.476 12.488 12.510    0.027 0.029 0.023 0.027 0.022  A 16062
   2502.76476 12.348 12.312 12.279 12.248 12.303    0.033 0.032 0.027 0.034 0.028  A 16276
   2503.76949 12.155 12.129 12.190 12.224 12.220    0.056 0.052 0.046 0.051 0.047  B 16482
   2520.68705 13.131 13.047 13.084 13.113 13.116    0.026 0.031 0.026 0.029 0.026  A 18221
   2526.79194 12.337 12.299 12.312 12.303 12.269    0.047 0.047 0.036 0.030 0.025  A 18908
   2529.69690 12.386 12.350 12.353 12.351 12.344    0.046 0.040 0.031 0.033 0.029  A 19102
   2538.88267 12.116 12.236 12.355 12.465 12.429    0.085 0.066 0.058 0.067 0.068  D 19436
   2544.71729 12.310 12.376 99.999 99.999 99.999    0.020 0.025 0.020 0.023 0.023  C 20016
   2545.75570 12.305 12.332 12.359 12.357 12.368    0.027 0.026 0.020 0.021 0.021  A 20222
   2549.60947 12.250 12.288 12.309 12.329 12.340    0.062 0.055 0.043 0.039 0.037  B 20766
   2552.79249 12.272 12.358 12.369 12.361 12.378    0.035 0.028 0.022 0.022 0.023  A 21210
   2554.62345 12.159 12.181 12.211 12.211 12.206    0.055 0.044 0.037 0.042 0.046  A 21502
   2556.67675 12.379 12.366 12.383 12.357 12.378    0.035 0.037 0.029 0.034 0.029  A 21707
   2559.67235 12.283 12.264 12.279 12.293 12.307    0.024 0.026 0.019 0.023 0.022  A 22242
   2560.66641 12.223 12.231 12.229 12.255 12.270    0.029 0.029 0.023 0.024 0.026  A 22418
   2561.65961 12.317 12.327 12.313 12.315 12.330    0.029 0.020 0.018 0.020 0.023  A 22563
   2562.65833 12.339 12.309 12.333 12.376 12.365    0.021 0.020 0.017 0.019 0.021  A 22743
   2563.67010 12.276 12.365 12.371 12.371 12.388    0.032 0.027 0.019 0.020 0.021  A 22927
   2564.66930 12.306 12.313 12.343 12.385 12.396    0.025 0.027 0.021 0.023 0.024  A 23106
   2565.69207 12.278 12.298 12.327 12.355 12.376    0.024 0.026 0.020 0.022 0.024  A 23294
   2566.70461 12.405 12.428 12.437 12.535 12.600    0.032 0.032 0.026 0.028 0.028  A 23478
   2578.66226 12.277 12.328 12.341 12.372 12.384    0.030 0.032 0.023 0.025 0.021  A 24956
   2620.61249 12.473 12.438 12.432 12.382 12.366    0.059 0.047 0.033 0.031 0.026  A 29460
   2622.62533 12.309 12.349 12.351 12.345 12.317    0.040 0.029 0.022 0.024 0.027  A 29962
   2624.66445 12.283 12.314 12.326 12.360 12.382    0.045 0.027 0.022 0.024 0.027  A 30263
   2627.67370 12.220 12.140 12.114 12.082 12.091    0.031 0.032 0.027 0.029 0.033  A 30587
   2629.67549 12.319 12.341 12.385 12.439 12.418    0.035 0.023 0.022 0.026 0.030  A 30889
   2634.66841 12.680 12.712 12.771 12.842 12.886    0.031 0.024 0.022 0.024 0.026  A 32091
   2637.54941 12.300 12.305 12.351 12.404 12.412    0.024 0.020 0.017 0.018 0.020  A 32482
   2639.56170 12.308 12.309 12.325 12.366 12.411    0.022 0.020 0.019 0.021 0.023  A 32795
   2641.56896 12.265 12.302 12.325 12.335 12.330    0.037 0.020 0.019 0.021 0.024  A 33081
   2643.56453 12.252 12.257 12.268 12.270 12.264    0.039 0.024 0.021 0.023 0.024  A 33391
   2645.55058 12.564 12.547 12.575 12.635 12.634    0.024 0.021 0.019 0.020 0.023  A 33682
   2647.54826 12.325 12.315 12.293 12.323 12.405    0.034 0.030 0.027 0.030 0.034  A 33979
   2650.55409 12.771 12.803 12.773 12.780 12.755    0.037 0.044 0.029 0.026 0.023  A 34246
   2652.57243 12.281 12.308 12.347 12.374 12.392    0.033 0.022 0.020 0.023 0.026  A 34559
   2654.58264 12.208 12.231 12.207 12.203 12.217    0.033 0.020 0.019 0.022 0.026  A 34873
   2658.55661 12.328 12.373 12.412 12.408 12.402    0.031 0.025 0.023 0.026 0.030  A 35566
   2662.56080 12.236 12.309 12.333 12.360 12.371    0.032 0.021 0.019 0.020 0.022  A 36249
   2664.55687 12.327 12.342 12.342 12.338 12.324    0.031 0.023 0.021 0.023 0.026  A 36591
   2666.55425 12.367 12.382 12.390 12.405 12.436    0.032 0.024 0.021 0.023 0.025  A 36917
   2668.55996 12.276 12.256 12.242 12.248 12.249    0.027 0.024 0.022 0.024 0.026  A 37242
   2670.55773 12.267 12.284 12.282 12.283 12.255    0.025 0.022 0.019 0.022 0.024  A 37557
   2672.56073 12.810 12.834 12.859 12.859 12.846    0.025 0.022 0.020 0.022 0.024  A 37893
   2674.55082 12.328 12.362 12.390 12.398 99.999    0.028 0.022 0.019 0.021 0.024  C 38232
   2676.54430 12.254 12.237 12.237 12.227 12.242    0.031 0.022 0.020 0.022 0.025  A 38595
   2678.54119 12.490 12.388 12.397 12.405 12.385    0.031 0.023 0.021 0.024 0.026  A 38936
   2681.53304 12.305 12.277 12.280 12.302 12.328    0.029 0.023 0.021 0.024 0.027  A 39415
   2684.52572 12.305 12.297 12.307 12.320 12.315    0.023 0.025 0.023 0.026 0.032  A 39949
   2690.51475 12.379 12.357 12.365 12.399 12.409    0.029 0.023 0.023 0.026 0.029  A 41044
   2693.50981 12.328 12.357 12.391 12.397 12.389    0.027 0.028 0.029 0.035 0.040  A 41530
   2754.92205 12.296 12.338 12.342 12.357 12.370    0.025 0.028 0.027 0.030 0.034  A 52366
   2758.92385 13.303 13.339 13.366 13.357 13.302    0.026 0.027 0.024 0.027 0.032  A 53140
   2763.91181 12.239 12.312 12.353 12.396 12.410    0.031 0.030 0.023 0.027 0.030  A 54144
   2765.92466 12.232 12.272 12.240 12.263 12.278    0.029 0.029 0.025 0.028 0.032  A 54442
   2776.91940 12.365 12.431 12.489 12.554 12.621    0.030 0.026 0.026 0.030 0.035  A 55427
   2783.87132 12.283 12.358 12.361 12.363 12.379    0.036 0.031 0.025 0.028 0.030  A 56030
   2786.88534 12.320 12.305 12.306 12.314 12.329    0.023 0.025 0.020 0.019 0.021  A 56673
   2809.83813 12.320 12.305 12.285 12.295 12.301    0.026 0.022 0.022 0.026 0.029  A 59589
   2813.88500 12.314 12.362 12.367 12.383 12.395    0.030 0.041 0.030 0.037 0.033  A 60517
   2829.92824 12.329 12.304 12.279 12.271 12.306    0.025 0.028 0.023 0.025 0.026  A 62408
   2831.86075 12.297 12.362 12.371 12.374 12.364    0.026 0.028 0.024 0.026 0.027  A 62825
   2836.89340 12.386 12.258 12.324 12.359 12.346    0.040 0.041 0.039 0.046 0.054  B 63783
   2839.88459 12.481 12.428 12.447 12.490 12.701    0.043 0.045 0.043 0.048 0.054  B 64212
   2841.83080 12.356 12.255 12.225 12.237 12.253    0.028 0.032 0.029 0.032 0.034  A 64608
   2844.85860 12.311 12.336 12.351 12.355 12.350    0.020 0.024 0.017 0.020 0.021  A 65095
   2851.86956 99.999 99.999 99.999 99.999 99.999    0.020 0.024 0.019 0.022 0.022  C 65539
   2854.75677 12.297 12.300 12.319 12.322 12.317    0.019 0.023 0.018 0.021 0.020  A 65932
   2859.77696 12.305 12.345 12.336 12.312 12.295    0.023 0.026 0.023 0.025 0.025  A 66599
   2861.76445 29.999 29.999 29.999 29.999 29.999    0.028 0.034 0.031 0.036 0.036  C 67015
   2871.90839 12.308 12.295 12.284 12.305 12.317    0.023 0.028 0.021 0.024 0.023  A 68064
   2876.76193 12.254 12.283 12.293 12.324 12.369    0.024 0.027 0.020 0.021 0.021  A 68812
   2879.74035 12.269 12.334 12.336 12.326 12.311    0.022 0.028 0.023 0.023 0.022  A 69297
   2883.73369 12.568 12.600 12.611 12.618 12.594    0.023 0.024 0.020 0.021 0.021  A 69660
   2885.69413 12.298 12.296 12.314 12.324 12.350    0.023 0.028 0.024 0.025 0.024  A 70049
   2886.79589 12.242 12.276 12.287 12.317 12.315    0.023 0.030 0.023 0.022 0.023  A 70304
   2890.79856 12.245 12.372 12.463 12.501 12.488    0.063 0.058 0.056 0.060 0.068  B 70572
   2893.63646 12.334 12.330 12.348 12.366 12.344    0.029 0.041 0.030 0.033 0.034  A 70878
   2896.70442 12.404 12.400 12.414 12.420 12.474    0.024 0.030 0.025 0.028 0.028  A 71499
   2898.70800 12.374 12.385 12.321 12.280 12.240    0.023 0.029 0.025 0.026 0.027  A 71899
   2903.77500 12.271 12.257 12.288 12.327 12.336    0.026 0.027 0.021 0.023 0.025  A 72723
   2905.75095 12.279 12.334 12.339 12.341 12.327    0.021 0.022 0.016 0.018 0.019  A 73028
   2908.69840 12.307 12.316 12.328 12.344 12.343    0.022 0.032 0.025 0.025 0.023  A 73436
   2910.73470 12.974 13.016 12.996 12.976 12.944    0.021 0.042 0.029 0.029 0.025  A 73764
   2912.70504 12.374 12.372 12.355 12.381 12.399    0.030 0.036 0.030 0.032 0.032  A 74128
   2915.67452 12.377 12.388 12.416 12.445 12.461    0.024 0.028 0.024 0.025 0.027  A 74400
   2916.76429 12.252 12.273 12.268 12.267 12.263    0.034 0.050 0.031 0.031 0.027  B 74631
   2918.69277 12.539 12.549 12.581 12.577 12.646    0.025 0.023 0.022 0.025 0.028  A 74913
   2921.72933 12.295 12.284 12.310 12.367 12.405    0.027 0.028 0.029 0.034 0.042  A 75119
   2923.71883 12.384 12.486 12.487 12.453 12.398    0.025 0.032 0.025 0.029 0.032  A 75491
   2926.72246 13.136 13.098 13.148 13.190 13.178    0.022 0.029 0.021 0.022 0.023  A 75852
   2928.71944 12.333 12.286 12.288 12.288 12.260    0.026 0.032 0.025 0.029 0.032  A 76224
   2930.71192 12.264 12.277 12.265 12.280 12.308    0.025 0.021 0.018 0.019 0.021  A 76570
   2932.70074 12.438 12.573 12.545 12.488 12.479    0.028 0.032 0.026 0.031 0.035  A 76921
   2934.69546 12.385 12.417 12.413 12.425 12.444    0.022 0.035 0.021 0.022 0.022  A 77273
   2936.69916 12.264 12.317 12.302 12.357 12.398    0.032 0.032 0.025 0.027 0.029  A 77625
   2940.58441 12.304 12.289 12.309 12.338 12.336    0.022 0.031 0.022 0.021 0.022  A 77979
   2943.58997 12.351 12.361 12.362 12.380 12.395    0.021 0.033 0.026 0.029 0.027  A 78343
   2944.73460 12.288 12.338 12.312 12.300 12.280    0.031 0.035 0.029 0.031 0.032  A 78568
   2946.61372 12.240 12.258 12.257 12.272 12.299    0.031 0.021 0.019 0.020 0.023  A 78816
   2947.81838 12.396 12.354 12.341 12.336 12.329    0.040 0.029 0.026 0.030 0.034  A 79081
   2949.70652 12.292 12.289 12.321 12.336 12.320    0.024 0.024 0.023 0.026 0.031  A 79309
   2951.71404 12.246 12.275 12.292 12.376 12.354    0.079 0.070 0.070 0.075 0.078  D 79593
   2953.73064 12.654 12.606 12.600 12.610 12.663    0.043 0.048 0.055 0.070 0.081  D 79868
   2955.77110 12.226 12.253 12.270 12.312 12.336    0.026 0.026 0.024 0.028 0.032  A 80139
   2957.76850 12.283 12.293 12.239 12.208 12.236    0.026 0.029 0.028 0.034 0.039  A 80428
   2962.54512 12.298 12.387 12.397 12.310 12.319    0.058 0.060 0.063 0.075 0.088  D 81026
   2964.57202 12.838 12.809 12.867 12.929 12.959    0.023 0.022 0.020 0.022 0.025  A 81318
   2966.59178 12.326 12.267 12.268 12.266 12.261    0.034 0.037 0.041 0.049 0.053  B 81612
   2968.60200 12.245 12.257 12.290 12.306 12.310    0.028 0.025 0.020 0.023 0.026  A 81891
   2970.59338 12.348 12.358 12.377 12.432 12.502    0.052 0.048 0.046 0.048 0.049  B 82107
   2972.63062 12.485 12.473 12.479 12.468 12.416    0.045 0.058 0.057 0.061 0.062  D 82383
   2976.63770 12.301 12.273 12.245 12.232 12.224    0.029 0.026 0.023 0.028 0.032  A 82852
   2978.65372 12.340 12.345 12.363 12.361 12.382    0.021 0.025 0.023 0.028 0.031  A 83135
   2980.67302 12.367 12.326 12.343 12.364 12.309    0.048 0.060 0.063 0.069 0.074  D 83391
   2982.67762 12.426 12.494 12.520 12.515 12.487    0.039 0.038 0.040 0.048 0.058  B 83665
   2984.67726 12.283 12.229 12.209 12.203 12.223    0.024 0.026 0.024 0.028 0.033  A 83922
   2986.69928 12.365 12.333 12.361 12.390 12.423    0.027 0.026 0.024 0.028 0.032  A 84195
   2989.62844 12.349 12.344 12.398 12.458 12.474    0.022 0.023 0.020 0.023 0.026  A 84520
   2991.64723 12.994 13.016 13.058 13.145 13.182    0.026 0.026 0.024 0.026 0.027  A 84784
   2996.59692 12.340 12.360 12.346 12.359 12.361    0.028 0.022 0.022 0.025 0.029  A 85429
   2998.60572 12.263 12.296 12.318 12.352 12.380    0.027 0.023 0.022 0.024 0.028  A 85708
   3001.57532 12.287 12.300 12.314 12.310 12.291    0.022 0.020 0.019 0.022 0.024  A 85965
   3005.59454 12.397 12.403 12.391 12.366 12.382    0.023 0.025 0.024 0.027 0.030  A 86445
   3007.60637 12.315 12.364 12.417 12.439 12.436    0.025 0.026 0.024 0.028 0.031  A 86710
   3010.60637 12.444 12.366 12.354 12.354 12.299    0.030 0.032 0.032 0.039 0.048  A 87099
   3015.61195 12.314 12.332 12.383 12.452 12.491    0.028 0.028 0.029 0.034 0.038  A 87612
   3017.62210 12.260 12.248 12.251 12.262 12.251    0.023 0.024 0.023 0.027 0.030  A 87870
   3019.61519 12.210 12.219 12.239 12.234 12.258    0.028 0.028 0.027 0.031 0.035  A 88133
   3029.53265 12.818 12.847 12.817 12.800 12.721    0.024 0.026 0.025 0.030 0.033  A 88622
   3034.56933 12.286 12.278 12.261 12.242 12.309    0.027 0.028 0.025 0.029 0.033  A 89111
   3039.54749 12.220 12.259 12.290 12.303 12.349    0.080 0.080 0.085 0.089 0.093  D 89521
   3043.54561 12.323 12.294 12.335 12.358 12.367    0.030 0.027 0.027 0.032 0.038  A 89896
   3050.52255 12.277 12.222 12.195 12.193 12.137    0.045 0.053 0.062 0.076 0.089  D 90822
   3053.51847 12.323 12.230 12.227 12.225 12.209    0.027 0.029 0.029 0.034 0.038  A 91229
   3057.51015 12.322 12.317 12.255 12.169 12.124    0.031 0.034 0.038 0.048 0.059  B 91778
   3163.88733 12.227 12.236 12.208 12.212 12.245    0.065 0.075 0.077 0.078 0.081  D 105107
   3166.90826 12.278 12.232 12.192 12.159 12.168    0.035 0.046 0.051 0.058 0.067  B 105503
   3179.87829 12.301 12.260 12.287 12.277 12.266    0.024 0.020 0.020 0.023 0.027  A 107285
   3187.84829 12.298 12.239 12.260 12.251 12.238    0.028 0.026 0.027 0.032 0.038  A 108347
   3191.84322 12.409 12.436 12.422 12.426 12.445    0.047 0.041 0.037 0.042 0.049  A 108797
   3279.63518 12.302 12.291 12.323 12.367 12.347    0.033 0.030 0.024 0.026 0.030  A 116967
   3356.69238 12.293 12.301 12.303 12.299 12.326    0.040 0.024 0.022 0.026 0.028  A 124491
   3362.62349 99.999 99.999 99.999 99.999 99.999    0.051 0.033 0.029 0.033 0.036  C 124833
   3383.54832 12.298 12.306 12.328 12.351 12.364    0.059 0.045 0.047 0.051 0.045  B 125727
   3385.55795 12.288 12.246 12.228 12.215 12.221    0.036 0.028 0.029 0.032 0.037  A 126008
   3390.56481 12.284 12.266 12.258 12.271 12.222    0.049 0.046 0.049 0.057 0.062  B 126697
   3394.56814 12.247 12.247 12.252 12.252 12.278    0.034 0.027 0.029 0.035 0.040  A 127117
   3397.55828 12.497 12.527 12.506 12.480 12.488    0.034 0.025 0.024 0.028 0.033  A 127475
   3400.55128 12.489 12.531 12.541 12.547 12.583    0.037 0.022 0.023 0.027 0.030  A 127881
   3404.54136 12.331 12.297 12.272 12.255 12.234    0.032 0.022 0.022 0.024 0.026  A 128373
   3410.52775 12.418 12.349 12.332 12.337 12.343    0.069 0.030 0.028 0.032 0.035  A 129311
   3413.52233 12.311 12.292 12.320 12.379 12.404    0.042 0.030 0.031 0.036 0.041  A 129738
   3416.52782 12.338 12.393 12.399 12.408 12.420    0.036 0.026 0.029 0.035 0.040  A 130229
   3420.52268 12.273 12.342 12.404 12.440 12.472    0.036 0.027 0.029 0.035 0.041  A 130860
   3511.91270 12.417 12.336 12.326 12.321 12.303    0.056 0.030 0.024 0.026 0.029  A 143765
   3521.93646 12.546 12.551 12.649 12.690 12.680    0.072 0.045 0.042 0.051 0.059  B 144937
   3525.88868 12.264 12.287 12.306 12.330 12.349    0.053 0.034 0.030 0.034 0.039  A 145579
   3529.88567 12.288 12.371 12.400 12.444 12.471    0.038 0.031 0.033 0.037 0.042  A 146276
   3544.87263 12.222 12.299 12.318 12.320 12.348    0.040 0.026 0.029 0.035 0.041  A 147779
   3552.86842 12.402 12.368 12.354 12.325 12.314    0.051 0.033 0.029 0.033 0.039  A 148545
   3556.84423 12.303 12.273 12.262 12.268 12.293    0.027 0.024 0.023 0.027 0.032  A 149136
   3560.82420 12.346 12.345 12.370 12.399 12.412    0.082 0.043 0.036 0.039 0.043  B 149624
   3563.85160 12.347 12.341 12.320 12.339 12.393    0.050 0.031 0.027 0.030 0.033  A 150157
   3569.90422 12.323 12.293 12.291 12.284 12.279    0.029 0.030 0.024 0.027 0.030  A 150664
   3572.85143 12.286 12.252 12.305 12.357 12.387    0.029 0.032 0.028 0.032 0.037  A 151021
   3575.82812 12.231 12.290 12.323 12.346 12.374    0.033 0.030 0.027 0.029 0.033  A 151537
   3577.88936 12.318 12.328 12.321 12.319 12.370    0.042 0.027 0.026 0.031 0.035  A 151889
   3581.89164 13.761 13.688 13.642 13.615 13.689    0.030 0.024 0.020 0.021 0.024  A 152536
   3584.80551 12.469 12.414 12.419 12.421 12.414    0.056 0.035 0.031 0.036 0.040  A 153062
   3587.79711 12.357 12.371 12.351 12.324 12.312    0.031 0.030 0.025 0.029 0.032  A 153577
   3590.79264 12.358 12.332 12.333 12.343 12.353    0.059 0.032 0.027 0.029 0.031  A 154065
   3595.80840 12.337 12.372 12.413 12.453 12.575    0.068 0.042 0.042 0.048 0.053  B 154877
   3597.80948 12.433 12.355 12.336 12.317 12.311    0.043 0.027 0.023 0.026 0.029  A 155187
   3601.72030 12.253 12.250 12.250 12.243 12.222    0.057 0.032 0.030 0.033 0.037  A 155584
   3603.81583 12.356 12.380 12.371 12.348 12.310    0.032 0.027 0.023 0.027 0.032  A 155943
   3617.76686 12.284 12.251 12.266 12.305 12.346    0.043 0.037 0.031 0.032 0.038  A 157177
   3622.76640 12.344 12.375 12.381 12.387 12.411    0.031 0.028 0.024 0.028 0.032  A 157946
   3625.78001 12.337 12.317 12.319 12.325 12.332    0.042 0.038 0.037 0.041 0.043  A 158214
   3628.75445 12.329 12.382 12.420 12.460 12.469    0.031 0.030 0.024 0.027 0.031  A 158488
   3630.75153 12.999 12.998 12.989 12.980 12.971    0.047 0.038 0.033 0.036 0.042  A 158827
   3632.77387 12.311 12.277 12.297 12.338 12.365    0.047 0.035 0.034 0.039 0.046  A 159144
   3635.67348 29.999 29.999 29.999 29.999 29.999    0.085 0.099 0.115 0.143 0.173  D 159550
   3638.71770 12.496 12.463 12.467 12.481 12.532    0.031 0.030 0.022 0.023 0.025  A 159805
   3640.82336 12.328 12.303 12.305 12.303 12.337    0.039 0.028 0.024 0.027 0.030  A 160077
   3643.65512 12.349 12.406 12.433 12.451 12.495    0.047 0.034 0.032 0.034 0.038  A 160459
   3646.70264 12.965 12.940 12.926 12.922 12.923    0.034 0.032 0.025 0.027 0.029  A 160785
   3651.68231 12.245 12.279 12.265 12.248 12.225    0.042 0.028 0.023 0.025 0.028  A 161461
   3653.70987 12.233 12.291 12.303 12.295 12.291    0.047 0.033 0.030 0.034 0.039  A 161773
   3655.65051 12.330 12.322 12.353 12.370 12.321    0.050 0.028 0.024 0.026 0.030  A 162023
   3657.67360 13.693 13.629 13.556 13.433 13.389    0.075 0.040 0.035 0.039 0.042  A 162330
   3659.70806 12.169 12.235 12.273 12.274 12.234    0.036 0.029 0.027 0.032 0.038  A 162655
   3661.73693 12.292 12.339 12.367 12.374 12.402    0.031 0.029 0.029 0.035 0.040  A 162969
   3664.58940 12.260 12.259 12.266 12.311 12.385    0.040 0.026 0.024 0.028 0.031  A 163341
   3666.65309 12.274 12.293 12.301 12.322 12.336    0.039 0.025 0.022 0.024 0.026  A 163658
   3669.72865 12.304 12.287 12.304 12.349 12.407    0.031 0.025 0.020 0.022 0.025  A 164005
   3671.83042 12.291 12.251 12.233 12.220 12.253    0.038 0.032 0.028 0.030 0.036  A 164322
   3674.61803 12.369 12.313 12.297 12.296 12.313    0.046 0.028 0.025 0.026 0.029  A 164684
   3676.63672 12.507 12.529 12.509 12.480 12.475    0.030 0.023 0.022 0.025 0.027  A 164975
   3680.57769 12.242 12.271 12.281 12.290 12.328    0.036 0.025 0.022 0.024 0.026  A 165331
   3699.60624 12.230 12.251 12.292 12.327 12.318    0.042 0.032 0.034 0.039 0.046  A 167894
   3701.69896 12.297 12.303 12.295 12.287 12.296    0.060 0.041 0.040 0.047 0.054  B 168197
   3704.64339 12.243 12.268 12.285 12.284 12.289    0.032 0.027 0.027 0.033 0.039  A 168572
   3706.71965 12.408 12.379 12.380 12.358 12.351    0.036 0.029 0.029 0.034 0.040  A 168869
   3711.54441 99.999 99.999 99.999 99.999 99.999    0.029 0.021 0.021 0.024 0.027  C 169232
   3713.56213 12.302 12.284 12.278 12.300 12.329    0.046 0.027 0.024 0.028 0.031  A 169514
   3717.63644 12.265 12.308 12.321 12.362 12.359    0.060 0.041 0.040 0.047 0.056  B 170083
   3720.61823 12.364 12.323 12.330 12.364 12.390    0.054 0.030 0.031 0.036 0.040  A 170431
   3722.68522 13.664 13.696 13.657 13.562 13.336    0.045 0.033 0.033 0.039 0.045  A 170711
   3725.64249 12.399 12.381 12.408 12.448 12.438    0.041 0.033 0.033 0.037 0.042  A 171004
   3727.65830 12.373 12.414 99.999 99.999 99.999    0.033 0.026 0.030 0.036 0.040  C 171283
   3731.59243 12.464 12.502 12.530 12.533 12.570    0.046 0.031 0.031 0.035 0.040  A 171671
   3734.62726 12.378 12.313 12.273 12.233 12.207    0.038 0.031 0.037 0.046 0.055  B 172071
   3737.61992 12.264 12.274 12.265 12.256 12.231    0.029 0.024 0.023 0.026 0.030  A 172482
   3739.63816 12.323 12.362 12.395 12.450 12.474    0.033 0.024 0.024 0.027 0.031  A 172770
   3742.60697 12.352 12.361 12.398 12.447 12.473    0.033 0.024 0.025 0.029 0.032  A 173135
   3745.60926 12.169 12.212 12.250 12.282 12.259    0.046 0.028 0.026 0.030 0.035  A 173548
   3748.60042 12.662 12.641 12.590 12.520 12.588    0.033 0.029 0.031 0.039 0.047  A 173944
   3751.61507 12.221 12.256 12.279 12.275 12.240    0.046 0.034 0.038 0.046 0.052  A 174371
   3754.58773 12.331 12.320 12.303 12.300 12.290    0.035 0.032 0.035 0.042 0.051  A 174772
   3757.56961 12.348 12.313 12.308 12.325 12.362    0.032 0.025 0.026 0.029 0.032  A 175180
   3760.56369 13.664 13.641 13.660 13.771 13.941    0.049 0.032 0.033 0.037 0.042  A 175602
   3763.56001 12.318 12.376 12.413 12.425 12.424    0.041 0.030 0.032 0.039 0.046  A 175990
   3766.54514 12.317 12.267 12.287 12.293 12.293    0.032 0.026 0.029 0.033 0.037  A 176409
   3769.53457 12.317 12.276 12.272 12.293 12.338    0.045 0.030 0.032 0.034 0.036  A 176797
   3772.54251 12.226 12.259 12.261 12.280 12.332    0.036 0.028 0.028 0.033 0.036  A 177190
   3776.53023 12.538 12.581 12.590 12.555 12.553    0.034 0.030 0.033 0.042 0.049  A 177760
   3779.52635 99.999 99.999 99.999 99.999 99.999    0.037 0.031 0.034 0.044 0.051  C 178216
   3789.51440 12.266 12.267 12.268 12.282 12.294    0.045 0.029 0.029 0.034 0.039  A 179072
   3853.92558 12.162 12.202 12.192 12.148 12.149    0.078 0.042 0.041 0.048 0.054  B 187888
   3862.92818 12.330 12.321 12.336 12.361 12.366    0.043 0.030 0.029 0.034 0.038  A 189297
   3866.90724 12.335 12.377 12.395 12.424 12.441    0.074 0.037 0.032 0.035 0.039  A 189972
   3870.89484 12.293 12.371 12.392 12.410 12.465    0.052 0.033 0.033 0.041 0.048  A 190648
   3874.92902 12.246 12.256 12.278 12.300 12.304    0.055 0.033 0.028 0.031 0.035  A 191118
   3883.92832 12.293 12.247 12.219 12.197 12.171    0.060 0.039 0.037 0.044 0.049  A 192361
   3892.87420 12.431 12.380 12.406 12.381 12.343    0.049 0.035 0.034 0.039 0.045  A 193605
   3898.89763 12.353 12.374 12.431 12.481 12.441    0.041 0.030 0.028 0.034 0.042  A 194440
   3902.87533 12.211 12.286 12.301 12.321 12.327    0.051 0.031 0.028 0.032 0.037  A 195114
   3905.90052 12.239 12.243 12.256 12.277 12.311    0.034 0.028 0.029 0.033 0.038  A 195690
   4091.57244 12.381 12.375 12.374 12.394 12.400    0.044 0.029 0.026 0.029 0.032  A 209361
   4104.63135 12.276 12.291 12.355 12.457 12.387    0.048 0.042 0.047 0.058 0.066  B 210698
   4107.56417 12.311 12.314 12.313 12.308 12.304    0.034 0.025 0.022 0.025 0.027  A 211075
   4125.58137 12.324 12.358 12.375 12.370 12.388    0.060 0.040 0.037 0.038 0.041  A 211517
   4127.58664 12.467 12.411 12.414 12.381 12.355    0.056 0.033 0.028 0.030 0.033  A 211781
   4133.54871 12.317 12.339 12.377 12.437 12.530    0.040 0.029 0.031 0.038 0.044  A 212556
   4136.53853 12.479 12.461 12.475 12.505 12.548    0.075 0.036 0.037 0.049 0.049  B 212950
   4148.51849 12.199 12.104 12.100 12.118 12.147    0.080 0.077 0.088 0.102 0.117  D 214649
   4153.51353 12.283 12.289 12.280 12.273 12.329    0.045 0.035 0.039 0.048 0.051  B 215233
   4231.92029 12.357 12.318 12.332 12.358 12.386    0.038 0.031 0.027 0.032 0.037  A 223972
   4235.91413 12.238 12.227 12.184 12.194 12.269    0.070 0.058 0.063 0.073 0.082  D 224681
   4255.92882 12.480 12.463 12.420 12.376 12.382    0.058 0.061 0.066 0.073 0.078  D 227176
   4268.93333 12.448 12.427 12.476 12.505 12.506    0.045 0.043 0.043 0.047 0.053  B 228084
   4273.86732 12.326 12.362 12.352 12.362 12.348    0.043 0.039 0.032 0.033 0.033  A 228575
   4278.90199 12.198 12.180 12.132 12.087 12.107    0.054 0.061 0.070 0.075 0.078  D 229226
   4285.86911 12.412 12.509 12.446 12.347 12.242    0.067 0.046 0.039 0.043 0.047  A 230060
   4289.93654 12.237 12.245 12.205 12.173 12.152    0.041 0.038 0.033 0.039 0.043  A 230443
   4292.87202 12.340 12.389 12.414 12.425 12.447    0.063 0.064 0.060 0.050 0.053  D 230956
   4295.85706 12.270 12.301 12.330 12.348 12.414    0.057 0.059 0.054 0.058 0.060  B 231470
   4298.84768 12.375 12.382 12.444 12.499 12.490    0.043 0.043 0.042 0.049 0.057  B 232000
   4301.79751 13.449 13.460 13.454 13.400 13.518    0.072 0.049 0.046 0.052 0.056  B 232524
   4303.92142 12.525 12.540 12.560 12.572 12.683    0.047 0.047 0.045 0.048 0.050  B 232866
   4305.88195 12.302 12.288 12.290 12.284 12.282    0.037 0.032 0.026 0.029 0.030  A 233217
   4307.83211 12.312 12.309 12.317 12.322 12.339    0.038 0.031 0.025 0.027 0.031  A 233544
   4309.81932 12.448 12.459 12.534 12.595 12.579    0.038 0.032 0.027 0.031 0.035  A 233853
   4312.79566 13.478 13.390 13.374 13.364 13.640    0.049 0.046 0.048 0.058 0.069  B 234278
   4316.76160 12.242 12.273 12.280 12.290 12.336    0.032 0.030 0.026 0.029 0.033  A 234687
   4319.86147 12.365 12.284 12.299 12.306 12.285    0.034 0.032 0.027 0.030 0.034  A 235061
   4329.82739 12.325 12.320 12.297 12.271 12.258    0.038 0.039 0.035 0.036 0.039  A 235204
   4331.81096 12.382 12.419 12.415 12.434 12.451    0.073 0.050 0.046 0.038 0.039  B 235557
   4333.77770 12.384 12.363 12.340 12.307 12.309    0.032 0.029 0.022 0.026 0.028  A 235905
   4339.73500 29.999 29.999 29.999 29.999 29.999    0.071 0.070 0.066 0.070 0.074  D 236622
   4341.76251 12.163 12.153 12.207 12.282 12.205    0.069 0.075 0.075 0.079 0.083  D 236967
   4343.78714 12.221 12.235 12.215 12.192 12.141    0.055 0.066 0.066 0.068 0.072  D 237329
   4345.79041 12.293 12.225 12.196 12.168 12.135    0.046 0.055 0.060 0.064 0.071  D 237656
   4347.81416 12.463 12.508 12.486 12.457 12.444    0.042 0.045 0.045 0.049 0.051  B 238018
   4350.71185 13.162 13.136 13.204 13.281 13.361    0.062 0.043 0.039 0.041 0.044  A 238474
   4353.70285 12.377 12.405 12.419 12.414 12.413    0.032 0.030 0.024 0.027 0.029  A 238879
   4355.75669 12.334 12.399 12.387 12.375 12.380    0.031 0.026 0.022 0.024 0.027  A 239214
   4358.69514 12.501 12.496 12.504 12.505 12.501    0.042 0.034 0.030 0.031 0.033  A 239650
   4361.68177 12.416 12.464 12.477 12.514 12.527    0.063 0.054 0.047 0.047 0.050  B 240040
   4363.72209 12.371 12.323 12.316 12.293 12.277    0.031 0.031 0.025 0.027 0.030  A 240367
   4365.71212 12.277 12.240 12.261 12.282 12.298    0.033 0.030 0.024 0.027 0.031  A 240675
   4367.78469 12.360 12.327 12.322 12.312 12.296    0.041 0.035 0.032 0.039 0.045  A 240895
   4369.75582 12.386 12.409 12.364 12.309 12.309    0.038 0.038 0.034 0.040 0.048  A 241183
   4371.77306 12.316 12.337 12.404 12.490 12.575    0.047 0.034 0.032 0.037 0.044  A 241518
   4373.80431 12.242 12.235 12.258 12.284 12.241    0.063 0.037 0.032 0.037 0.041  A 241822
   4376.79291 12.340 12.337 12.373 12.385 12.443    0.038 0.040 0.040 0.045 0.050  A 242176
   4379.64157 12.343 12.381 12.368 12.381 12.384    0.036 0.033 0.030 0.034 0.038  A 242574
   4381.69051 12.390 12.379 12.387 12.416 12.448    0.038 0.037 0.036 0.038 0.042  A 242891
   4383.77935 12.353 12.361 12.350 12.348 12.368    0.037 0.038 0.039 0.043 0.046  A 243226
   4385.72759 12.535 12.535 12.544 12.568 12.616    0.030 0.030 0.024 0.025 0.026  A 243523
   4387.79177 12.312 12.399 12.389 12.390 12.404    0.035 0.033 0.028 0.030 0.035  A 243860
   4391.78325 12.256 12.204 12.224 12.248 12.276    0.051 0.051 0.058 0.072 0.086  D 244430
   4393.68257 12.458 12.392 12.377 12.363 12.392    0.036 0.034 0.036 0.044 0.052  A 244664
   4399.64273 12.298 12.290 12.269 12.222 12.204    0.043 0.033 0.032 0.039 0.045  A 244834
   4402.64019 12.329 12.331 12.287 12.249 12.234    0.050 0.035 0.032 0.037 0.042  A 245114
   4404.73281 13.947 14.082 14.141 14.304 14.574    0.028 0.029 0.025 0.029 0.033  A 245376
   4408.60191 12.278 12.307 12.346 12.394 12.450    0.041 0.031 0.026 0.029 0.034  A 245718
   4413.75783 12.342 12.375 12.391 12.392 12.425    0.045 0.041 0.040 0.042 0.046  A 246288
   4420.57533 12.425 12.408 12.417 12.416 12.440    0.039 0.033 0.032 0.037 0.042  A 246439
   4422.64187 12.241 12.264 12.263 12.265 12.240    0.047 0.029 0.024 0.027 0.030  A 246657
   4425.77112 12.437 12.345 12.283 12.197 12.159    0.042 0.032 0.033 0.040 0.049  A 246873
   4428.57726 12.295 12.303 12.325 12.316 12.289    0.049 0.037 0.036 0.044 0.053  A 247156
   4430.63716 12.203 12.283 12.337 12.382 12.423    0.049 0.035 0.033 0.039 0.046  A 247412
   4432.68820 12.281 12.286 12.298 12.314 12.364    0.045 0.029 0.025 0.027 0.031  A 247684
   4437.58934 12.374 12.386 12.378 12.362 12.385    0.034 0.026 0.024 0.028 0.030  A 248263
   4439.66535 12.352 12.351 12.339 12.311 12.279    0.153 0.064 0.078 0.055 0.056  D 248537
   4442.65732 13.943 13.941 13.925 13.876 13.923    0.035 0.033 0.030 0.031 0.033  A 248874
   4453.57329 13.137 13.090 13.046 13.036 12.966    0.068 0.045 0.048 0.055 0.058  B 250103
   4455.64416 12.217 12.319 12.275 12.198 12.178    0.067 0.044 0.041 0.048 0.056  B 250342
   4458.61305 12.460 12.384 12.365 12.333 12.287    0.054 0.037 0.035 0.042 0.048  A 250690
   4461.60254 12.513 12.507 12.520 12.578 12.625    0.044 0.032 0.028 0.030 0.034  A 251022
   4463.65119 12.363 12.400 12.439 12.461 12.463    0.043 0.030 0.027 0.029 0.034  A 251313
   4466.60589 12.278 12.314 12.330 12.375 12.405    0.052 0.043 0.044 0.048 0.053  B 251633
   4473.59936 12.205 12.265 12.269 12.244 12.212    0.059 0.037 0.033 0.036 0.040  A 252351
   4476.59550 12.264 12.279 12.297 12.332 12.357    0.038 0.033 0.032 0.037 0.042  A 252629
   4479.57222 12.279 12.254 12.240 12.221 12.213    0.035 0.026 0.024 0.027 0.031  A 252994
   4488.56796 12.420 12.390 12.320 12.261 12.291    0.041 0.033 0.033 0.039 0.046  A 253918
   4490.59550 12.331 12.331 12.328 12.329 12.290    0.035 0.030 0.028 0.033 0.038  A 254147
   4493.56461 12.383 12.357 12.344 12.370 12.422    0.049 0.030 0.029 0.031 0.034  A 254498
   4497.55943 12.347 12.314 12.309 12.331 12.322    0.054 0.036 0.032 0.034 0.036  A 254743
   4503.54642 12.306 12.363 12.381 12.431 12.570    0.039 0.038 0.038 0.043 0.048  A 255535
   4506.54287 12.336 12.331 12.309 12.259 12.195    0.038 0.035 0.036 0.042 0.049  A 255963
   4510.53121 12.404 12.451 12.557 12.672 12.634    0.040 0.040 0.042 0.050 0.056  B 256515
   4516.51264 12.309 12.352 12.382 12.435 12.497    0.057 0.038 0.038 0.046 0.052  A 257078
   4523.50727 12.310 12.251 12.274 12.310 12.366    0.057 0.042 0.044 0.054 0.064  B 258109
#ndata= 9
#dataset= 4 ; 1 F0000-40_122
#desig= 003016-4627.9
#cra=    0.504343  00:30:15.6
#cdec= -46.465095 -46:27:54.3
#class= 0
#cmag_0= 12.144
#cmer_0=  0.080
#nskip_0= 1
#cmag_1= 12.260
#cmer_1=  0.098
#nskip_1= 1
#cmag_2= 12.292
#cmer_2=  0.105
#nskip_2= 1
#cmag_3= 12.316
#cmer_3=  0.111
#nskip_3= 1
#cmag_4= 12.340
#cmer_4=  0.113
#nskip_4= 1
#ra=    0.504343  00:30:15.6
#dec= -46.465095 -46:27:54.3
#     HJD      MAG_0  MAG_1  MAG_2  MAG_3  MAG_4    MER_0 MER_1 MER_2 MER_3 MER_4 GRADE FRAME
   2224.54140 12.105 12.137 12.157 12.179 12.158    0.047 0.039 0.032 0.038 0.035  A 39306
   2226.53391 12.180 12.299 12.346 12.346 12.360    0.046 0.038 0.031 0.036 0.033  A 39619
   2228.54652 13.177 13.348 13.454 13.549 13.531    0.053 0.043 0.036 0.044 0.039  A 39940
   2230.53146 12.151 12.305 12.357 12.397 12.419    0.045 0.038 0.030 0.037 0.034  A 40261
   2233.52882 12.208 12.312 12.315 12.341 12.372    0.046 0.036 0.030 0.035 0.032  A 40588
   2235.52483 12.085 12.165 12.168 12.176 12.173    0.044 0.037 0.029 0.032 0.031  A 40896
   2237.53468 12.117 12.227 12.220 12.234 12.319    0.053 0.044 0.035 0.042 0.040  A 41220
   2240.54440 12.128 12.220 12.299 12.386 12.423    0.052 0.044 0.034 0.039 0.035  A 41541
   2242.55601 12.162 12.259 12.323 12.355 12.345    0.053 0.042 0.035 0.043 0.042  A 41865
#ndata= 68
#dataset= 5 ; 1 F0040-40_123
#desig= 003016-4627.9
#cra=    0.504492  00:30:16.2
#cdec= -46.465633 -46:27:56.3
#class= 0
#cmag_0= 12.219
#cmer_0=  0.084
#nskip_0= 2
#cmag_1= 12.285
#cmer_1=  0.076
#nskip_1= 2
#cmag_2= 12.318
#cmer_2=  0.083
#nskip_2= 2
#cmag_3= 12.335
#cmer_3=  0.093
#nskip_3= 2
#cmag_4= 12.340
#cmer_4=  0.104
#nskip_4= 2
#ra=    0.504492  00:30:16.2
#dec= -46.465633 -46:27:56.3
#     HJD      MAG_0  MAG_1  MAG_2  MAG_3  MAG_4    MER_0 MER_1 MER_2 MER_3 MER_4 GRADE FRAME
   2040.93441 12.269 12.330 12.363 12.392 12.432    0.079 0.040 0.037 0.040 0.044  A 19590
   2156.68800 12.215 12.268 12.267 12.255 12.276    0.050 0.032 0.027 0.029 0.034  A 31670
   2164.69724 12.150 12.223 12.273 12.319 12.353    0.049 0.035 0.027 0.027 0.030  A 31933
   2167.67222 12.174 12.231 12.299 12.360 12.332    0.050 0.029 0.024 0.027 0.030  A 32112
   2168.69306 12.366 12.482 12.564 12.579 12.582    0.056 0.034 0.026 0.028 0.031  A 32289
   2169.70470 12.169 12.230 12.241 12.238 12.258    0.034 0.035 0.026 0.025 0.025  A 32447
   2170.74154 12.227 12.227 12.284 12.340 12.307    0.051 0.034 0.029 0.031 0.034  A 32506
   2171.68251 12.464 12.488 12.478 12.485 12.481    0.049 0.035 0.027 0.028 0.032  A 32621
   2173.67011 12.244 12.295 12.330 12.374 12.393    0.041 0.032 0.024 0.026 0.029  A 32993
   2174.67077 12.193 12.308 12.338 12.354 12.385    0.049 0.033 0.027 0.029 0.032  A 33167
   2175.66220 12.108 12.221 12.254 12.261 12.294    0.045 0.033 0.027 0.029 0.031  A 33308
   2177.64061 12.281 12.349 12.361 12.338 12.343    0.053 0.036 0.030 0.031 0.034  A 33427
   2178.64982 12.115 12.221 12.210 12.215 12.245    0.049 0.038 0.030 0.030 0.034  A 33606
   2183.61425 12.202 12.312 12.296 12.279 12.371    0.046 0.035 0.028 0.031 0.033  A 33877
   2184.63417 12.165 12.222 12.278 12.305 12.303    0.048 0.039 0.031 0.032 0.035  A 34078
   2185.64259 12.285 12.261 12.275 12.332 12.381    0.048 0.038 0.029 0.031 0.035  A 34268
   2186.67766 12.233 12.298 12.337 12.370 12.391    0.045 0.039 0.030 0.031 0.032  A 34398
   2188.66916 12.159 12.283 12.335 12.355 12.348    0.045 0.039 0.029 0.031 0.031  A 34705
   2190.61100 13.445 13.514 13.497 13.434 13.387    0.048 0.036 0.027 0.028 0.030  A 34927
   2192.63933 12.278 12.297 12.331 12.366 12.391    0.051 0.035 0.027 0.028 0.030  A 35289
   2193.64265 12.277 12.367 12.440 12.502 12.536    0.048 0.035 0.026 0.025 0.028  A 35473
   2195.62917 12.311 12.318 12.361 12.360 12.324    0.044 0.035 0.026 0.026 0.028  A 35823
   2196.63725 12.392 12.311 12.297 12.275 12.255    0.049 0.038 0.029 0.031 0.033  A 35959
   2197.63692 12.119 12.203 12.245 12.289 12.275    0.045 0.034 0.027 0.028 0.028  A 36143
   2198.63347 12.299 12.457 12.501 12.520 12.479    0.045 0.034 0.026 0.026 0.028  A 36313
   2199.62514 12.217 12.229 12.259 12.298 12.302    0.052 0.042 0.033 0.033 0.028  A 36489
   2201.62063 12.346 12.478 12.535 12.573 12.655    0.044 0.037 0.027 0.028 0.028  A 36736
   2202.62817 12.284 12.248 12.226 12.227 12.228    0.047 0.039 0.031 0.033 0.035  A 36907
   2203.61318 12.278 12.279 12.332 12.387 12.366    0.050 0.039 0.030 0.030 0.031  A 37074
   2204.61109 12.111 12.224 12.260 12.267 12.273    0.049 0.037 0.028 0.027 0.029  A 37200
   2206.60094 12.464 12.517 12.533 12.559 12.595    0.043 0.040 0.032 0.033 0.031  A 37471
   2207.60197 12.123 12.187 12.216 12.238 12.243    0.047 0.038 0.028 0.030 0.032  A 37644
   2211.56633 12.259 12.272 12.298 12.320 12.272    0.053 0.046 0.039 0.041 0.039  A 37821
   2212.62410 12.268 12.303 12.341 12.332 12.305    0.046 0.038 0.030 0.031 0.033  A 37912
   2213.62382 12.258 12.339 12.316 12.274 12.374    0.042 0.037 0.030 0.034 0.034  A 38082
   2214.60338 12.147 12.261 12.338 12.416 12.462    0.046 0.040 0.032 0.035 0.035  A 38221
   2216.60127 12.096 12.166 12.201 12.239 12.209    0.046 0.039 0.031 0.035 0.032  A 38557
   2217.59419 13.491 13.561 13.537 13.504 13.565    0.047 0.040 0.031 0.036 0.033  A 38721
   2219.57405 12.193 12.242 12.284 12.303 12.296    0.045 0.037 0.029 0.033 0.031  A 38886
   2221.58171 12.123 12.232 12.260 12.267 12.264    0.047 0.039 0.030 0.033 0.030  A 39006
   2222.58643 12.269 12.332 12.344 12.349 12.350    0.044 0.036 0.029 0.035 0.032  A 39163
   2224.57696 12.021 12.232 12.220 12.193 12.183    0.047 0.040 0.031 0.034 0.032  A 39320
   2225.58812 12.197 12.297 12.307 12.315 12.304    0.046 0.038 0.030 0.032 0.032  A 39488
   2226.57986 12.068 12.203 12.221 12.236 12.221    0.046 0.039 0.030 0.037 0.033  A 39639
   2227.57822 12.131 12.247 12.281 12.296 12.305    0.046 0.038 0.030 0.035 0.032  A 39791
   2229.54931 12.159 12.309 12.366 12.399 12.441    0.045 0.039 0.030 0.035 0.034  A 40104
   2230.57498 12.246 12.303 12.315 12.316 12.292    0.043 0.038 0.030 0.033 0.033  A 40280
   2232.56532 12.142 12.213 12.221 12.215 12.185    0.045 0.039 0.030 0.034 0.031  A 40443
   2233.57047 12.161 12.237 12.247 12.245 12.281    0.047 0.041 0.031 0.037 0.035  A 40606
   2234.55308 12.228 12.286 12.326 12.348 12.375    0.048 0.039 0.031 0.038 0.036  A 40753
   2235.55276 12.228 12.217 12.218 12.226 12.233    0.045 0.040 0.030 0.034 0.032  A 40908
   2236.54701 12.312 12.395 12.422 12.439 12.471    0.050 0.043 0.033 0.040 0.035  A 41068
   2239.53614 12.293 12.362 12.401 12.441 12.425    0.050 0.042 0.035 0.043 0.042  A 41379
   2241.54020 12.252 12.323 12.340 12.330 12.290    0.048 0.041 0.034 0.038 0.037  A 41698
   2243.56342 12.157 12.223 12.250 12.266 12.245    0.055 0.047 0.039 0.048 0.047  B 42024
   2248.52536 12.244 12.308 12.366 12.396 12.407    0.052 0.041 0.033 0.040 0.038  A 42449
   2250.58180 12.172 12.220 12.225 12.196 12.169    0.057 0.044 0.037 0.042 0.041  A 42831
   2252.57561 12.275 12.363 12.391 12.379 12.331    0.056 0.044 0.035 0.043 0.041  A 43152
   2254.57161 12.263 12.299 12.348 12.376 12.388    0.065 0.050 0.040 0.048 0.046  B 43442
   2256.56583 12.127 12.195 12.214 12.201 12.183    0.064 0.051 0.038 0.046 0.045  A 43756
   2258.56891 12.156 12.233 12.262 12.248 12.227    0.074 0.060 0.051 0.057 0.054  D 44081
   2263.56596 12.304 12.379 12.404 12.445 12.448    0.077 0.058 0.048 0.058 0.059  D 44676
   2265.56166 12.227 12.290 12.320 12.300 12.298    0.085 0.064 0.049 0.057 0.059  D 44945
   2270.62787 12.169 12.211 12.230 12.261 12.324    0.087 0.071 0.061 0.068 0.067  D 45402
   3363.61679 12.203 12.238 12.256 12.261 12.254    0.051 0.030 0.029 0.033 0.038  A 124940
   3367.60313 12.265 12.279 12.372 12.482 12.552    0.057 0.039 0.039 0.047 0.054  B 125250
   3386.56273 12.239 12.301 12.337 12.360 12.393    0.046 0.030 0.029 0.033 0.040  A 126145
   3391.57201 12.187 12.283 12.353 12.421 12.425    0.048 0.031 0.029 0.032 0.037  A 126819
