#ndata= 22
#dataset= 1 ; 1 F0048-56_061
#desig= 003406-5103.0
#cra=    0.568419  00:34:06.3
#cdec= -51.050562 -51:03:02.0
#class= 0
#cmag_0=  9.531
#cmer_0=  0.023
#nskip_0= 3
#cmag_1=  9.540
#cmer_1=  0.033
#nskip_1= 4
#cmag_2=  9.558
#cmer_2=  0.043
#nskip_2= 1
#cmag_3=  9.556
#cmer_3=  0.035
#nskip_3= 2
#cmag_4=  9.571
#cmer_4=  0.041
#nskip_4= 0
#ra=    0.568419  00:34:06.3
#dec= -51.050562 -51:03:02.0
#     HJD      MAG_3  MAG_0  MAG_1  MAG_2  MAG_4    MER_3 MER_0 MER_1 MER_2 MER_4 GRADE FRAME
   1929.54030  9.585  9.520  9.617  9.597  9.588    0.024 0.039 0.024 0.021 0.027  A 6885
   2087.84500  9.689  9.654  9.676  9.682  9.693    0.030 0.061 0.029 0.026 0.034  A 24353
   2093.88986  9.622  9.624  9.634  9.626  9.618    0.030 0.070 0.034 0.028 0.033  A 24884
   2104.84394  9.529  9.528  9.518  9.527  9.532    0.026 0.058 0.029 0.025 0.028  A 26097
   2105.82846  9.524  9.520  9.523  9.524  9.521    0.029 0.065 0.033 0.027 0.032  A 26313
   2106.85015  9.512  9.489  9.506  9.502  9.520    0.028 0.059 0.030 0.026 0.030  A 26525
   2113.86492  9.521  9.512  9.502  9.516  9.528    0.024 0.045 0.027 0.022 0.027  A 26647
   2115.76502  9.543  9.528  9.539  9.544  9.551    0.026 0.056 0.039 0.024 0.027  A 26920
   2116.79620  9.528  9.523  9.506  9.517  9.527    0.024 0.046 0.028 0.023 0.027  A 27156
   2117.79715  9.532  9.506  9.517  9.522  9.535    0.026 0.054 0.031 0.025 0.030  A 27375
   2129.73677  9.549  9.552  9.532  9.546  9.560    0.025 0.061 0.029 0.024 0.028  A 28197
   2130.74978  9.562  9.506  9.544  9.553  9.568    0.027 0.060 0.028 0.024 0.029  A 28419
   2134.76486  9.568  9.536  9.553  9.561  9.580    0.028 0.054 0.034 0.028 0.029  A 29267
   2135.76786  9.577  9.524  9.570  9.583  9.594    0.060 0.070 0.050 0.051 0.069  B 29483
   2140.77447  9.586  9.536  9.559  9.574  9.591    0.046 0.072 0.041 0.039 0.050  B 30242
   2141.74902  9.611  9.625  9.589  9.601  9.619    0.028 0.058 0.027 0.025 0.029  A 30443
   2143.74250  9.645  9.575  9.638  9.641  9.649    0.030 0.062 0.035 0.029 0.032  A 30845
   2144.74492  9.663  9.691  9.654  9.657  9.659    0.028 0.066 0.031 0.026 0.030  A 31051
   2151.68613  9.662  9.579  9.625  9.646  9.674    0.061 0.093 0.057 0.055 0.068  D 31407
   2666.55901 29.999 29.999 29.999 29.999 29.999    0.023 0.038 0.029 0.023 0.026  C 36919
   2978.65572  9.529  9.530  9.526  9.529  9.537    0.026 0.024 0.023 0.023 0.030  A 83136
   2982.67971 29.999 29.999 29.999 29.999 29.999    0.042 0.033 0.031 0.034 0.052  C 83666
#ndata= 9
#dataset= 2 ; 1 F0000-48_090
#desig= 003406-5103.0
#cra=    0.568287  00:34:05.8
#cdec= -51.050321 -51:03:01.2
#class= 0
#cmag_0=  9.597
#cmer_0=  0.026
#nskip_0= 0
#cmag_1=  9.609
#cmer_1=  0.028
#nskip_1= 1
#cmag_2=  9.619
#cmer_2=  0.027
#nskip_2= 1
#cmag_3=  9.633
#cmer_3=  0.033
#nskip_3= 1
#cmag_4=  9.639
#cmer_4=  0.037
#nskip_4= 1
#ra=    0.568287  00:34:05.8
#dec= -51.050321 -51:03:01.2
#     HJD      MAG_3  MAG_0  MAG_1  MAG_2  MAG_4    MER_3 MER_0 MER_1 MER_2 MER_4 GRADE FRAME
   2233.53287  9.642  9.605  9.573  9.631  9.653    0.035 0.042 0.037 0.030 0.032  A 40590
   2235.52661  9.653  9.600  9.615  9.634  9.658    0.032 0.044 0.038 0.029 0.030  A 40897
   2240.54618  9.670  9.664  9.648  9.649  9.684    0.040 0.051 0.044 0.036 0.035  A 41542
   2242.55781  9.690  9.626  9.655  9.685  9.701    0.040 0.050 0.043 0.035 0.038  A 41866
   2549.60947  9.630  9.625  9.597  9.620  9.635    0.041 0.067 0.057 0.046 0.037  B 20766
   2628.54220  9.584  9.579  9.566  9.576  9.589    0.033 0.046 0.036 0.032 0.037  A 30681
   2783.87132  9.609  9.581  9.594  9.596  9.602    0.030 0.041 0.033 0.028 0.033  A 56030
   2890.79856  9.528  9.556  9.511  9.528  9.522    0.061 0.067 0.063 0.059 0.068  D 70572
   2947.81838  9.597  9.574  9.584  9.596  9.600    0.034 0.046 0.035 0.031 0.038  A 79081
#ndata= 463
#dataset= 3 ; 1 F0045-48_091
#desig= 003406-5103.0
#cra=    0.568361  00:34:06.1
#cdec= -51.050346 -51:03:01.2
#class= 0
#cmag_0=  9.559
#cmer_0=  0.084
#nskip_0= 1
#cmag_1=  9.558
#cmer_1=  0.078
#nskip_1= 1
#cmag_2=  9.560
#cmer_2=  0.077
#nskip_2= 1
#cmag_3=  9.561
#cmer_3=  0.076
#nskip_3= 1
#cmag_4=  9.562
#cmer_4=  0.076
#nskip_4= 1
#ra=    0.568361  00:34:06.1
#dec= -51.050346 -51:03:01.2
#     HJD      MAG_3  MAG_0  MAG_1  MAG_2  MAG_4    MER_3 MER_0 MER_1 MER_2 MER_4 GRADE FRAME
   1868.56336  9.528  9.462  9.511  9.527  9.529    0.024 0.061 0.025 0.022 0.026  A 49
   1869.55464  9.534  9.499  9.528  9.532  9.535    0.019 0.029 0.017 0.016 0.021  A 207
   1873.55743  9.555  9.613  9.559  9.554  9.562    0.022 0.049 0.019 0.018 0.024  A 808
   1875.54501  9.579  9.493  9.563  9.574  9.580    0.021 0.055 0.021 0.019 0.023  A 1125
   1877.55721  9.596  9.583  9.589  9.591  9.597    0.021 0.034 0.023 0.018 0.024  A 1452
   1879.53997  9.635  9.654  9.628  9.632  9.639    0.022 0.041 0.021 0.019 0.024  A 1758
   1881.54078  9.628  9.605  9.620  9.628  9.628    0.022 0.040 0.021 0.020 0.025  A 2071
   1885.52657  9.661  9.716  9.655  9.655  9.663    0.027 0.042 0.026 0.023 0.031  A 2376
   1887.55835  9.641  9.597  9.636  9.643  9.642    0.024 0.046 0.022 0.021 0.028  A 2709
   1889.57014  9.697  9.733  9.701  9.699  9.699    0.027 0.047 0.027 0.024 0.032  A 3034
   1900.57757  9.702  9.642  9.687  9.694  9.702    0.022 0.040 0.024 0.020 0.025  A 3327
   1903.59205  9.713  9.816  9.729  9.712  9.710    0.019 0.041 0.020 0.018 0.021  A 3649
   1906.53847  9.717  9.712  9.705  9.707  9.716    0.020 0.032 0.021 0.018 0.023  A 4110
   1908.58334  9.694  9.654  9.689  9.691  9.697    0.019 0.032 0.022 0.018 0.023  A 4450
   1914.57972  9.687  9.644  9.675  9.686  9.689    0.022 0.045 0.024 0.020 0.024  A 4745
   1919.59160  9.652  9.687  9.659  9.658  9.656    0.029 0.042 0.030 0.026 0.034  A 5284
   1922.55400  9.622  9.573  9.611  9.618  9.629    0.022 0.033 0.028 0.022 0.025  A 5739
   1925.55375  9.600  9.689  9.610  9.602  9.605    0.079 0.082 0.073 0.074 0.082  D 6243
   1929.54475  9.569  9.673  9.589  9.571  9.567    0.021 0.035 0.022 0.019 0.024  A 6887
   1933.53021  9.542  9.549  9.543  9.546  9.536    0.026 0.039 0.030 0.024 0.029  A 7546
   2033.92080  9.530  9.497  9.549  9.542  9.525    0.025 0.040 0.025 0.023 0.026  A 18572
   2040.92798  9.536  9.537  9.533  9.532  9.531    0.040 0.085 0.041 0.036 0.044  B 19587
   2052.93163  9.617  9.614  9.598  9.613  9.619    0.027 0.054 0.028 0.025 0.029  A 19946
   2054.89996  9.637  9.583  9.607  9.630  9.644    0.036 0.078 0.035 0.032 0.038  A 20363
   2056.88817  9.628  9.773  9.664  9.645  9.623    0.028 0.069 0.029 0.025 0.031  A 20806
   2058.90798  9.641  9.663  9.631  9.638  9.643    0.028 0.062 0.027 0.025 0.032  A 21258
   2067.84584  9.692  9.679  9.683  9.690  9.697    0.033 0.075 0.030 0.028 0.036  A 21940
   2068.84629  9.684  9.671  9.705  9.683  9.683    0.048 0.068 0.037 0.039 0.056  B 22166
   2069.84373  9.691  9.730  9.689  9.684  9.694    0.030 0.065 0.028 0.026 0.032  A 22388
   2080.84414  9.710  9.698  9.697  9.707  9.712    0.025 0.064 0.028 0.024 0.029  A 22988
   2082.89539  9.678  9.670  9.664  9.670  9.686    0.029 0.062 0.028 0.025 0.032  A 23476
   2085.89915  9.670  9.663  9.661  9.665  9.676    0.024 0.046 0.027 0.022 0.027  A 23932
   2087.85162  9.671  9.674  9.668  9.674  9.670    0.029 0.065 0.030 0.026 0.033  A 24356
   2088.86364  9.644  9.639  9.638  9.642  9.643    0.026 0.058 0.024 0.023 0.028  A 24590
   2093.89194  9.608  9.572  9.597  9.604  9.602    0.027 0.067 0.030 0.024 0.030  A 24885
   2094.82605  9.608  9.586  9.606  9.611  9.612    0.030 0.062 0.030 0.026 0.033  A 25081
   2095.79724  9.593  9.598  9.598  9.596  9.593    0.040 0.070 0.037 0.034 0.047  A 25295
   2103.75800  9.542  9.513  9.524  9.536  9.548    0.027 0.058 0.029 0.025 0.030  A 25863
   2104.83945  9.537  9.526  9.524  9.529  9.544    0.027 0.056 0.030 0.026 0.029  A 26095
   2105.83978  9.538  9.619  9.546  9.536  9.538    0.027 0.059 0.029 0.024 0.029  A 26318
   2106.84314  9.560  9.587  9.600  9.558  9.558    0.025 0.057 0.028 0.023 0.027  A 26522
   2113.85824  9.535  9.541  9.540  9.543  9.535    0.025 0.047 0.029 0.023 0.028  A 26644
   2115.76061  9.542  9.597  9.566  9.546  9.540    0.025 0.046 0.029 0.024 0.028  A 26918
   2116.80305  9.538  9.487  9.529  9.539  9.538    0.026 0.048 0.028 0.024 0.029  A 27159
   2117.79280 29.999 29.999 29.999 29.999 29.999    0.027 0.058 0.030 0.025 0.030  C 27373
   2128.71084  9.540  9.577  9.557  9.544  9.548    0.030 0.029 0.028 0.028 0.032  A 27971
   2129.73481  9.573  9.597  9.572  9.572  9.577    0.026 0.063 0.031 0.024 0.028  A 28196
   2130.75451  9.563  9.536  9.532  9.556  9.566    0.025 0.058 0.027 0.023 0.028  A 28421
   2131.76711 10.103 10.267 10.340 10.213 10.074    0.027 0.064 0.030 0.025 0.030  A 28626
   2132.76966  9.540  9.607  9.539  9.532  9.541    0.026 0.063 0.027 0.023 0.030  A 28839
   2133.76955  9.543  9.525  9.535  9.538  9.540    0.024 0.048 0.027 0.022 0.027  A 29055
   2134.77417  9.550  9.555  9.550  9.545  9.550    0.026 0.050 0.029 0.024 0.029  A 29271
   2136.75722  9.558  9.497  9.553  9.565  9.566    0.032 0.057 0.033 0.029 0.035  A 29692
   2156.68976  9.681  9.669  9.683  9.684  9.682    0.033 0.055 0.037 0.031 0.035  A 31671
   2164.70904  9.710  9.661  9.704  9.710  9.711    0.029 0.048 0.034 0.027 0.032  A 31937
   2167.68289  9.694  9.633  9.688  9.695  9.699    0.028 0.050 0.029 0.025 0.030  A 32117
   2168.69030  9.694  9.663  9.691  9.693  9.692    0.026 0.050 0.031 0.025 0.029  A 32288
   2169.70193  9.692  9.657  9.678  9.683  9.692    0.026 0.042 0.033 0.025 0.028  A 32446
   2170.73877  9.706  9.749  9.707  9.704  9.708    0.056 0.066 0.052 0.051 0.063  B 32505
   2171.69118  9.677  9.622  9.670  9.672  9.677    0.031 0.048 0.036 0.030 0.033  A 32625
   2172.70294  9.670  9.684  9.661  9.666  9.677    0.028 0.048 0.032 0.026 0.031  A 32818
   2175.67160  9.637  9.606  9.636  9.640  9.636    0.037 0.053 0.039 0.034 0.042  A 33312
   2177.64896  9.629  9.660  9.611  9.623  9.627    0.031 0.049 0.037 0.029 0.033  A 33431
   2178.66190  9.616  9.656  9.599  9.608  9.625    0.032 0.047 0.038 0.030 0.034  A 33610
   2183.60199  9.581  9.591  9.572  9.580  9.582    0.031 0.046 0.036 0.029 0.034  A 33872
   2184.63580  9.589  9.619  9.579  9.582  9.592    0.030 0.048 0.037 0.029 0.033  A 34079
   2185.64651  9.574  9.550  9.576  9.578  9.580    0.030 0.044 0.034 0.028 0.032  A 34270
   2186.68602  9.562  9.564  9.556  9.553  9.559    0.033 0.034 0.037 0.030 0.033  A 34402
   2188.67306  9.569  9.537  9.599  9.584  9.571    0.028 0.038 0.032 0.025 0.030  A 34707
   2190.60817  9.563  9.503  9.587  9.572  9.559    0.028 0.044 0.035 0.027 0.030  A 34926
   2191.64860  9.550  9.585  9.538  9.543  9.555    0.027 0.042 0.032 0.025 0.029  A 35119
   2192.64318  9.545  9.531  9.524  9.541  9.549    0.027 0.049 0.033 0.026 0.029  A 35291
   2193.64882  9.570  9.538  9.578  9.569  9.573    0.029 0.047 0.036 0.027 0.031  A 35476
   2194.63323  9.557  9.546  9.559  9.557  9.560    0.028 0.046 0.035 0.027 0.029  A 35648
   2195.63752  9.554  9.517  9.548  9.556  9.559    0.032 0.050 0.037 0.031 0.035  A 35827
   2196.64336  9.561  9.582  9.556  9.557  9.562    0.029 0.047 0.035 0.028 0.030  A 35962
   2197.64302  9.566  9.574  9.550  9.554  9.569    0.029 0.045 0.036 0.027 0.030  A 36146
   2198.63064  9.566  9.547  9.553  9.563  9.565    0.027 0.045 0.035 0.027 0.029  A 36312
   2201.61096  9.568  9.577  9.564  9.561  9.572    0.029 0.042 0.035 0.027 0.030  A 36732
   2202.62078  9.563  9.554  9.567  9.565  9.564    0.034 0.046 0.038 0.031 0.035  A 36904
   2203.61705  9.547  9.530  9.563  9.550  9.548    0.029 0.045 0.036 0.027 0.030  A 37076
   2204.61498  9.556  9.583  9.539  9.543  9.557    0.029 0.046 0.037 0.028 0.031  A 37202
   2206.60929  9.537  9.565  9.524  9.529  9.539    0.031 0.045 0.039 0.029 0.031  A 37475
   2207.61035  9.552  9.561  9.528  9.545  9.553    0.036 0.050 0.040 0.033 0.040  A 37648
   2211.57019  9.543  9.512  9.538  9.529  9.549    0.040 0.051 0.045 0.037 0.036  A 37823
   2213.56736  9.565  9.516  9.593  9.579  9.559    0.034 0.042 0.037 0.030 0.034  A 38058
   2214.60056  9.543  9.555  9.541  9.541  9.546    0.033 0.049 0.040 0.031 0.034  A 38220
   2215.60727  9.543  9.514  9.575  9.546  9.545    0.038 0.045 0.041 0.034 0.037  A 38390
   2216.60292  9.551  9.557  9.520  9.538  9.554    0.036 0.044 0.038 0.031 0.034  A 38558
   2217.60256  9.561  9.534  9.588  9.582  9.563    0.035 0.046 0.037 0.031 0.034  A 38725
   2219.58019  9.559  9.535  9.559  9.567  9.566    0.039 0.046 0.042 0.034 0.035  A 38889
   2221.58567  9.569  9.540  9.565  9.569  9.571    0.032 0.046 0.038 0.029 0.031  A 39008
   2222.59260  9.547  9.554  9.494  9.534  9.554    0.038 0.044 0.039 0.031 0.036  A 39166
   2224.57863  9.577  9.588  9.594  9.588  9.575    0.039 0.046 0.041 0.033 0.035  A 39321
   2225.58312  9.578  9.608  9.557  9.578  9.582    0.031 0.049 0.041 0.030 0.030  A 39486
   2226.58377  9.592  9.587  9.580  9.588  9.594    0.036 0.046 0.038 0.031 0.034  A 39641
   2227.58213  9.595  9.590  9.589  9.590  9.597    0.036 0.045 0.037 0.030 0.033  A 39793
   2228.58035  9.602  9.599  9.612  9.601  9.606    0.039 0.046 0.040 0.033 0.037  A 39955
   2229.57406  9.605  9.597  9.574  9.595  9.611    0.036 0.045 0.038 0.031 0.033  A 40115
   2232.54435  9.629  9.645  9.611  9.630  9.630    0.033 0.042 0.037 0.029 0.033  A 40434
   2233.57219  9.617  9.626  9.587  9.610  9.617    0.035 0.048 0.039 0.031 0.033  A 40607
   2234.55482  9.639  9.646  9.611  9.622  9.641    0.039 0.047 0.041 0.032 0.035  A 40754
   2235.55449  9.648  9.670  9.634  9.645  9.646    0.034 0.046 0.039 0.031 0.033  A 40909
   2236.55321  9.662  9.651  9.688  9.671  9.662    0.039 0.050 0.044 0.035 0.037  A 41071
   2239.54493  9.669  9.682  9.659  9.654  9.672    0.044 0.050 0.042 0.036 0.042  A 41383
   2241.54197  9.684  9.666  9.666  9.682  9.686    0.040 0.048 0.042 0.035 0.038  A 41699
   2243.54719  9.701  9.704  9.703  9.700  9.708    0.047 0.055 0.046 0.038 0.045  A 42017
   2248.52274  9.676  9.682  9.653  9.687  9.683    0.042 0.054 0.045 0.037 0.038  A 42448
   2250.56986  9.675  9.670  9.667  9.684  9.687    0.040 0.051 0.044 0.035 0.039  A 42826
   2252.57303  9.651  9.683  9.668  9.664  9.669    0.041 0.053 0.041 0.034 0.040  A 43151
   2254.56676  9.647  9.630  9.649  9.658  9.661    0.045 0.060 0.047 0.038 0.045  A 43440
   2256.56328  9.607  9.631  9.610  9.617  9.636    0.045 0.058 0.049 0.040 0.043  A 43755
   2258.56639  9.685  9.671  9.666  9.669  9.669    0.054 0.067 0.056 0.047 0.053  B 44080
   2261.55854  9.620  9.623  9.611  9.621  9.629    0.053 0.074 0.059 0.047 0.052  B 44366
   2444.84550  9.529  9.542  9.506  9.524  9.533    0.018 0.025 0.025 0.017 0.020  A 8969
   2446.83817  9.538  9.476  9.563  9.538  9.533    0.024 0.032 0.036 0.025 0.024  A 9343
   2452.83337  9.522  9.543  9.511  9.524  9.533    0.031 0.034 0.036 0.029 0.032  A 9534
   2453.77704  9.529  9.530  9.516  9.534  9.537    0.027 0.032 0.033 0.025 0.030  A 9693
   2465.84617  9.591  9.578  9.585  9.596  9.594    0.041 0.039 0.041 0.036 0.035  A 11150
   2467.84778  9.622  9.604  9.631  9.615  9.621    0.022 0.022 0.025 0.020 0.022  A 11588
   2468.88358  9.615  9.625  9.596  9.611  9.623    0.024 0.033 0.034 0.022 0.024  A 11820
   2470.81946  9.602  9.643  9.608  9.604  9.619    0.035 0.032 0.036 0.030 0.030  A 12075
   2471.90283  9.600  9.630  9.600  9.603  9.607    0.028 0.029 0.033 0.024 0.025  A 12590
   2473.84187 99.999 99.999 99.999 99.999 99.999    0.041 0.036 0.039 0.035 0.034  C 12772
   2481.82918  9.640  9.675  9.652  9.646  9.640    0.050 0.050 0.046 0.042 0.048  B 13032
   2482.71497  9.619  9.652  9.624  9.625  9.636    0.039 0.041 0.037 0.033 0.035  A 13189
   2486.78244  9.659  9.672  9.674  9.674  9.649    0.041 0.047 0.040 0.034 0.042  A 13386
   2489.76990  9.671  9.705  9.704  9.676  9.671    0.030 0.031 0.034 0.027 0.031  A 13905
   2490.78352  9.648  9.670  9.662  9.664  9.645    0.039 0.040 0.038 0.032 0.037  A 14129
   2493.78141  9.714  9.691  9.710  9.705  9.716    0.043 0.048 0.044 0.037 0.037  A 14536
   2495.72132  9.657  9.714  9.674  9.668  9.667    0.041 0.036 0.037 0.034 0.033  A 14837
   2496.77314  9.704  9.696  9.701  9.705  9.703    0.030 0.028 0.030 0.024 0.025  A 15070
   2498.76049  9.679  9.699  9.663  9.680  9.688    0.029 0.030 0.032 0.026 0.025  A 15490
   2499.77295  9.704  9.672  9.688  9.699  9.706    0.030 0.029 0.031 0.026 0.025  A 15705
   2501.76031  9.677  9.685  9.679  9.685  9.681    0.027 0.027 0.029 0.023 0.022  A 16062
   2502.76476  9.679  9.711  9.685  9.695  9.698    0.034 0.033 0.032 0.027 0.028  A 16276
   2503.76949  9.714  9.731  9.720  9.718  9.713    0.051 0.056 0.052 0.046 0.047  B 16482
   2520.68705  9.595  9.612  9.578  9.597  9.595    0.029 0.026 0.031 0.026 0.026  A 18221
   2526.79194  9.592  9.599  9.582  9.593  9.585    0.030 0.047 0.047 0.036 0.025  A 18908
   2529.69690  9.583  9.563  9.561  9.565  9.576    0.033 0.046 0.040 0.031 0.029  A 19102
   2538.88267  9.552  9.557  9.557  9.553  9.548    0.067 0.085 0.066 0.058 0.068  D 19436
   2544.71729 99.999  9.576  9.548 99.999 99.999    0.023 0.020 0.025 0.020 0.023  C 20016
   2545.75570  9.566  9.603  9.562  9.563  9.579    0.021 0.027 0.026 0.020 0.021  A 20222
   2549.60947  9.622  9.644  9.605  9.617  9.621    0.039 0.062 0.055 0.043 0.037  B 20766
   2552.79249  9.607  9.633  9.603  9.607  9.614    0.022 0.035 0.028 0.022 0.023  A 21210
   2554.62345  9.645  9.605  9.624  9.633  9.641    0.042 0.055 0.044 0.037 0.046  A 21502
   2556.67675  9.630  9.634  9.630  9.636  9.643    0.034 0.035 0.037 0.029 0.029  A 21707
   2559.67235  9.684  9.645  9.691  9.685  9.679    0.023 0.024 0.026 0.019 0.022  A 22242
   2560.66641  9.692  9.684  9.687  9.686  9.689    0.024 0.029 0.029 0.023 0.026  A 22418
   2561.65961  9.674  9.640  9.689  9.677  9.673    0.020 0.029 0.020 0.018 0.023  A 22563
   2562.65833  9.682  9.693  9.663  9.674  9.689    0.019 0.021 0.020 0.017 0.021  A 22743
   2563.67010  9.711  9.683  9.710  9.684  9.704    0.020 0.032 0.027 0.019 0.021  A 22927
   2564.66930  9.696  9.693  9.702  9.701  9.696    0.023 0.025 0.027 0.021 0.024  A 23106
   2565.69207  9.688  9.655  9.694  9.691  9.684    0.022 0.024 0.026 0.020 0.024  A 23294
   2566.70461  9.687  9.687  9.655  9.687  9.692    0.028 0.032 0.032 0.026 0.028  A 23478
   2578.66226  9.703  9.665  9.707  9.699  9.684    0.025 0.030 0.032 0.023 0.021  A 24956
   2620.61249  9.613  9.557  9.599  9.601  9.590    0.031 0.059 0.047 0.033 0.026  A 29460
   2622.62533  9.538  9.543  9.518  9.536  9.535    0.024 0.040 0.029 0.022 0.027  A 29962
   2624.66445  9.564  9.536  9.552  9.561  9.568    0.024 0.045 0.027 0.022 0.027  A 30263
   2627.67370  9.576  9.572  9.575  9.572  9.578    0.029 0.031 0.032 0.027 0.033  A 30587
   2629.67549  9.583  9.578  9.587  9.586  9.586    0.026 0.035 0.023 0.022 0.030  A 30889
   2634.66841  9.607  9.618  9.609  9.607  9.608    0.024 0.031 0.024 0.022 0.026  A 32091
   2637.54941  9.612  9.614  9.600  9.607  9.614    0.018 0.024 0.020 0.017 0.020  A 32482
   2639.56170  9.629  9.633  9.610  9.620  9.632    0.021 0.022 0.020 0.019 0.023  A 32795
   2641.56896  9.660  9.644  9.645  9.652  9.667    0.021 0.037 0.020 0.019 0.024  A 33081
   2643.56453  9.674  9.704  9.688  9.658  9.667    0.023 0.039 0.024 0.021 0.024  A 33391
   2645.55058  9.679  9.678  9.672  9.680  9.690    0.020 0.024 0.021 0.019 0.023  A 33682
   2647.54826  9.692  9.656  9.678  9.691  9.690    0.030 0.034 0.030 0.027 0.034  A 33979
   2650.55409  9.712  9.673  9.724  9.718  9.709    0.026 0.037 0.044 0.029 0.023  A 34246
   2652.57243  9.700  9.701  9.706  9.704  9.700    0.023 0.033 0.022 0.020 0.026  A 34559
   2654.58264  9.695  9.736  9.695  9.693  9.701    0.022 0.033 0.020 0.019 0.026  A 34873
   2658.55661  9.721  9.706  9.744  9.706  9.718    0.026 0.031 0.025 0.023 0.030  A 35566
   2660.56144  9.687  9.661  9.683  9.692  9.687    0.026 0.042 0.025 0.022 0.029  A 35908
   2662.56080  9.686  9.696  9.712  9.682  9.682    0.020 0.032 0.021 0.019 0.022  A 36249
   2664.55687  9.663  9.674  9.680  9.651  9.658    0.023 0.031 0.023 0.021 0.026  A 36591
   2666.55425  9.648  9.661  9.660  9.632  9.639    0.023 0.032 0.024 0.021 0.025  A 36917
   2668.55996  9.649  9.621  9.633  9.651  9.655    0.024 0.027 0.024 0.022 0.026  A 37242
   2670.55773  9.628  9.592  9.609  9.630  9.629    0.022 0.025 0.022 0.019 0.024  A 37557
   2672.56073  9.628  9.620  9.623  9.625  9.633    0.022 0.025 0.022 0.020 0.024  A 37893
   2674.55082  9.608  9.606  9.624  9.614 99.999    0.021 0.028 0.022 0.019 0.024  C 38232
   2676.54430  9.612  9.607  9.623  9.614  9.606    0.022 0.031 0.022 0.020 0.025  A 38595
   2678.54119  9.610  9.620  9.611  9.612  9.607    0.024 0.031 0.023 0.021 0.026  A 38936
   2681.53304  9.605  9.601  9.620  9.616  9.600    0.024 0.029 0.023 0.021 0.027  A 39415
   2684.52572  9.605  9.601  9.629  9.597  9.600    0.026 0.023 0.025 0.023 0.032  A 39949
   2690.51475  9.618  9.618  9.618  9.613  9.615    0.026 0.029 0.023 0.023 0.029  A 41044
   2693.50981  9.628  9.619  9.655  9.639  9.621    0.035 0.027 0.028 0.029 0.040  A 41530
   2754.92205  9.612  9.603  9.610  9.616  9.618    0.030 0.025 0.028 0.027 0.034  A 52366
   2758.92385  9.587  9.583  9.577  9.578  9.586    0.027 0.026 0.027 0.024 0.032  A 53140
   2763.91181  9.575  9.615  9.573  9.572  9.571    0.027 0.031 0.030 0.023 0.030  A 54144
   2765.92466  9.563  9.598  9.550  9.564  9.560    0.028 0.029 0.029 0.025 0.032  A 54442
   2776.91940  9.601  9.606  9.619  9.606  9.592    0.030 0.030 0.026 0.026 0.035  A 55427
   2783.87132  9.600  9.586  9.597  9.588  9.590    0.028 0.036 0.031 0.025 0.030  A 56030
   2786.88534  9.566  9.578  9.545  9.556  9.576    0.019 0.023 0.025 0.020 0.021  A 56673
   2809.83813  9.572  9.571  9.587  9.581  9.572    0.026 0.026 0.022 0.022 0.029  A 59589
   2813.88500  9.583  9.580  9.534  9.593  9.589    0.037 0.030 0.041 0.030 0.033  A 60517
   2829.92824  9.626  9.614  9.615  9.623  9.633    0.025 0.025 0.028 0.023 0.026  A 62408
   2831.86075  9.630  9.621  9.625  9.632  9.629    0.026 0.026 0.028 0.024 0.027  A 62825
   2836.89340  9.598  9.593  9.599  9.606  9.602    0.046 0.040 0.041 0.039 0.054  B 63783
   2839.88459  9.591  9.603  9.575  9.593  9.587    0.048 0.043 0.045 0.043 0.054  B 64212
   2841.83080  9.569  9.609  9.576  9.573  9.577    0.032 0.028 0.032 0.029 0.034  A 64608
   2844.85860  9.600  9.587  9.610  9.597  9.597    0.020 0.020 0.024 0.017 0.021  A 65095
   2851.86956 99.999 99.999 99.999 99.999 99.999    0.022 0.020 0.024 0.019 0.022  C 65539
   2854.75677  9.604  9.603  9.603  9.598  9.596    0.021 0.019 0.023 0.018 0.020  A 65932
   2859.77696  9.614  9.582  9.621  9.618  9.615    0.025 0.023 0.026 0.023 0.025  A 66599
   2861.76445  9.560  9.576  9.573  9.572  9.564    0.036 0.028 0.034 0.031 0.036  A 67015
   2871.90839  9.569  9.555  9.578  9.570  9.563    0.024 0.023 0.028 0.021 0.023  A 68064
   2876.76193  9.546  9.557  9.543  9.545  9.564    0.021 0.024 0.027 0.020 0.021  A 68812
   2879.74035  9.571  9.559  9.579  9.573  9.563    0.023 0.022 0.028 0.023 0.022  A 69297
   2883.73369  9.538  9.559  9.542  9.531  9.538    0.021 0.023 0.024 0.020 0.021  A 69660
   2885.69413  9.554  9.551  9.560  9.559  9.550    0.025 0.023 0.028 0.024 0.024  A 70049
   2886.79589  9.536  9.560  9.520  9.530  9.540    0.022 0.023 0.030 0.023 0.023  A 70304
   2890.79856  9.527  9.561  9.529  9.525  9.514    0.060 0.063 0.058 0.056 0.068  B 70572
   2893.63646  9.547  9.534  9.533  9.540  9.550    0.033 0.029 0.041 0.030 0.034  A 70878
   2896.70442  9.553  9.561  9.529  9.554  9.558    0.028 0.024 0.030 0.025 0.028  A 71499
   2898.70800  9.578  9.585  9.571  9.586  9.578    0.026 0.023 0.029 0.025 0.027  A 71899
   2903.77500  9.611  9.627  9.602  9.606  9.613    0.023 0.026 0.027 0.021 0.025  A 72723
   2905.75095  9.622  9.625  9.608  9.625  9.627    0.018 0.021 0.022 0.016 0.019  A 73028
   2908.69840  9.617  9.630  9.616  9.616  9.621    0.025 0.022 0.032 0.025 0.023  A 73436
   2910.73470  9.607  9.627  9.603  9.609  9.613    0.029 0.021 0.042 0.029 0.025  A 73764
   2912.70504  9.603  9.618  9.588  9.610  9.615    0.032 0.030 0.036 0.030 0.032  A 74128
   2915.67452  9.603  9.608  9.604  9.600  9.605    0.025 0.024 0.028 0.024 0.027  A 74400
   2916.76429  9.648  9.632  9.657  9.639  9.631    0.031 0.034 0.050 0.031 0.027  B 74631
   2918.69277  9.587  9.591  9.591  9.588  9.591    0.025 0.025 0.023 0.022 0.028  A 74913
   2921.72933  9.586  9.605  9.573  9.590  9.589    0.034 0.027 0.028 0.029 0.042  A 75119
   2923.71883  9.608  9.613  9.637  9.605  9.612    0.029 0.025 0.032 0.025 0.032  A 75491
   2926.72246  9.575  9.589  9.581  9.583  9.577    0.022 0.022 0.029 0.021 0.023  A 75852
   2928.71944  9.568  9.561  9.552  9.570  9.571    0.029 0.026 0.032 0.025 0.032  A 76224
   2930.71192  9.577  9.572  9.547  9.569  9.580    0.019 0.025 0.021 0.018 0.021  A 76570
   2932.70074  9.593  9.580  9.591  9.600  9.585    0.031 0.028 0.032 0.026 0.035  A 76921
   2934.69546  9.577  9.602  9.540  9.559  9.579    0.022 0.022 0.035 0.021 0.022  A 77273
   2936.69916  9.586  9.569  9.583  9.592  9.582    0.027 0.032 0.032 0.025 0.029  A 77625
   2940.58441  9.590  9.534  9.614  9.592  9.583    0.021 0.022 0.031 0.022 0.022  A 77979
   2943.58997  9.581  9.578  9.564  9.580  9.580    0.029 0.021 0.033 0.026 0.027  A 78343
   2944.73460  9.586  9.592  9.572  9.582  9.590    0.031 0.031 0.035 0.029 0.032  A 78568
   2946.61372  9.589  9.608  9.596  9.593  9.593    0.020 0.031 0.021 0.019 0.023  A 78816
   2947.81838  9.579  9.573  9.592  9.587  9.585    0.030 0.040 0.029 0.026 0.034  A 79081
   2949.70652  9.581  9.562  9.588  9.570  9.572    0.026 0.024 0.024 0.023 0.031  A 79309
   2951.71404  9.559  9.539  9.559  9.563  9.563    0.075 0.079 0.070 0.070 0.078  D 79593
   2953.73064  9.575  9.563  9.562  9.585  9.564    0.070 0.043 0.048 0.055 0.081  D 79868
   2955.77110  9.558  9.565  9.537  9.562  9.557    0.028 0.026 0.026 0.024 0.032  A 80139
   2957.76850  9.548  9.534  9.543  9.546  9.549    0.034 0.026 0.029 0.028 0.039  A 80428
   2962.54512  9.520  9.521  9.516  9.519  9.532    0.075 0.058 0.060 0.063 0.088  D 81026
   2964.57202  9.563  9.531  9.571  9.557  9.559    0.022 0.023 0.022 0.020 0.025  A 81318
   2966.59178  9.563  9.545  9.543  9.563  9.576    0.049 0.034 0.037 0.041 0.053  B 81612
   2968.60200  9.537  9.519  9.544  9.536  9.534    0.023 0.028 0.025 0.020 0.026  A 81891
   2970.59338  9.475  9.502  9.469  9.471  9.475    0.048 0.052 0.048 0.046 0.049  B 82107
   2972.63062  9.493  9.539  9.471  9.480  9.503    0.061 0.045 0.058 0.057 0.062  D 82383
   2976.63770  9.531  9.521  9.535  9.536  9.525    0.028 0.029 0.026 0.023 0.032  A 82852
   2978.65372  9.522  9.547  9.510  9.516  9.526    0.028 0.021 0.025 0.023 0.031  A 83135
   2980.67302  9.592  9.573  9.589  9.594  9.588    0.069 0.048 0.060 0.063 0.074  D 83391
   2982.67762  9.547  9.550  9.542  9.552  9.550    0.048 0.039 0.038 0.040 0.058  B 83665
   2984.67726  9.591  9.593  9.596  9.580  9.592    0.028 0.024 0.026 0.024 0.033  A 83922
   2986.69928  9.599  9.588  9.601  9.597  9.598    0.028 0.027 0.026 0.024 0.032  A 84195
   2989.62844  9.598  9.585  9.607  9.593  9.603    0.023 0.022 0.023 0.020 0.026  A 84520
   2991.64723  9.586  9.572  9.590  9.590  9.595    0.026 0.026 0.026 0.024 0.027  A 84784
   2996.59692  9.607  9.638  9.610  9.606  9.613    0.025 0.028 0.022 0.022 0.029  A 85429
   2998.60572  9.624  9.623  9.644  9.625  9.617    0.024 0.027 0.023 0.022 0.028  A 85708
   3001.57532  9.603  9.612  9.607  9.592  9.601    0.022 0.022 0.020 0.019 0.024  A 85965
   3005.59454  9.599  9.596  9.599  9.601  9.598    0.027 0.023 0.025 0.024 0.030  A 86445
   3007.60637  9.574  9.575  9.558  9.571  9.575    0.028 0.025 0.026 0.024 0.031  A 86710
   3010.60637  9.544  9.575  9.550  9.547  9.539    0.039 0.030 0.032 0.032 0.048  A 87099
   3015.61195  9.533  9.542  9.543  9.534  9.517    0.034 0.028 0.028 0.029 0.038  A 87612
   3017.62210  9.552  9.548  9.561  9.551  9.551    0.027 0.023 0.024 0.023 0.030  A 87870
   3019.61519  9.562  9.524  9.571  9.545  9.556    0.031 0.028 0.028 0.027 0.035  A 88133
   3029.53265  9.520  9.530  9.502  9.515  9.528    0.030 0.024 0.026 0.025 0.033  A 88622
   3034.56933  9.527  9.540  9.515  9.526  9.532    0.029 0.027 0.028 0.025 0.033  A 89111
   3039.54749  9.555  9.502  9.542  9.546  9.554    0.089 0.080 0.080 0.085 0.093  D 89521
   3043.54561  9.520  9.491  9.522  9.517  9.527    0.032 0.030 0.027 0.027 0.038  A 89896
   3050.52255  9.544  9.538  9.520  9.536  9.549    0.076 0.045 0.053 0.062 0.089  D 90822
   3053.51847  9.544  9.533  9.571  9.546  9.529    0.034 0.027 0.029 0.029 0.038  A 91229
   3057.51015  9.528  9.545  9.532  9.524  9.526    0.048 0.031 0.034 0.038 0.059  B 91778
   3163.88733  9.579  9.581  9.592  9.586  9.585    0.078 0.065 0.075 0.077 0.081  D 105107
   3166.90826  9.538  9.537  9.537  9.533  9.550    0.058 0.035 0.046 0.051 0.067  B 105503
   3179.87829  9.528  9.512  9.535  9.535  9.532    0.023 0.024 0.020 0.020 0.027  A 107285
   3187.84829  9.536  9.512  9.533  9.532  9.540    0.032 0.028 0.026 0.027 0.038  A 108347
   3191.84322  9.597  9.635  9.622  9.602  9.599    0.042 0.047 0.041 0.037 0.049  A 108797
   3279.63518  9.526  9.529  9.536  9.530  9.527    0.026 0.033 0.030 0.024 0.030  A 116967
   3356.69238  9.528  9.513  9.520  9.522  9.530    0.026 0.040 0.024 0.022 0.028  A 124491
   3362.62349 99.999 99.999 99.999 99.999 99.999    0.033 0.051 0.033 0.029 0.036  C 124833
   3366.60879  9.540  9.485  9.531  9.542  9.544    0.039 0.043 0.033 0.032 0.046  A 125162
   3383.54832  9.571  9.582  9.572  9.572  9.576    0.051 0.059 0.045 0.047 0.045  B 125727
   3385.55795  9.563  9.535  9.551  9.560  9.566    0.032 0.036 0.028 0.029 0.037  A 126008
   3387.57676  9.560  9.477  9.547  9.556  9.567    0.038 0.061 0.035 0.032 0.042  A 126298
   3390.56481  9.581  9.599  9.595  9.578  9.586    0.057 0.049 0.046 0.049 0.062  B 126697
   3394.56814  9.525  9.552  9.525  9.518  9.527    0.035 0.034 0.027 0.029 0.040  A 127117
   3397.55828  9.538  9.550  9.538  9.542  9.543    0.028 0.034 0.025 0.024 0.033  A 127475
   3400.55128  9.513  9.522  9.518  9.513  9.512    0.027 0.037 0.022 0.023 0.030  A 127881
   3404.54136  9.637  9.589  9.633  9.637  9.634    0.024 0.032 0.022 0.022 0.026  A 128373
   3410.52775  9.463  9.387  9.451  9.461  9.469    0.032 0.069 0.030 0.028 0.035  A 129311
   3413.52233  9.466  9.433  9.461  9.473  9.462    0.036 0.042 0.030 0.031 0.041  A 129738
   3416.52782  9.466  9.470  9.461  9.464  9.468    0.035 0.036 0.026 0.029 0.040  A 130229
   3420.52268  9.451  9.430  9.446  9.449  9.456    0.035 0.036 0.027 0.029 0.041  A 130860
   3511.91270  9.515  9.529  9.491  9.509  9.518    0.026 0.056 0.030 0.024 0.029  A 143765
   3521.93646  9.496  9.414  9.490  9.495  9.499    0.051 0.072 0.045 0.042 0.059  B 144937
   3525.88868  9.505  9.432  9.487  9.496  9.509    0.034 0.053 0.034 0.030 0.039  A 145579
   3529.88567  9.521  9.508  9.521  9.525  9.523    0.037 0.038 0.031 0.033 0.042  A 146276
   3544.87263  9.528  9.576  9.546  9.536  9.530    0.035 0.040 0.026 0.029 0.041  A 147779
   3552.86842  9.549  9.515  9.546  9.548  9.553    0.033 0.051 0.033 0.029 0.039  A 148545
   3556.84423  9.787  9.834  9.810  9.791  9.787    0.027 0.027 0.024 0.023 0.032  A 149136
   3560.82420  9.531  9.573  9.525  9.524  9.538    0.039 0.082 0.043 0.036 0.043  B 149624
   3563.85160  9.476  9.447  9.469  9.470  9.481    0.030 0.050 0.031 0.027 0.033  A 150157
   3569.90422  9.462  9.458  9.484  9.474  9.462    0.027 0.029 0.030 0.024 0.030  A 150664
   3572.85143  9.450  9.445  9.458  9.454  9.450    0.032 0.029 0.032 0.028 0.037  A 151021
   3575.82812  9.464  9.432  9.476  9.468  9.464    0.029 0.033 0.030 0.027 0.033  A 151537
   3577.88936  9.464  9.507  9.476  9.468  9.468    0.031 0.042 0.027 0.026 0.035  A 151889
   3581.89164  9.464  9.438  9.455  9.464  9.463    0.021 0.030 0.024 0.020 0.024  A 152536
   3584.80551  9.481  9.550  9.501  9.486  9.485    0.036 0.056 0.035 0.031 0.040  A 153062
   3587.79711  9.477  9.491  9.472  9.474  9.476    0.029 0.031 0.030 0.025 0.032  A 153577
   3590.79264  9.503  9.576  9.513  9.509  9.501    0.029 0.059 0.032 0.027 0.031  A 154065
   3595.80840  9.493  9.567  9.499  9.494  9.493    0.048 0.068 0.042 0.042 0.053  B 154877
   3597.80948  9.523  9.538  9.523  9.525  9.523    0.026 0.043 0.027 0.023 0.029  A 155187
   3601.72030  9.501  9.513  9.500  9.497  9.505    0.033 0.057 0.032 0.030 0.037  A 155584
   3603.81583  9.654  9.679  9.683  9.661  9.656    0.027 0.032 0.027 0.023 0.032  A 155943
   3617.76686  9.487  9.486  9.472  9.482  9.492    0.032 0.043 0.037 0.031 0.038  A 157177
   3622.76640  9.492  9.491  9.509  9.502  9.492    0.028 0.031 0.028 0.024 0.032  A 157946
   3625.78001  9.495  9.476  9.499  9.502  9.492    0.041 0.042 0.038 0.037 0.043  A 158214
   3628.75445  9.501  9.487  9.506  9.504  9.504    0.027 0.031 0.030 0.024 0.031  A 158488
   3630.75153  9.520  9.577  9.507  9.511  9.524    0.036 0.047 0.038 0.033 0.042  A 158827
   3632.77387  9.496  9.481  9.473  9.493  9.491    0.039 0.047 0.035 0.034 0.046  A 159144
   3635.67348  9.499  9.529  9.513  9.527  9.481    0.143 0.085 0.099 0.115 0.173  D 159550
   3638.71770  9.538  9.515  9.575  9.555  9.533    0.023 0.031 0.030 0.022 0.025  A 159805
   3640.82336  9.519  9.465  9.523  9.524  9.517    0.027 0.039 0.028 0.024 0.030  A 160077
   3643.65512  9.506  9.528  9.497  9.503  9.509    0.034 0.047 0.034 0.032 0.038  A 160459
   3646.70264  9.497  9.505  9.481  9.491  9.500    0.027 0.034 0.032 0.025 0.029  A 160785
   3651.68231  9.486  9.513  9.477  9.482  9.489    0.025 0.042 0.028 0.023 0.028  A 161461
   3653.70987  9.500  9.472  9.517  9.510  9.495    0.034 0.047 0.033 0.030 0.039  A 161773
   3655.65051  9.438  9.356  9.435  9.442  9.438    0.026 0.050 0.028 0.024 0.030  A 162023
   3657.67360  9.447  9.361  9.441  9.444  9.454    0.039 0.075 0.040 0.035 0.042  A 162330
   3659.70806  9.458  9.492  9.478  9.468  9.453    0.032 0.036 0.029 0.027 0.038  A 162655
   3661.73693  9.470  9.460  9.456  9.462  9.467    0.035 0.031 0.029 0.029 0.040  A 162969
   3664.58940  9.441  9.376  9.431  9.437  9.438    0.028 0.040 0.026 0.024 0.031  A 163341
   3666.65309  9.431  9.390  9.419  9.425  9.435    0.024 0.039 0.025 0.022 0.026  A 163658
   3669.72865  9.471  9.478  9.480  9.473  9.471    0.022 0.031 0.025 0.020 0.025  A 164005
   3671.83042  9.459  9.477  9.443  9.457  9.462    0.030 0.038 0.032 0.028 0.036  A 164322
   3674.61803  9.462  9.468  9.469  9.465  9.461    0.026 0.046 0.028 0.025 0.029  A 164684
   3676.63672  9.486  9.494  9.479  9.482  9.491    0.025 0.030 0.023 0.022 0.027  A 164975
   3680.57769  9.670  9.718  9.680  9.674  9.669    0.024 0.036 0.025 0.022 0.026  A 165331
   3699.60624  9.497  9.489  9.461  9.484  9.505    0.039 0.042 0.032 0.034 0.046  A 167894
   3701.69896  9.508  9.469  9.495  9.502  9.509    0.047 0.060 0.041 0.040 0.054  B 168197
   3704.64339  9.497  9.486  9.475  9.493  9.499    0.033 0.032 0.027 0.027 0.039  A 168572
   3706.71965  9.505  9.460  9.495  9.502  9.508    0.034 0.036 0.029 0.029 0.040  A 168869
   3711.54441 99.999 99.999 99.999 99.999 99.999    0.024 0.029 0.021 0.021 0.027  C 169232
   3713.56213  9.503  9.491  9.501  9.499  9.505    0.028 0.046 0.027 0.024 0.031  A 169514
   3717.63644  9.508  9.460  9.504  9.504  9.508    0.047 0.060 0.041 0.040 0.056  B 170083
   3720.61823  9.513  9.545  9.507  9.508  9.519    0.036 0.054 0.030 0.031 0.040  A 170431
   3722.68522  9.514  9.516  9.521  9.515  9.514    0.039 0.045 0.033 0.033 0.045  A 170711
   3725.64249  9.493  9.518  9.499  9.496  9.497    0.037 0.041 0.033 0.033 0.042  A 171004
   3727.65830 99.999  9.509  9.502 99.999 99.999    0.036 0.033 0.026 0.030 0.040  C 171283
   3731.59243  9.480  9.468  9.470  9.478  9.483    0.035 0.046 0.031 0.031 0.040  A 171671
   3734.62726  9.474  9.494  9.477  9.477  9.473    0.046 0.038 0.031 0.037 0.055  B 172071
   3737.61992  9.489  9.447  9.482  9.490  9.491    0.026 0.029 0.024 0.023 0.030  A 172482
   3739.63816  9.489  9.453  9.476  9.484  9.489    0.027 0.033 0.024 0.024 0.031  A 172770
   3742.60697  9.480  9.468  9.478  9.480  9.477    0.029 0.033 0.024 0.025 0.032  A 173135
   3745.60926  9.485  9.520  9.489  9.482  9.484    0.030 0.046 0.028 0.026 0.035  A 173548
   3748.60042  9.469  9.452  9.466  9.467  9.475    0.039 0.033 0.029 0.031 0.047  A 173944
   3751.61507  9.464  9.519  9.470  9.465  9.457    0.046 0.046 0.034 0.038 0.052  A 174371
   3754.58773  9.438  9.453  9.434  9.432  9.433    0.042 0.035 0.032 0.035 0.051  A 174772
   3757.56961  9.464  9.435  9.456  9.467  9.465    0.029 0.032 0.025 0.026 0.032  A 175180
   3760.56369  9.456  9.592  9.486  9.457  9.455    0.037 0.049 0.032 0.033 0.042  A 175602
   3763.56001  9.473  9.457  9.466  9.472  9.478    0.039 0.041 0.030 0.032 0.046  A 175990
   3766.54514  9.489  9.412  9.473  9.482  9.492    0.033 0.032 0.026 0.029 0.037  A 176409
   3769.53457  9.452  9.480  9.449  9.442  9.457    0.034 0.045 0.030 0.032 0.036  A 176797
   3772.54251  9.490  9.489  9.475  9.484  9.491    0.033 0.036 0.028 0.028 0.036  A 177190
   3776.53023  9.490  9.516  9.502  9.489  9.493    0.042 0.034 0.030 0.033 0.049  A 177760
   3779.52635 99.999 99.999 99.999 99.999 99.999    0.044 0.037 0.031 0.034 0.051  C 178216
   3789.51440  9.512  9.490  9.487  9.503  9.514    0.034 0.045 0.029 0.029 0.039  A 179072
   3853.92558  9.454  9.364  9.437  9.450  9.463    0.048 0.078 0.042 0.041 0.054  B 187888
   3862.92818  9.509  9.520  9.502  9.505  9.504    0.034 0.043 0.030 0.029 0.038  A 189297
   3866.90724  9.495  9.460  9.498  9.496  9.500    0.035 0.074 0.037 0.032 0.039  A 189972
   3870.89484  9.501  9.416  9.484  9.494  9.506    0.041 0.052 0.033 0.033 0.048  A 190648
   3874.92902  9.477  9.421  9.458  9.468  9.473    0.031 0.055 0.033 0.028 0.035  A 191118
   3883.92832  9.527  9.573  9.524  9.522  9.527    0.044 0.060 0.039 0.037 0.049  A 192361
   3892.87420  9.495  9.525  9.505  9.492  9.493    0.039 0.049 0.035 0.034 0.045  A 193605
   3898.89763  9.516  9.545  9.512  9.509  9.520    0.034 0.041 0.030 0.028 0.042  A 194440
   3902.87533  9.519  9.608  9.544  9.529  9.517    0.032 0.051 0.031 0.028 0.037  A 195114
   3905.90052  9.508  9.507  9.499  9.500  9.512    0.033 0.034 0.028 0.029 0.038  A 195690
   4091.57244  9.499  9.583  9.517  9.505  9.502    0.029 0.044 0.029 0.026 0.032  A 209361
   4104.63135  9.435  9.479  9.433  9.430  9.444    0.058 0.048 0.042 0.047 0.066  B 210698
   4107.56417  9.444  9.427  9.449  9.446  9.443    0.025 0.034 0.025 0.022 0.027  A 211075
   4125.58137  9.486  9.673  9.528  9.499  9.484    0.038 0.060 0.040 0.037 0.041  A 211517
   4127.58664  9.483  9.552  9.490  9.486  9.481    0.030 0.056 0.033 0.028 0.033  A 211781
   4133.54871  9.486  9.450  9.476  9.485  9.485    0.038 0.040 0.029 0.031 0.044  A 212556
   4136.53853  9.462  9.794  9.563  9.498  9.457    0.049 0.075 0.036 0.037 0.049  B 212950
   4148.51849  9.433  9.448  9.439  9.434  9.449    0.102 0.080 0.077 0.088 0.117  D 214649
   4153.51353  9.520  9.430  9.500  9.519  9.522    0.048 0.045 0.035 0.039 0.051  B 215233
   4231.92029  9.589  9.594  9.587  9.586  9.590    0.032 0.038 0.031 0.027 0.037  A 223972
   4235.91413  9.447  9.444  9.426  9.437  9.447    0.073 0.070 0.058 0.063 0.082  D 224681
   4255.92882  9.500  9.521  9.495  9.499  9.499    0.073 0.058 0.061 0.066 0.078  D 227176
   4268.93333  9.441  9.427  9.480  9.451  9.443    0.047 0.045 0.043 0.043 0.053  B 228084
   4273.86732  9.435  9.437  9.404  9.421  9.437    0.033 0.043 0.039 0.032 0.033  A 228575
   4278.90199  9.479  9.436  9.457  9.474  9.479    0.075 0.054 0.061 0.070 0.078  D 229226
   4285.86911  9.488  9.456  9.488  9.490  9.490    0.043 0.067 0.046 0.039 0.047  A 230060
   4289.93654  9.479  9.482  9.472  9.480  9.482    0.039 0.041 0.038 0.033 0.043  A 230443
   4292.87202  9.457  9.444  9.483  9.461  9.459    0.050 0.063 0.064 0.060 0.053  D 230956
   4295.85706  9.444  9.436  9.442  9.445  9.447    0.058 0.057 0.059 0.054 0.060  B 231470
   4298.84768  9.509  9.498  9.514  9.509  9.513    0.049 0.043 0.043 0.042 0.057  B 232000
   4301.79751  9.514  9.590  9.533  9.519  9.515    0.052 0.072 0.049 0.046 0.056  B 232524
   4303.92142  9.457  9.447  9.472  9.458  9.460    0.048 0.047 0.047 0.045 0.050  B 232866
   4305.88195  9.485  9.476  9.479  9.483  9.487    0.029 0.037 0.032 0.026 0.030  A 233217
   4307.83211  9.476  9.509  9.472  9.475  9.475    0.027 0.038 0.031 0.025 0.031  A 233544
   4309.81932  9.464  9.478  9.465  9.464  9.465    0.031 0.038 0.032 0.027 0.035  A 233853
   4312.79566  9.466  9.487  9.473  9.469  9.460    0.058 0.049 0.046 0.048 0.069  B 234278
   4316.76160  9.465  9.424  9.462  9.461  9.470    0.029 0.032 0.030 0.026 0.033  A 234687
   4319.86147  9.456  9.456  9.451  9.455  9.457    0.030 0.034 0.032 0.027 0.034  A 235061
   4329.82739  9.464  9.436  9.466  9.459  9.463    0.036 0.038 0.039 0.035 0.039  A 235204
   4331.81096  9.451  9.422  9.447  9.449  9.454    0.038 0.073 0.050 0.046 0.039  B 235557
   4333.77770  9.477  9.434  9.459  9.469  9.480    0.026 0.032 0.029 0.022 0.028  A 235905
   4339.73500  9.492  9.475  9.534  9.507  9.485    0.070 0.071 0.070 0.066 0.074  D 236622
   4341.76251  9.593  9.568  9.606  9.605  9.579    0.079 0.069 0.075 0.075 0.083  D 236967
   4343.78714  9.693  9.753  9.713  9.703  9.693    0.068 0.055 0.066 0.066 0.072  D 237329
   4345.79041  9.532  9.492  9.501  9.530  9.535    0.064 0.046 0.055 0.060 0.071  D 237656
   4347.81416  9.511  9.480  9.503  9.514  9.518    0.049 0.042 0.045 0.045 0.051  B 238018
   4350.71185  9.487  9.507  9.493  9.486  9.487    0.041 0.062 0.043 0.039 0.044  A 238474
   4353.70285  9.479  9.511  9.483  9.472  9.485    0.027 0.032 0.030 0.024 0.029  A 238879
   4355.75669  9.458  9.421  9.445  9.452  9.463    0.024 0.031 0.026 0.022 0.027  A 239214
   4358.69514  9.437  9.409  9.419  9.433  9.440    0.031 0.042 0.034 0.030 0.033  A 239650
   4361.68177  9.448  9.407  9.456  9.451  9.452    0.047 0.063 0.054 0.047 0.050  B 240040
   4363.72209  9.456  9.444  9.451  9.453  9.454    0.027 0.031 0.031 0.025 0.030  A 240367
   4365.71212  9.459  9.428  9.444  9.448  9.456    0.027 0.033 0.030 0.024 0.031  A 240675
   4367.78469  9.465  9.518  9.465  9.471  9.427    0.039 0.041 0.035 0.032 0.045  A 240895
   4369.75582  9.456  9.476  9.459  9.466  9.438    0.040 0.038 0.038 0.034 0.048  A 241183
   4371.77306  9.487  9.473  9.482  9.484  9.492    0.037 0.047 0.034 0.032 0.044  A 241518
   4373.80431  9.515  9.439  9.495  9.503  9.517    0.037 0.063 0.037 0.032 0.041  A 241822
   4376.79291  9.477  9.464  9.490  9.477  9.474    0.045 0.038 0.040 0.040 0.050  A 242176
   4379.64157  9.499  9.504  9.497  9.500  9.498    0.034 0.036 0.033 0.030 0.038  A 242574
   4381.69051  9.484  9.477  9.476  9.478  9.485    0.038 0.038 0.037 0.036 0.042  A 242891
   4383.77935  9.505  9.549  9.524  9.511  9.511    0.043 0.037 0.038 0.039 0.046  A 243226
   4385.72759  9.509  9.515  9.505  9.508  9.510    0.025 0.030 0.030 0.024 0.026  A 243523
   4387.79177  9.514  9.512  9.512  9.513  9.517    0.030 0.035 0.033 0.028 0.035  A 243860
   4391.78325  9.485  9.434  9.470  9.479  9.483    0.072 0.051 0.051 0.058 0.086  D 244430
   4393.68257  9.480  9.476  9.477  9.483  9.476    0.044 0.036 0.034 0.036 0.052  A 244664
   4399.64273  9.487  9.578  9.514  9.493  9.484    0.039 0.043 0.033 0.032 0.045  A 244834
   4402.64019  9.464  9.408  9.459  9.461  9.466    0.037 0.050 0.035 0.032 0.042  A 245114
   4404.73281  9.447  9.467  9.444  9.448  9.445    0.029 0.028 0.029 0.025 0.033  A 245376
   4408.60191  9.448  9.415  9.437  9.442  9.453    0.029 0.041 0.031 0.026 0.034  A 245718
   4413.75783  9.453  9.465  9.446  9.454  9.452    0.042 0.045 0.041 0.040 0.046  A 246288
   4420.57533  9.472  9.514  9.482  9.473  9.480    0.037 0.039 0.033 0.032 0.042  A 246439
   4422.64187  9.489  9.512  9.498  9.494  9.490    0.027 0.047 0.029 0.024 0.030  A 246657
   4425.77112  9.493  9.451  9.480  9.486  9.501    0.040 0.042 0.032 0.033 0.049  A 246873
   4428.57726  9.458  9.435  9.457  9.461  9.460    0.044 0.049 0.037 0.036 0.053  A 247156
   4430.63716  9.753  9.714  9.781  9.772  9.753    0.039 0.049 0.035 0.033 0.046  A 247412
   4432.68820  9.472  9.540  9.484  9.480  9.478    0.027 0.045 0.029 0.025 0.031  A 247684
   4437.58934  9.456  9.473  9.447  9.447  9.458    0.028 0.034 0.026 0.024 0.030  A 248263
   4439.66535  9.442  9.489  9.459  9.450  9.442    0.055 0.153 0.064 0.078 0.056  D 248537
   4442.65732  9.450  9.448  9.451  9.454  9.450    0.031 0.035 0.033 0.030 0.033  A 248874
   4453.57329  9.534  9.550  9.524  9.528  9.533    0.055 0.068 0.045 0.048 0.058  B 250103
   4455.64416  9.476  9.436  9.458  9.472  9.480    0.048 0.067 0.044 0.041 0.056  B 250342
   4458.61305  9.474  9.443  9.459  9.467  9.477    0.042 0.054 0.037 0.035 0.048  A 250690
   4461.60254  9.490  9.538  9.490  9.487  9.493    0.030 0.044 0.032 0.028 0.034  A 251022
   4463.65119  9.505  9.498  9.512  9.510  9.503    0.029 0.043 0.030 0.027 0.034  A 251313
   4466.60589  9.489  9.547  9.493  9.485  9.489    0.048 0.052 0.043 0.044 0.053  B 251633
   4473.59936  9.505  9.470  9.492  9.504  9.511    0.036 0.059 0.037 0.033 0.040  A 252351
   4476.59550  9.531  9.490  9.510  9.525  9.535    0.037 0.038 0.033 0.032 0.042  A 252629
   4479.57222  9.507  9.531  9.502  9.502  9.511    0.027 0.035 0.026 0.024 0.031  A 252994
   4488.56796  9.507  9.591  9.514  9.495  9.511    0.039 0.041 0.033 0.033 0.046  A 253918
   4490.59550  9.479  9.440  9.472  9.472  9.480    0.033 0.035 0.030 0.028 0.038  A 254147
   4493.56461  9.448  9.429  9.444  9.451  9.450    0.031 0.049 0.030 0.029 0.034  A 254498
   4497.55943  9.444  9.416  9.419  9.441  9.443    0.034 0.054 0.036 0.032 0.036  A 254743
   4503.54642  9.464  9.526  9.463  9.460  9.463    0.043 0.039 0.038 0.038 0.048  A 255535
   4506.54287  9.463  9.445  9.448  9.458  9.468    0.042 0.038 0.035 0.036 0.049  A 255963
   4510.53121  9.476  9.492  9.471  9.473  9.478    0.050 0.040 0.040 0.042 0.056  B 256515
   4516.51264  9.471  9.414  9.460  9.465  9.483    0.046 0.057 0.038 0.038 0.052  A 257078
   4523.50727  9.465  9.457  9.468  9.469  9.448    0.054 0.057 0.042 0.044 0.064  B 258109
