#ndata= 4
#dataset= 1 ; 1 F0036-32_159
#desig= 003543-2514.0
#cra=    0.595401  00:35:43.4
#cdec= -25.233871 -25:14:01.9
#class= 0
#cmag_0=  9.628
#cmer_0=  0.018
#nskip_0= 0
#cmag_1=  9.648
#cmer_1=  0.018
#nskip_1= 0
#cmag_2=  9.645
#cmer_2=  0.020
#nskip_2= 0
#cmag_3=  9.645
#cmer_3=  0.018
#nskip_3= 0
#cmag_4=  9.648
#cmer_4=  0.018
#nskip_4= 0
#ra=    0.595401  00:35:43.4
#dec= -25.233871 -25:14:01.9
#     HJD      MAG_3  MAG_0  MAG_1  MAG_2  MAG_4    MER_3 MER_0 MER_1 MER_2 MER_4 GRADE FRAME
   2140.75484  9.660  9.642  9.660  9.666  9.661    0.036 0.059 0.035 0.033 0.041  A 30233
   2151.68281  9.618  9.599  9.636  9.623  9.609    0.075 0.066 0.055 0.062 0.088  D 31405
   3374.59071  9.686  9.673  9.684  9.696  9.681    0.040 0.046 0.035 0.035 0.047  A 125406
   3382.59223  9.631  9.614  9.617  9.625  9.635    0.041 0.076 0.042 0.037 0.046  A 125612
#ndata= 408
#dataset= 2 ; 1 F0032-24_199
#desig= 003544-2514.1
#cra=    0.595467  00:35:43.7
#cdec= -25.234386 -25:14:03.8
#class= 0
#cmag_0=  9.681
#cmer_0=  0.045
#nskip_0= 4
#cmag_1=  9.681
#cmer_1=  0.035
#nskip_1= 3
#cmag_2=  9.683
#cmer_2=  0.031
#nskip_2= 3
#cmag_3=  9.687
#cmer_3=  0.030
#nskip_3= 4
#cmag_4=  9.691
#cmer_4=  0.032
#nskip_4= 2
#ra=    0.595467  00:35:43.7
#dec= -25.234386 -25:14:03.8
#     HJD      MAG_3  MAG_0  MAG_1  MAG_2  MAG_4    MER_3 MER_0 MER_1 MER_2 MER_4 GRADE FRAME
   1868.55132  9.662  9.605  9.648  9.659  9.668    0.023 0.058 0.026 0.021 0.025  A 43
   1869.54698  9.696  9.715  9.690  9.690  9.706    0.023 0.053 0.022 0.020 0.025  A 203
   1871.59516  9.689  9.654  9.675  9.685  9.695    0.024 0.070 0.028 0.022 0.027  A 501
   1873.57442  9.726  9.745  9.715  9.719  9.733    0.025 0.070 0.029 0.023 0.027  A 815
   1875.56208  9.730  9.802  9.737  9.728  9.734    0.023 0.062 0.024 0.021 0.024  A 1132
   1877.56744  9.708  9.678  9.696  9.701  9.711    0.021 0.044 0.023 0.019 0.023  A 1456
   1879.55024  9.710  9.743  9.702  9.702  9.715    0.022 0.043 0.023 0.020 0.024  A 1762
   1886.58195  9.738  9.757  9.734  9.730  9.741    0.026 0.040 0.027 0.022 0.028  A 2559
   1888.59100  9.752  9.779  9.741  9.747  9.762    0.027 0.057 0.027 0.025 0.031  A 2883
   1900.60561  9.669  9.660  9.646  9.660  9.675    0.024 0.047 0.028 0.021 0.026  A 3339
   1904.53408  9.694  9.711  9.680  9.683  9.699    0.022 0.053 0.023 0.020 0.025  A 3784
   1907.55342  9.683  9.663  9.658  9.677  9.690    0.020 0.041 0.024 0.019 0.022  A 4276
   1915.53329  9.638  9.620  9.631  9.632  9.641    0.024 0.044 0.026 0.023 0.027  A 4885
   1920.54420  9.756  9.761  9.747  9.746  9.763    0.021 0.043 0.025 0.019 0.023  A 5423
   1924.52826  9.672  9.606  9.677  9.670  9.670    0.028 0.044 0.029 0.025 0.031  A 6062
   2031.92253  9.677  9.698  9.677  9.676  9.679    0.028 0.049 0.026 0.025 0.032  A 18140
   2034.91785  9.776  9.778  9.763  9.769  9.783    0.026 0.045 0.027 0.024 0.030  A 18777
   2039.89825  9.663  9.612  9.651  9.656  9.665    0.034 0.070 0.032 0.031 0.035  A 19350
   2040.93569  9.713  9.677  9.688  9.698  9.711    0.048 0.082 0.041 0.042 0.053  A 19591
   2053.86980  9.717  9.741  9.721  9.708  9.721    0.027 0.057 0.027 0.024 0.030  A 20125
   2054.94515  9.656  9.586  9.646  9.655  9.649    0.055 0.076 0.041 0.044 0.062  B 20383
   2056.90302  9.725  9.835  9.730  9.712  9.728    0.028 0.072 0.030 0.025 0.031  A 20813
   2067.85616  9.687  9.781  9.696  9.685  9.694    0.030 0.066 0.033 0.028 0.034  A 21945
   2068.85902  9.707  9.690  9.693  9.696  9.714    0.034 0.070 0.033 0.030 0.039  A 22172
   2069.85644  9.681  9.640  9.663  9.676  9.684    0.033 0.076 0.037 0.030 0.035  A 22394
   2070.86036  9.679  9.658  9.671  9.675  9.687    0.027 0.067 0.031 0.025 0.030  A 22615
   2080.85939  9.683  9.717  9.682  9.680  9.688    0.025 0.061 0.028 0.023 0.027  A 22995
   2082.90620  9.669  9.576  9.663  9.665  9.673    0.023 0.055 0.027 0.021 0.026  A 23481
   2085.90750  9.687  9.670  9.679  9.682  9.694    0.024 0.043 0.026 0.022 0.028  A 23936
   2087.86237  9.684  9.685  9.685  9.678  9.682    0.030 0.059 0.029 0.027 0.036  A 24361
   2088.92092  9.713  9.670  9.694  9.705  9.713    0.025 0.064 0.027 0.023 0.027  A 24615
   2093.88251  9.669  9.604  9.655  9.663  9.672    0.024 0.042 0.024 0.022 0.027  A 24881
   2094.82337  9.698  9.699  9.696  9.695  9.704    0.026 0.051 0.028 0.024 0.030  A 25080
   2103.91330  9.706  9.743  9.691  9.705  9.716    0.026 0.034 0.035 0.026 0.028  A 25927
   2104.84827  9.613  9.530  9.597  9.607  9.616    0.022 0.047 0.026 0.021 0.025  A 26099
   2105.83289  9.735  9.713  9.721  9.727  9.739    0.024 0.047 0.023 0.020 0.026  A 26315
   2106.85230  9.637  9.583  9.618  9.628  9.644    0.024 0.058 0.026 0.021 0.026  A 26526
   2113.85382  9.654  9.592  9.640  9.648  9.660    0.022 0.042 0.026 0.021 0.024  A 26642
   2115.76299  9.666  9.593  9.655  9.657  9.671    0.025 0.044 0.027 0.023 0.028  A 26919
   2116.80096  9.724  9.725  9.724  9.722  9.728    0.024 0.046 0.027 0.022 0.027  A 27158
   2117.80195  9.660  9.666  9.653  9.655  9.660    0.024 0.049 0.027 0.022 0.025  A 27377
   2130.84268  9.664  9.641  9.652  9.653  9.669    0.020 0.041 0.025 0.019 0.023  A 28458
   2131.76992  9.679  9.647  9.662  9.675  9.681    0.022 0.058 0.024 0.020 0.025  A 28627
   2132.77695  9.642  9.631  9.637  9.633  9.646    0.023 0.056 0.024 0.021 0.026  A 28842
   2133.76346  9.704  9.690  9.701  9.699  9.709    0.022 0.043 0.024 0.021 0.025  A 29052
   2134.76355  9.669  9.643  9.665  9.667  9.676    0.026 0.052 0.028 0.024 0.029  A 29266
   2135.76661  9.699  9.780  9.700  9.694  9.714    0.039 0.057 0.036 0.035 0.046  A 29482
   2136.76463  9.637  9.602  9.622  9.629  9.640    0.035 0.048 0.031 0.031 0.039  A 29695
   2141.74796  9.672  9.689  9.679  9.663  9.677    0.025 0.045 0.026 0.022 0.028  A 30442
   2144.73729  9.716  9.792  9.712  9.709  9.726    0.026 0.051 0.026 0.023 0.029  A 31047
   2145.73525  9.659  9.651  9.650  9.655  9.663    0.023 0.042 0.025 0.021 0.027  A 31250
   2164.69577  9.678  9.665  9.705  9.681  9.683    0.026 0.048 0.032 0.025 0.028  A 31932
   2167.67525  9.711  9.716  9.686  9.698  9.714    0.025 0.048 0.027 0.022 0.027  A 32113
   2168.68940  9.684  9.692  9.670  9.679  9.685    0.026 0.052 0.030 0.024 0.029  A 32287
   2169.70105  9.697  9.710  9.702  9.694  9.705    0.026 0.034 0.032 0.023 0.024  A 32445
   2171.67187  9.669  9.673  9.697  9.680  9.671    0.028 0.049 0.031 0.026 0.032  A 32616
   2174.66940  9.730  9.739  9.723  9.725  9.731    0.033 0.052 0.036 0.030 0.037  A 33166
   2175.66084  9.656  9.653  9.646  9.655  9.658    0.040 0.058 0.042 0.038 0.044  A 33307
   2177.64373  9.660  9.650  9.642  9.661  9.667    0.031 0.045 0.033 0.028 0.034  A 33428
   2178.64848  9.711  9.706  9.681  9.704  9.721    0.029 0.050 0.036 0.029 0.032  A 33605
   2185.69356  9.687  9.708  9.685  9.698  9.693    0.029 0.040 0.034 0.026 0.033  A 34290
   2186.68310  9.736  9.703  9.732  9.714  9.707    0.033 0.043 0.039 0.031 0.033  A 34400
   2188.66567  9.712  9.680  9.678  9.692  9.686    0.028 0.042 0.036 0.026 0.028  A 34703
   2190.61420  9.658  9.668  9.683  9.655  9.656    0.027 0.044 0.034 0.027 0.029  A 34928
   2191.64793  9.730  9.723  9.688  9.719  9.732    0.027 0.054 0.035 0.027 0.027  A 35118
   2192.63361  9.669  9.641  9.692  9.672  9.664    0.025 0.044 0.031 0.024 0.026  A 35286
   2193.63693  9.717  9.718  9.716  9.713  9.718    0.024 0.038 0.031 0.023 0.026  A 35470
   2194.63258  9.653  9.641  9.638  9.649  9.652    0.025 0.044 0.033 0.025 0.026  A 35647
   2195.63461  9.698  9.692  9.675  9.690  9.698    0.026 0.044 0.033 0.024 0.027  A 35825
   2196.63153  9.713  9.719  9.713  9.709  9.709    0.028 0.044 0.035 0.027 0.029  A 35956
   2197.63115  9.692  9.698  9.699  9.698  9.697    0.028 0.050 0.036 0.027 0.028  A 36140
   2198.62552  9.704  9.699  9.681  9.698  9.702    0.027 0.042 0.034 0.026 0.027  A 36309
   2199.62167  9.669  9.673  9.677  9.681  9.680    0.027 0.046 0.036 0.027 0.027  A 36487
   2201.61033  9.671  9.683  9.667  9.670  9.674    0.026 0.043 0.032 0.024 0.027  A 36731
   2202.62014  9.709  9.714  9.714  9.723  9.720    0.028 0.042 0.034 0.026 0.028  A 36903
   2203.60748  9.666  9.692  9.676  9.678  9.670    0.029 0.044 0.037 0.028 0.030  A 37071
   2204.60539  9.752  9.734  9.764  9.741  9.739    0.027 0.044 0.034 0.025 0.026  A 37197
   2205.60120  9.637  9.620  9.631  9.633  9.654    0.093 0.087 0.081 0.082 0.100  D 37327
   2206.60638  9.715  9.710  9.704  9.719  9.724    0.030 0.046 0.037 0.028 0.029  A 37473
   2207.59848  9.676  9.660  9.678  9.671  9.681    0.037 0.046 0.039 0.033 0.039  A 37642
   2213.62933  9.783  9.734  9.742  9.760  9.746    0.036 0.048 0.041 0.033 0.036  A 38084
   2214.59989  9.636  9.681  9.658  9.655  9.654    0.038 0.048 0.040 0.033 0.037  A 38219
   2215.59757  9.781  9.756  9.743  9.765  9.759    0.036 0.044 0.039 0.031 0.036  A 38385
   2216.59779  9.704  9.632  9.666  9.684  9.684    0.037 0.046 0.039 0.032 0.034  A 38555
   2219.56829  9.757  9.721  9.701  9.731  9.751    0.037 0.045 0.040 0.032 0.034  A 38883
   2221.57591  9.670  9.720  9.737  9.707  9.694    0.033 0.044 0.037 0.029 0.031  A 39003
   2222.58292  9.599  9.665  9.691  9.654  9.634    0.034 0.041 0.035 0.028 0.031  A 39161
   2224.57341  9.744  9.696  9.701  9.724  9.734    0.042 0.049 0.044 0.036 0.038  A 39318
   2225.58236  9.694  9.696  9.696  9.682  9.696    0.030 0.046 0.035 0.028 0.030  A 39485
   2226.57856  9.752  9.692  9.699  9.729  9.738    0.034 0.044 0.038 0.029 0.032  A 39638
   2227.57691  9.626  9.648  9.674  9.663  9.649    0.033 0.045 0.035 0.027 0.031  A 39790
   2229.54351  9.689  9.675  9.659  9.677  9.688    0.039 0.046 0.040 0.032 0.035  A 40101
   2230.57365  9.721  9.699  9.682  9.709  9.724    0.036 0.045 0.037 0.030 0.033  A 40279
   2232.57296  9.831  9.788  9.777  9.799  9.800    0.036 0.044 0.039 0.030 0.034  A 40446
   2234.53987  9.664  9.682  9.699  9.703  9.687    0.040 0.049 0.041 0.034 0.038  A 40747
   2235.56032  9.685  9.670  9.664  9.675  9.678    0.037 0.044 0.037 0.031 0.035  A 40911
   2239.54177  9.615  9.680  9.703  9.664  9.634    0.041 0.049 0.042 0.035 0.040  A 41381
   2241.54994  9.720  9.707  9.682  9.697  9.712    0.042 0.051 0.044 0.036 0.040  A 41702
   2243.56645  9.731  9.728  9.702  9.694  9.715    0.046 0.057 0.046 0.040 0.045  A 42025
   2248.54429  9.642  9.651  9.671  9.671  9.630    0.045 0.058 0.045 0.037 0.045  A 42457
   2250.60068  9.677  9.685  9.658  9.655  9.671    0.044 0.053 0.044 0.035 0.040  A 42839
   2252.58976  9.682  9.713  9.700  9.694  9.691    0.040 0.055 0.042 0.033 0.039  A 43158
   2254.59031  9.723  9.704  9.697  9.705  9.717    0.039 0.052 0.040 0.033 0.037  A 43450
   2256.58465  9.703  9.716  9.739  9.728  9.707    0.044 0.058 0.046 0.037 0.043  A 43764
   2258.58994  9.736  9.742  9.714  9.714  9.721    0.045 0.061 0.049 0.039 0.043  A 44090
   2271.54696  9.765  9.741  9.741  9.728  9.773    0.063 0.083 0.068 0.054 0.063  D 45526
   2442.86171  9.681  9.680  9.676  9.674  9.691    0.037 0.040 0.042 0.035 0.037  A 8584
   2446.84913  9.665  9.673  9.652  9.652  9.665    0.023 0.034 0.035 0.024 0.023  A 9348
   2465.85049  9.663  9.626  9.671  9.656  9.658    0.040 0.045 0.045 0.037 0.034  A 11152
   2466.87883  9.728  9.725  9.739  9.729  9.725    0.022 0.031 0.034 0.022 0.020  A 11383
   2467.83624  9.668  9.652  9.663  9.658  9.668    0.019 0.023 0.028 0.019 0.018  A 11583
   2468.90863  9.686  9.719  9.682  9.690  9.697    0.028 0.026 0.031 0.024 0.027  A 11831
   2470.81258  9.711  9.661  9.735  9.699  9.693    0.036 0.033 0.037 0.030 0.029  A 12072
   2471.89090  9.666  9.678  9.657  9.682  9.681    0.035 0.031 0.035 0.030 0.028  A 12585
   2473.81152  9.679  9.715  9.678  9.682  9.695    0.036 0.032 0.037 0.031 0.029  A 12759
   2486.80020  9.702  9.737  9.722  9.686  9.725    0.038 0.041 0.037 0.031 0.039  A 13394
   2489.76798  9.687  9.682  9.684  9.683  9.679    0.033 0.032 0.034 0.027 0.033  A 13904
   2490.80827  9.728  9.769  9.744  9.739  9.748    0.038 0.031 0.034 0.030 0.031  A 14140
   2493.78413  9.651  9.660  9.678  9.669  9.644    0.045 0.046 0.045 0.040 0.040  A 14537
   2495.72409  9.648  9.671  9.656  9.658  9.657    0.042 0.035 0.037 0.033 0.035  A 14838
   2496.76918  9.714  9.720  9.700  9.720  9.745    0.036 0.035 0.038 0.032 0.033  A 15068
   2498.76555  9.681  9.715  9.684  9.701  9.698    0.027 0.026 0.028 0.023 0.024  A 15492
   2499.76456  9.690  9.719  9.699  9.698  9.705    0.027 0.028 0.030 0.023 0.024  A 15701
   2501.76550  9.716  9.726  9.707  9.726  9.725    0.026 0.030 0.031 0.022 0.023  A 16064
   2502.75648  9.725  9.714  9.709  9.711  9.719    0.039 0.033 0.034 0.031 0.030  A 16272
   2503.75674  9.780  9.761  9.763  9.757  9.776    0.052 0.056 0.050 0.044 0.052  B 16476
   2520.69778  9.714  9.730  9.706  9.709  9.717    0.019 0.030 0.028 0.019 0.020  A 18225
   2526.78418  9.683  9.673  9.660  9.674  9.700    0.028 0.051 0.047 0.034 0.024  A 18904
   2529.68694  9.712  9.765  9.735  9.718  9.710    0.035 0.054 0.044 0.032 0.031  A 19097
   2539.79744  9.770  9.695  9.728  9.739  9.783    0.071 0.085 0.066 0.060 0.073  D 19587
   2540.84870 99.999 99.999 99.999 99.999 99.999    0.029 0.044 0.024 0.024 0.032  C 19799
   2544.83465  9.714  9.676  9.715  9.707  9.714    0.020 0.023 0.021 0.018 0.022  A 20065
   2548.66188  9.704  9.712  9.700  9.701  9.714    0.024 0.026 0.030 0.021 0.022  A 20602
   2553.60709  9.687  9.709  9.672  9.686  9.695    0.025 0.056 0.043 0.030 0.023  A 21311
   2554.69033  9.686  9.670  9.678  9.680  9.696    0.037 0.043 0.034 0.028 0.039  A 21530
   2556.71022  9.668  9.680  9.671  9.662  9.665    0.026 0.028 0.032 0.024 0.022  A 21721
   2559.68069  9.699  9.712  9.690  9.701  9.706    0.020 0.023 0.025 0.019 0.021  A 22245
   2560.67025  9.893 10.362 10.104  9.984  9.893    0.024 0.026 0.026 0.023 0.025  A 22419
   2561.65219  9.701  9.696  9.695  9.692  9.705    0.022 0.040 0.021 0.020 0.024  A 22559
   2562.65096  9.656  9.639  9.647  9.650  9.665    0.019 0.028 0.019 0.017 0.021  A 22739
   2568.54834  9.685  9.666  9.671  9.660  9.686    0.045 0.055 0.055 0.048 0.042  B 23563
   2578.69110  9.664  9.664  9.649  9.666  9.671    0.023 0.031 0.033 0.022 0.021  A 24968
   2623.59276  9.640  9.618  9.634  9.639  9.647    0.025 0.040 0.032 0.024 0.027  A 30112
   2625.62623  9.643  9.701  9.622  9.638  9.651    0.027 0.041 0.041 0.024 0.027  A 30409
   2628.62531  9.703  9.780  9.674  9.690  9.711    0.033 0.057 0.050 0.031 0.036  A 30716
   2635.57301  9.679  9.654  9.672  9.677  9.679    0.020 0.032 0.027 0.021 0.022  A 32200
   2637.59476  9.695  9.674  9.685  9.693  9.696    0.020 0.029 0.022 0.019 0.023  A 32501
   2639.59478  9.697  9.685  9.666  9.675  9.702    0.019 0.031 0.034 0.020 0.020  A 32809
   2641.60200  9.688  9.698  9.692  9.686  9.692    0.020 0.030 0.028 0.018 0.022  A 33095
   2643.59793  9.694  9.709  9.686  9.686  9.701    0.018 0.024 0.020 0.017 0.021  A 33405
   2649.54069  9.669  9.655  9.661  9.665  9.674    0.021 0.026 0.027 0.020 0.023  A 34086
   2651.55526  9.652  9.649  9.655  9.646  9.654    0.025 0.035 0.039 0.023 0.027  A 34402
   2653.57343  9.668  9.638  9.658  9.668  9.670    0.024 0.033 0.023 0.021 0.027  A 34717
   2657.54107 99.999 99.999 99.999 99.999 99.999    0.027 0.033 0.040 0.025 0.029  C 35386
   2659.55912  9.643  9.663  9.640  9.642  9.650    0.024 0.024 0.023 0.021 0.027  A 35736
   2661.55592  9.692  9.686  9.700  9.692  9.695    0.021 0.023 0.020 0.019 0.024  A 36077
   2663.55468  9.698  9.712  9.687  9.694  9.703    0.025 0.028 0.024 0.023 0.028  A 36415
   2668.53858  9.644  9.657  9.623  9.631  9.653    0.032 0.030 0.034 0.028 0.035  A 37233
   2671.52782  9.706  9.722  9.695  9.702  9.708    0.028 0.027 0.025 0.024 0.032  A 37715
   2676.52060  9.690  9.669  9.680  9.682  9.700    0.033 0.025 0.028 0.028 0.037  A 38585
   2764.92127  9.678  9.655  9.673  9.669  9.686    0.032 0.027 0.027 0.028 0.038  A 54370
   2786.89092  9.657  9.680  9.631  9.657  9.664    0.023 0.027 0.028 0.021 0.024  A 56676
   2809.86086  9.705  9.685  9.705  9.704  9.697    0.033 0.026 0.036 0.026 0.031  A 59599
   2813.83228  9.657  9.647  9.649  9.657  9.660    0.025 0.028 0.026 0.023 0.026  A 60495
   2819.93145  9.662  9.649  9.665  9.666  9.661    0.027 0.030 0.030 0.024 0.030  A 61415
   2829.93248  9.670  9.674  9.664  9.665  9.679    0.021 0.025 0.027 0.020 0.022  A 62410
   2831.84826  9.697  9.710  9.697  9.692  9.701    0.023 0.024 0.027 0.020 0.026  A 62820
   2836.87021  9.653  9.677  9.657  9.658  9.657    0.043 0.038 0.039 0.037 0.050  A 63773
   2840.89582  9.660  9.676  9.653  9.657  9.660    0.026 0.025 0.029 0.022 0.028  A 64440
   2843.83663  9.658  9.643  9.642  9.657  9.662    0.023 0.024 0.026 0.021 0.024  A 64995
   2851.87441  9.688  9.676  9.689  9.678  9.685    0.020 0.021 0.025 0.018 0.021  A 65541
   2854.75484  9.666  9.655  9.668  9.662  9.664    0.020 0.022 0.025 0.019 0.019  A 65931
   2859.77972  9.688  9.709  9.664  9.686  9.698    0.020 0.022 0.025 0.019 0.020  A 66600
   2861.76018  9.701  9.697  9.697  9.693  9.702    0.030 0.024 0.031 0.025 0.034  A 67013
   2867.82516  9.681  9.638  9.684  9.674  9.676    0.021 0.032 0.025 0.020 0.023  A 67840
   2872.80472  9.672  9.661  9.683  9.670  9.678    0.018 0.023 0.023 0.016 0.019  A 68230
   2875.81329  9.663  9.621  9.670  9.666  9.667    0.016 0.027 0.020 0.015 0.018  A 68625
   2877.77358  9.676  9.666  9.675  9.671  9.682    0.018 0.022 0.021 0.016 0.019  A 69005
   2880.74254  9.649  9.631  9.645  9.639  9.655    0.021 0.025 0.024 0.019 0.023  A 69408
   2883.77397  9.714  9.681  9.714  9.710  9.713    0.016 0.020 0.026 0.016 0.018  A 69677
   2885.70672  9.708  9.698  9.715  9.708  9.706    0.020 0.026 0.024 0.017 0.019  A 70054
   2886.81093  9.645  9.651  9.619  9.641  9.649    0.022 0.029 0.027 0.021 0.024  A 70310
   2894.75137  9.677  9.664  9.691  9.688  9.679    0.025 0.028 0.028 0.023 0.028  A 71122
   2896.70799  9.712  9.699  9.714  9.710  9.709    0.024 0.025 0.027 0.023 0.026  A 71500
   2898.70243  9.702  9.664  9.699  9.700  9.702    0.019 0.044 0.019 0.018 0.021  A 71896
   2903.77868  9.658  9.672  9.636  9.655  9.669    0.019 0.023 0.025 0.018 0.020  A 72724
   2905.75465  9.665  9.682  9.641  9.661  9.665    0.016 0.024 0.021 0.015 0.018  A 73029
   2908.69074  9.691  9.673  9.701  9.679  9.691    0.018 0.023 0.025 0.017 0.019  A 73432
   2910.72233  9.681  9.662  9.671  9.680  9.688    0.026 0.025 0.034 0.022 0.023  A 73758
   2915.66246  9.678  9.676  9.661  9.667  9.687    0.019 0.026 0.023 0.018 0.020  A 74394
   2916.75223  9.691  9.648  9.707  9.695  9.690    0.035 0.038 0.051 0.034 0.033  A 74625
   2922.67518  9.709  9.694  9.686  9.702  9.715    0.029 0.026 0.029 0.025 0.032  A 75284
   2924.74058  9.725  9.741  9.695  9.716  9.733    0.034 0.032 0.038 0.032 0.039  A 75669
   2927.67034  9.646  9.628  9.639  9.640  9.646    0.020 0.020 0.025 0.018 0.022  A 76015
   2929.67628  9.669  9.650  9.625  9.660  9.677    0.023 0.024 0.027 0.020 0.023  A 76374
   2931.68252  9.686  9.664  9.697  9.680  9.686    0.021 0.021 0.027 0.020 0.023  A 76737
   2933.67224  9.706  9.650  9.722  9.698  9.698    0.022 0.023 0.030 0.021 0.024  A 77087
   2935.66700  9.741  9.712  9.760  9.729  9.722    0.026 0.023 0.034 0.022 0.024  A 77445
   2937.67388  9.707  9.702  9.714  9.708  9.711    0.024 0.024 0.027 0.021 0.026  A 77718
   2940.70017  9.668  9.653  9.659  9.665  9.673    0.019 0.023 0.020 0.018 0.021  A 78028
   2942.62084  9.676  9.633  9.678  9.673  9.685    0.029 0.039 0.028 0.026 0.033  A 78194
   2943.66509  9.684  9.686  9.681  9.676  9.685    0.020 0.029 0.020 0.018 0.022  A 78373
   2944.77653  9.658  9.665  9.651  9.646  9.666    0.044 0.037 0.041 0.040 0.049  A 78585
   2949.59927  9.650  9.617  9.640  9.647  9.649    0.049 0.042 0.041 0.045 0.053  B 79267
   2950.73448  9.711  9.701  9.708  9.699  9.717    0.033 0.025 0.027 0.027 0.040  A 79483
   2953.56081  9.679  9.691  9.676  9.680  9.678    0.030 0.034 0.028 0.027 0.036  A 79801
   2955.57480  9.683  9.689  9.657  9.676  9.685    0.021 0.023 0.027 0.019 0.025  A 80062
   2957.58122  9.696  9.668  9.685  9.692  9.695    0.035 0.034 0.034 0.031 0.042  A 80353
   2959.58084  9.712  9.701  9.725  9.711  9.708    0.039 0.035 0.032 0.033 0.044  A 80643
   2961.57621  9.730  9.711  9.722  9.721  9.733    0.021 0.029 0.021 0.019 0.023  A 80897
   2963.59269  9.719  9.718  9.696  9.706  9.726    0.022 0.023 0.023 0.019 0.025  A 81182
   2965.61286  9.709  9.718  9.704  9.711  9.712    0.037 0.031 0.031 0.030 0.045  A 81476
   2967.60322  9.702  9.714  9.693  9.706  9.706    0.062 0.062 0.062 0.061 0.064  D 81754
   2969.58384  9.696  9.684  9.715  9.699  9.691    0.024 0.027 0.024 0.022 0.026  A 82029
   2971.60882  9.691  9.682  9.686  9.681  9.699    0.023 0.026 0.022 0.020 0.026  A 82234
   2976.54617  9.697  9.685  9.701  9.691  9.703    0.023 0.024 0.026 0.020 0.027  A 82815
   2978.58586  9.687  9.701  9.671  9.678  9.691    0.025 0.025 0.023 0.022 0.029  A 83108
   2980.61991  9.680  9.694  9.670  9.674  9.684    0.030 0.026 0.024 0.026 0.035  A 83370
   2982.62909  9.671  9.645  9.667  9.667  9.674    0.047 0.033 0.034 0.037 0.058  B 83647
   2984.62792  9.662  9.644  9.657  9.659  9.664    0.027 0.030 0.026 0.023 0.029  A 83903
   2989.61361  9.720  9.661  9.708  9.715  9.727    0.023 0.027 0.022 0.020 0.025  A 84514
   2991.62995  9.777  9.834  9.798  9.775  9.779    0.024 0.025 0.023 0.021 0.028  A 84777
   2994.59241  9.673  9.686  9.660  9.664  9.677    0.020 0.025 0.022 0.020 0.024  A 85165
   2996.63299  9.678  9.660  9.679  9.681  9.678    0.024 0.025 0.025 0.022 0.028  A 85443
   2998.62410  9.709  9.725  9.703  9.709  9.709    0.024 0.024 0.023 0.020 0.026  A 85715
   3006.56906  9.698  9.705  9.692  9.686  9.698    0.027 0.027 0.024 0.023 0.031  A 86562
   3008.60268  9.710  9.735  9.690  9.703  9.717    0.038 0.030 0.028 0.030 0.045  A 86829
   3011.57598  9.702  9.715  9.681  9.700  9.712    0.038 0.029 0.030 0.031 0.043  A 87225
   3013.58634  9.708  9.669  9.698  9.696  9.718    0.031 0.031 0.026 0.026 0.036  A 87493
   3017.57367  9.701  9.689  9.708  9.693  9.705    0.025 0.023 0.024 0.022 0.027  A 87851
   3019.57781  9.732  9.721  9.726  9.730  9.741    0.025 0.023 0.024 0.022 0.028  A 88118
   3025.54693  9.676  9.664  9.660  9.674  9.680    0.024 0.025 0.023 0.022 0.027  A 88393
   3157.91936  9.684  9.691  9.683  9.686  9.691    0.053 0.053 0.051 0.050 0.057  B 104324
   3163.91547  9.725  9.748  9.727  9.733  9.726    0.028 0.029 0.027 0.024 0.033  A 105118
   3168.90872  9.672  9.676  9.643  9.668  9.678    0.037 0.030 0.030 0.031 0.044  A 105844
   3177.93700  9.638  9.626  9.652  9.641  9.633    0.061 0.053 0.054 0.053 0.070  D 107000
   3180.90318  9.745  9.741  9.741  9.738  9.745    0.023 0.027 0.024 0.021 0.025  A 107433
   3185.87352  9.692  9.696  9.670  9.688  9.694    0.032 0.032 0.029 0.028 0.037  A 108014
   3189.89297  9.715  9.703  9.715  9.706  9.723    0.042 0.036 0.034 0.035 0.048  A 108515
   3194.92617  9.689  9.693  9.671  9.682  9.695    0.027 0.040 0.033 0.025 0.032  A 109158
   3276.79613  9.652  9.635  9.624  9.643  9.650    0.041 0.052 0.037 0.035 0.047  A 116618
   3279.64875  9.679  9.701  9.672  9.678  9.682    0.028 0.053 0.033 0.026 0.031  A 116971
   3281.75974  9.664  9.668  9.637  9.661  9.664    0.083 0.064 0.076 0.080 0.088  D 117229
   3291.82450  9.643  9.633  9.641  9.633  9.650    0.024 0.038 0.033 0.023 0.025  A 118200
   3295.60526  9.699  9.689  9.660  9.682  9.709    0.056 0.055 0.058 0.054 0.057  D 118514
   3298.63530  9.665  9.664  9.656  9.661  9.672    0.024 0.044 0.029 0.021 0.027  A 118802
   3326.57149  9.663  9.793  9.678  9.668  9.668    0.033 0.056 0.034 0.032 0.036  A 121087
   3358.60222  9.637  9.581  9.620  9.628  9.649    0.039 0.072 0.042 0.037 0.041  A 124688
   3365.58141  9.691  9.703  9.675  9.683  9.697    0.034 0.052 0.031 0.030 0.040  A 125039
   3374.57357  9.713  9.691  9.699  9.702  9.713    0.045 0.049 0.037 0.038 0.052  A 125404
   3382.59223  9.658  9.607  9.625  9.644  9.668    0.037 0.077 0.038 0.034 0.041  A 125612
   3386.53250  9.663  9.644  9.664  9.662  9.670    0.032 0.040 0.030 0.029 0.037  A 126134
   3388.56373  9.672  9.698  9.675  9.667  9.677    0.037 0.081 0.043 0.035 0.040  A 126423
   3396.54077  9.676  9.668  9.673  9.673  9.671    0.068 0.059 0.050 0.054 0.083  D 127345
   3399.53140  9.659  9.692  9.658  9.652  9.661    0.030 0.044 0.027 0.027 0.036  A 127731
   3403.52843  9.670  9.666  9.665  9.666  9.676    0.029 0.034 0.022 0.024 0.034  A 128212
   3406.52651  9.701  9.628  9.691  9.700  9.707    0.030 0.050 0.031 0.027 0.033  A 128681
   3511.92522  9.762  9.771  9.752  9.758  9.762    0.022 0.037 0.024 0.021 0.026  A 143770
   3523.89701  9.669  9.683  9.645  9.656  9.670    0.051 0.069 0.047 0.047 0.051  B 145277
   3541.89261  9.730  9.712  9.692  9.720  9.733    0.029 0.048 0.028 0.025 0.033  A 147327
   3544.90534  9.744  9.691  9.723  9.730  9.753    0.037 0.072 0.037 0.033 0.040  A 147790
   3552.88077 99.999  9.741  9.729 99.999 99.999    0.034 0.036 0.029 0.029 0.038  C 148549
   3555.88234  9.704  9.669  9.694  9.695  9.709    0.028 0.055 0.031 0.026 0.032  A 149006
   3559.88277  9.717  9.716  9.715  9.712  9.725    0.056 0.047 0.040 0.045 0.068  B 149489
   3562.86525  9.659  9.598  9.639  9.647  9.663    0.029 0.048 0.031 0.027 0.031  A 149981
   3569.89653  9.728  9.744  9.710  9.717  9.734    0.027 0.038 0.033 0.024 0.030  A 150661
   3569.92126  9.743  9.698  9.746  9.735  9.750    0.026 0.036 0.030 0.024 0.029  A 150670
   3572.83845  9.708  9.681  9.708  9.694  9.715    0.029 0.031 0.030 0.025 0.032  A 151017
   3577.88064  9.662  9.610  9.648  9.656  9.663    0.040 0.072 0.037 0.033 0.047  A 151886
   3581.90337  9.680  9.679  9.664  9.667  9.680    0.023 0.030 0.023 0.020 0.025  A 152540
   3584.79718  9.711  9.697  9.703  9.705  9.714    0.023 0.041 0.023 0.021 0.026  A 153059
   3587.78632  9.704  9.692  9.691  9.701  9.705    0.027 0.036 0.027 0.023 0.031  A 153574
   3590.79659  9.673  9.673  9.665  9.669  9.677    0.023 0.035 0.024 0.021 0.025  A 154066
   3595.78964  9.757  9.779  9.750  9.744  9.772    0.074 0.070 0.053 0.059 0.088  D 154871
   3597.79672  9.726  9.667  9.729  9.721  9.730    0.030 0.064 0.033 0.027 0.033  A 155182
   3600.86442  9.672  9.669  9.668  9.667  9.674    0.041 0.041 0.033 0.033 0.050  A 155463
   3617.75050  9.708  9.703  9.712  9.702  9.708    0.033 0.049 0.033 0.029 0.038  A 157171
   3620.70432  9.655  9.635  9.649  9.654  9.652    0.040 0.081 0.043 0.037 0.044  A 157610
   3622.75644  9.688  9.705  9.669  9.677  9.694    0.028 0.055 0.034 0.027 0.031  A 157942
   3625.76573  9.711  9.685  9.721  9.711  9.710    0.029 0.042 0.030 0.027 0.033  A 158209
   3628.72297  9.736  9.709  9.757  9.735  9.734    0.027 0.033 0.032 0.026 0.030  A 158478
   3631.84199  9.682  9.699  9.689  9.681  9.686    0.039 0.042 0.034 0.033 0.045  A 159022
   3634.67808  9.773  9.743  9.776  9.771  9.779    0.034 0.038 0.029 0.028 0.040  A 159387
   3636.80618  9.750  9.777  9.744  9.758  9.753    0.034 0.031 0.033 0.030 0.037  A 159638
   3639.65818  9.682  9.690  9.673  9.675  9.686    0.032 0.044 0.034 0.029 0.035  A 159943
   3641.84444  9.690  9.661  9.699  9.689  9.697    0.026 0.040 0.029 0.025 0.029  A 160243
   3644.65409  9.695  9.703  9.679  9.684  9.705    0.043 0.072 0.039 0.037 0.049  A 160612
   3647.83422  9.738  9.711  9.740  9.734  9.739    0.023 0.026 0.027 0.021 0.024  A 160940
   3650.62707  9.669  9.656  9.663  9.664  9.672    0.022 0.029 0.024 0.021 0.025  A 161306
   3652.67408  9.696  9.702  9.720  9.705  9.699    0.032 0.051 0.032 0.028 0.035  A 161615
   3654.67273  9.695  9.748  9.709  9.697  9.700    0.032 0.055 0.030 0.028 0.036  A 161891
   3656.66074  9.740  9.780  9.726  9.732  9.744    0.030 0.060 0.032 0.027 0.034  A 162185
   3659.65837  9.672  9.663  9.659  9.664  9.670    0.031 0.035 0.028 0.028 0.038  A 162638
   3661.69001  9.686  9.683  9.665  9.681  9.692    0.032 0.039 0.030 0.028 0.037  A 162952
   3663.70313  9.649  9.633  9.634  9.639  9.652    0.035 0.068 0.039 0.032 0.039  A 163234
   3665.75649  9.689  9.719  9.680  9.683  9.697    0.030 0.063 0.033 0.028 0.034  A 163543
   3669.67037  9.723  9.729  9.695  9.713  9.728    0.022 0.030 0.027 0.021 0.024  A 163985
   3671.78892  9.733  9.703  9.740  9.721  9.733    0.032 0.039 0.033 0.028 0.035  A 164308
   3674.61045  9.678  9.703  9.685  9.677  9.680    0.029 0.070 0.034 0.028 0.031  A 164681
   3676.63330  9.646  9.599  9.604  9.638  9.653    0.026 0.065 0.031 0.024 0.029  A 164973
   3680.56409  9.688  9.658  9.682  9.683  9.691    0.022 0.032 0.022 0.020 0.025  A 165326
   3701.59595  9.696  9.638  9.659  9.683  9.700    0.050 0.085 0.045 0.043 0.057  B 168161
   3704.58802  9.633  9.597  9.602  9.622  9.640    0.037 0.089 0.044 0.036 0.040  D 168552
   3707.57176  9.756  9.800  9.746  9.755  9.763    0.032 0.077 0.039 0.031 0.034  A 168958
   3714.53902  9.769  9.802  9.773  9.767  9.773    0.030 0.058 0.031 0.028 0.034  A 169656
   3716.59128  9.738  9.735  9.713  9.735  9.746    0.029 0.036 0.027 0.024 0.033  A 169931
   3718.65598  9.736  9.725  9.721  9.727  9.743    0.038 0.036 0.030 0.031 0.045  A 170207
   3721.61951  9.673  9.674  9.646  9.662  9.685    0.039 0.080 0.042 0.036 0.044  A 170564
   3724.59729  9.703  9.819  9.730  9.700  9.714    0.038 0.086 0.042 0.036 0.041  A 170861
   3727.58154  9.704  9.689  9.699  9.701  9.712    0.041 0.041 0.034 0.036 0.046  A 171255
   3730.62870  9.667  9.662  9.681  9.667  9.671    0.039 0.036 0.032 0.034 0.044  A 171549
   3734.56587  9.679  9.638  9.678  9.680  9.682    0.037 0.042 0.030 0.030 0.045  A 172050
   3737.56045  9.693  9.629  9.687  9.692  9.697    0.036 0.080 0.039 0.034 0.039  A 172461
   3741.57713  9.671  9.628  9.664  9.662  9.675    0.033 0.053 0.032 0.030 0.035  A 173008
   3744.58545  9.721  9.641  9.712  9.712  9.730    0.030 0.045 0.029 0.027 0.034  A 173396
   3748.55964  9.673  9.630  9.647  9.660  9.679    0.044 0.068 0.039 0.037 0.050  A 173929
   3752.57103  9.686  9.719  9.691  9.688  9.683    0.042 0.038 0.034 0.035 0.050  A 174495
   3755.54396  9.733  9.697  9.735  9.729  9.736    0.033 0.044 0.029 0.027 0.038  A 174889
   3758.54152  9.657  9.664  9.643  9.651  9.664    0.028 0.040 0.023 0.024 0.031  A 175311
   3761.54569  9.712  9.756  9.717  9.708  9.717    0.041 0.044 0.033 0.035 0.048  A 175709
   3764.53113  9.705  9.679  9.692  9.695  9.708    0.039 0.049 0.028 0.032 0.046  A 176119
   3768.52305  9.722  9.674  9.691  9.709  9.727    0.043 0.072 0.039 0.037 0.050  A 176675
   3866.92001  9.686  9.700  9.681  9.685  9.689    0.030 0.037 0.025 0.025 0.033  A 189977
   3871.92376  9.689  9.702  9.687  9.689  9.694    0.034 0.042 0.028 0.028 0.040  A 190839
   3889.89263  9.659  9.696  9.649  9.655  9.663    0.029 0.046 0.031 0.026 0.031  A 193076
   3892.90796  9.688  9.656  9.681  9.683  9.690    0.024 0.042 0.028 0.022 0.027  A 193617
   3898.92579  9.642  9.607  9.634  9.635  9.646    0.033 0.063 0.032 0.028 0.037  A 194450
   3902.90398  9.638  9.613  9.629  9.631  9.642    0.029 0.037 0.029 0.026 0.034  A 195124
   3906.87955  9.628  9.595  9.623  9.623  9.631    0.028 0.041 0.027 0.024 0.031  A 195874
   3913.92766  9.663  9.658  9.655  9.654  9.669    0.035 0.058 0.033 0.033 0.038  A 197033
   4091.59391  9.637  9.641  9.625  9.632  9.641    0.038 0.090 0.044 0.037 0.041  D 209368
   4103.58249  9.692  9.647  9.678  9.681  9.696    0.039 0.074 0.043 0.036 0.045  A 210573
   4106.57508  9.661  9.626  9.667  9.660  9.661    0.032 0.049 0.031 0.030 0.035  A 210939
   4109.59365  9.669  9.598  9.644  9.661  9.672    0.033 0.086 0.039 0.032 0.035  A 211231
   4127.53615  9.748  9.732  9.726  9.744  9.751    0.050 0.039 0.044 0.047 0.053  B 211762
   4133.53662  9.705  9.673  9.690  9.699  9.708    0.041 0.039 0.031 0.033 0.048  A 212552
   4137.52057  9.668  9.615  9.647  9.658  9.671    0.039 0.061 0.037 0.035 0.044  A 213092
   4231.92543  9.708  9.617  9.699  9.707  9.708    0.085 0.061 0.065 0.075 0.090  D 223974
   4256.89643  9.667  9.679  9.673  9.668  9.672    0.039 0.036 0.035 0.033 0.046  A 227342
   4273.88792  9.676  9.660  9.699  9.679  9.671    0.038 0.045 0.038 0.034 0.041  A 228582
   4278.91045  9.656  9.652  9.652  9.649  9.659    0.034 0.037 0.031 0.031 0.039  A 229229
   4284.92115  9.626  9.623  9.596  9.608  9.628    0.029 0.044 0.034 0.027 0.032  A 229903
   4292.86115  9.644  9.638  9.635  9.644  9.650    0.038 0.076 0.049 0.039 0.040  A 230952
   4295.86012  9.627  9.641  9.597  9.621  9.627    0.031 0.036 0.035 0.030 0.033  A 231471
   4298.85082  9.682  9.673  9.715  9.678  9.685    0.045 0.045 0.041 0.038 0.053  A 232001
   4301.80757  9.649  9.619  9.647  9.645  9.652    0.032 0.058 0.041 0.032 0.036  A 232528
   4303.84870  9.634  9.605  9.634  9.621  9.619    0.031 0.045 0.036 0.028 0.033  A 232841
   4305.86308  9.621  9.629  9.616  9.615  9.630    0.028 0.039 0.032 0.025 0.030  A 233210
   4307.81107  9.638  9.613  9.606  9.626  9.645    0.028 0.059 0.034 0.027 0.031  A 233537
   4309.82354  9.690  9.672  9.676  9.684  9.692    0.053 0.047 0.049 0.051 0.056  B 233854
   4311.83446  9.656  9.651  9.634  9.642  9.651    0.048 0.048 0.043 0.043 0.052  A 234125
   4314.89540  9.675  9.710  9.674  9.676  9.690    0.048 0.057 0.047 0.045 0.050  B 234467
   4329.85306  9.626  9.645  9.635  9.638  9.632    0.038 0.048 0.040 0.035 0.041  A 235213
   4331.80846  9.631  9.654  9.626  9.626  9.622    0.076 0.067 0.072 0.072 0.081  D 235556
   4333.76776  9.655  9.628  9.657  9.652  9.660    0.030 0.042 0.035 0.029 0.032  A 235901
   4336.76699  9.718  9.678  9.700  9.704  9.731    0.070 0.058 0.057 0.061 0.078  D 236246
   4339.74174  9.722  9.682  9.672  9.700  9.745    0.099 0.081 0.079 0.087 0.106  D 236624
   4342.78631  9.648  9.661  9.612  9.637  9.651    0.052 0.048 0.047 0.046 0.058  B 237151
   4346.81947  9.656  9.600  9.673  9.660  9.663    0.051 0.064 0.051 0.049 0.053  B 237841
   4348.81995  9.624  9.596  9.661  9.624  9.630    0.036 0.057 0.039 0.034 0.040  A 238196
   4351.70396  9.687  9.700  9.664  9.676  9.704    0.046 0.043 0.039 0.040 0.054  A 238619
   4353.83351  9.699  9.696  9.672  9.687  9.706    0.027 0.050 0.033 0.025 0.030  A 238924
   4356.69892  9.689  9.682  9.728  9.686  9.685    0.028 0.035 0.029 0.025 0.033  A 239365
   4358.84053  9.623  9.644  9.587  9.620  9.632    0.033 0.040 0.037 0.033 0.035  A 239697
   4361.67972  9.666  9.639  9.653  9.663  9.666    0.032 0.050 0.037 0.030 0.034  A 240039
   4363.70595  9.684  9.694  9.694  9.682  9.683    0.025 0.032 0.032 0.024 0.027  A 240361
   4365.69576  9.675  9.679  9.659  9.675  9.677    0.028 0.033 0.032 0.025 0.032  A 240669
   4367.77510  9.693  9.634  9.704  9.687  9.696    0.038 0.049 0.040 0.034 0.044  A 240891
   4369.73517  9.694  9.680  9.684  9.684  9.695    0.040 0.046 0.043 0.041 0.048  A 241175
   4371.75679  9.702  9.687  9.675  9.691  9.709    0.035 0.051 0.033 0.030 0.040  A 241512
   4373.77313  9.693  9.708  9.683  9.687  9.690    0.033 0.054 0.037 0.031 0.038  A 241811
   4376.76542  9.641  9.672  9.603  9.637  9.648    0.039 0.042 0.036 0.034 0.045  A 242166
   4379.63965  9.670  9.658  9.656  9.666  9.671    0.027 0.041 0.031 0.025 0.032  A 242573
   4381.68860  9.655  9.678  9.668  9.654  9.659    0.039 0.045 0.036 0.035 0.043  A 242890
   4383.77836  9.645  9.667  9.617  9.639  9.653    0.041 0.052 0.041 0.038 0.044  A 243225
   4385.72666  9.646  9.642  9.641  9.638  9.654    0.027 0.059 0.036 0.026 0.029  A 243522
   4387.79087  9.678  9.644  9.698  9.675  9.674    0.027 0.041 0.032 0.025 0.028  A 243859
   4393.68164  9.683  9.655  9.679  9.679  9.684    0.050 0.071 0.046 0.042 0.059  B 244663
   4399.69332  9.678  9.688  9.680  9.677  9.681    0.039 0.042 0.036 0.034 0.048  A 244851
   4402.70051  9.686  9.658  9.678  9.680  9.690    0.034 0.045 0.037 0.031 0.038  A 245135
   4406.65145  9.690  9.672  9.688  9.685  9.690    0.032 0.050 0.036 0.029 0.035  A 245436
   4408.67880  9.685  9.675  9.694  9.683  9.688    0.027 0.035 0.028 0.024 0.031  A 245743
   4411.64785  9.652  9.712  9.650  9.655  9.658    0.045 0.074 0.046 0.043 0.044  A 246099
   4420.56394  9.699  9.639  9.689  9.686  9.708    0.041 0.057 0.041 0.037 0.046  A 246435
   4422.63666  9.699  9.678  9.678  9.686  9.707    0.029 0.052 0.033 0.027 0.033  A 246655
   4426.63296  9.667  9.667  9.630  9.658  9.666    0.049 0.079 0.047 0.043 0.057  B 246946
   4431.58401  9.692  9.656  9.698  9.690  9.692    0.030 0.039 0.031 0.027 0.036  A 247514
   4433.66401  9.704  9.720  9.697  9.694  9.711    0.038 0.057 0.036 0.033 0.045  A 247802
   4436.60202  9.660  9.603  9.663  9.658  9.662    0.031 0.063 0.036 0.029 0.033  A 248144
   4438.66939  9.638  9.663  9.633  9.637  9.647    0.039 0.047 0.036 0.035 0.043  A 248416
   4441.60078  9.678  9.770  9.681  9.679  9.681    0.039 0.130 0.047 0.038 0.040  D 248768
   4444.60649  9.660  9.635  9.669  9.657  9.666    0.034 0.062 0.040 0.033 0.037  A 249075
   4454.59892  9.663  9.674  9.663  9.660  9.669    0.052 0.056 0.041 0.046 0.059  B 250225
   4457.58583  9.709  9.668  9.708  9.708  9.717    0.048 0.053 0.041 0.041 0.057  B 250549
   4460.58454  9.654  9.617  9.665  9.650  9.659    0.030 0.039 0.030 0.025 0.035  A 250895
   4463.56545  9.705  9.718  9.674  9.696  9.709    0.029 0.051 0.037 0.026 0.032  A 251284
   4466.57076  9.680  9.646  9.677  9.674  9.688    0.037 0.039 0.033 0.032 0.042  A 251621
   4469.56163  9.668  9.668  9.644  9.659  9.672    0.032 0.039 0.031 0.028 0.037  A 251955
   4473.58839  9.649  9.609  9.638  9.641  9.657    0.045 0.060 0.040 0.040 0.047  A 252347
   4476.58338  9.706  9.633  9.706  9.702  9.713    0.043 0.065 0.042 0.040 0.047  A 252625
   4479.56095  9.720  9.722  9.716  9.718  9.728    0.103 0.082 0.095 0.099 0.107  D 252990
   4482.56604  9.652  9.652  9.626  9.646  9.659    0.039 0.060 0.038 0.034 0.044  A 253303
   4486.55034  9.652  9.619  9.657  9.650  9.658    0.039 0.043 0.035 0.034 0.046  A 253680
   4489.54627  9.696  9.695  9.669  9.686  9.708    0.036 0.052 0.035 0.030 0.041  A 254031
   4492.54210  9.668  9.642  9.662  9.658  9.669    0.045 0.059 0.047 0.044 0.045  A 254367
   4498.52690  9.720  9.694  9.711  9.716  9.729    0.029 0.038 0.030 0.025 0.033  A 254868
   4501.52631  9.639  9.592  9.608  9.629  9.649    0.051 0.075 0.046 0.044 0.063  B 255249
#dataset= 2 ; 2 F0032-24_199
#desig= 003545-2514.1
#cra=    0.595802  00:35:44.9
#cdec= -25.234970 -25:14:05.9
#class= 0
#cmag_0=  9.719
#cmer_0=  0.000
#nskip_0= 0
#cmag_1=  9.693
#cmer_1=  0.000
#nskip_1= 0
#cmag_2=  9.689
#cmer_2=  0.000
#nskip_2= 0
#cmag_3=  9.723
#cmer_3=  0.000
#nskip_3= 0
#cmag_4=  9.685
#cmer_4=  0.000
#nskip_4= 0
#ra=    0.595802  00:35:44.9
#dec= -25.234970 -25:14:05.9
#     HJD      MAG_3  MAG_0  MAG_1  MAG_2  MAG_4    MER_3 MER_0 MER_1 MER_2 MER_4 GRADE FRAME
   2250.60068  9.724  9.720  9.694  9.690  9.686    0.044 0.053 0.044 0.035 0.040  A 42839
#ndata= 12
#dataset= 3 ; 1 F0104-24_200
#desig= 003544-2514.0
#cra=    0.595497  00:35:43.8
#cdec= -25.234022 -25:14:02.5
#class= 0
#cmag_0=  9.665
#cmer_0=  0.041
#nskip_0= 0
#cmag_1=  9.679
#cmer_1=  0.028
#nskip_1= 0
#cmag_2=  9.690
#cmer_2=  0.024
#nskip_2= 0
#cmag_3=  9.687
#cmer_3=  0.023
#nskip_3= 0
#cmag_4=  9.696
#cmer_4=  0.025
#nskip_4= 0
#ra=    0.595497  00:35:43.8
#dec= -25.234022 -25:14:02.5
#     HJD      MAG_3  MAG_0  MAG_1  MAG_2  MAG_4    MER_3 MER_0 MER_1 MER_2 MER_4 GRADE FRAME
   2143.76137  9.642  9.610  9.638  9.650  9.648    0.030 0.051 0.033 0.028 0.034  A 30853
   2468.90863  9.680  9.688  9.670  9.692  9.689    0.037 0.038 0.039 0.033 0.038  A 11831
   2470.83460  9.692  9.687  9.697  9.692  9.688    0.034 0.032 0.035 0.029 0.028  A 12082
   2473.81152  9.669  9.689  9.673  9.686  9.686    0.039 0.038 0.039 0.033 0.032  A 12759
   2486.80020  9.699  9.707  9.707  9.687  9.720    0.040 0.047 0.041 0.035 0.043  A 13394
   2490.80827  9.726  9.740  9.738  9.742  9.741    0.042 0.041 0.040 0.036 0.036  A 14140
   2628.62531  9.684  9.738  9.662  9.680  9.697    0.031 0.056 0.046 0.029 0.034  A 30716
   2834.85966  9.692  9.628  9.697  9.692  9.706    0.054 0.049 0.050 0.048 0.062  B 63430
   2886.83121  9.630  9.606  9.625  9.629  9.639    0.026 0.030 0.031 0.025 0.028  A 70319
   3177.93700  9.631  9.597  9.640  9.643  9.627    0.066 0.057 0.057 0.056 0.074  D 107000
   3366.58440  9.678  9.657  9.666  9.680  9.695    0.038 0.052 0.035 0.032 0.043  A 125154
   3374.59071  9.709  9.664  9.696  9.715  9.709    0.047 0.058 0.040 0.040 0.054  A 125406
