#ndata= 344
#dataset= 1 ; 1 F0032-24_199
#desig= 003543-2140.9
#cra=    0.595156  00:35:42.6
#cdec= -21.682142 -21:40:55.7
#class= 0
#cmag_0= 13.934
#cmer_0=  0.332
#nskip_0= 0
#cmag_1= 13.941
#cmer_1=  0.350
#nskip_1= 0
#cmag_2= 13.942
#cmer_2=  0.362
#nskip_2= 0
#cmag_3= 13.934
#cmer_3=  0.383
#nskip_3= 2
#cmag_4= 13.959
#cmer_4=  0.436
#nskip_4= 3
#ra=    0.595156  00:35:42.6
#dec= -21.682142 -21:40:55.7
#     HJD      MAG_0  MAG_1  MAG_2  MAG_3  MAG_4    MER_0 MER_1 MER_2 MER_3 MER_4 GRADE FRAME
   1868.55132 14.188 14.111 14.125 14.197 14.196    0.058 0.026 0.021 0.023 0.025  A 43
   1869.54698 14.189 14.211 14.261 14.308 14.372    0.053 0.022 0.020 0.023 0.025  A 203
   1871.59516 14.169 14.142 14.096 14.046 13.913    0.070 0.028 0.022 0.024 0.027  A 501
   1875.56208 14.153 14.186 14.181 14.196 14.181    0.062 0.024 0.021 0.023 0.024  A 1132
   1877.56744 13.730 13.706 13.733 13.733 13.750    0.044 0.023 0.019 0.021 0.023  A 1456
   1886.58195 29.999 29.999 29.999 29.999 29.999    0.040 0.027 0.022 0.026 0.028  C 2559
   1888.59100 29.999 29.999 29.999 29.999 29.999    0.057 0.027 0.025 0.027 0.031  C 2883
   1900.60561 13.562 13.560 13.449 13.279 13.290    0.047 0.028 0.021 0.024 0.026  A 3339
   1904.53408 13.660 13.578 13.572 13.580 13.617    0.053 0.023 0.020 0.022 0.025  A 3784
   1907.55342 29.999 29.999 29.999 29.999 29.999    0.041 0.024 0.019 0.020 0.022  C 4276
   1920.54420 14.077 14.073 14.061 14.034 14.205    0.043 0.025 0.019 0.021 0.023  A 5423
   2031.92253 14.235 14.237 14.162 14.163 14.358    0.049 0.026 0.025 0.028 0.032  A 18140
   2034.91785 13.842 13.758 13.615 13.442 13.501    0.045 0.027 0.024 0.026 0.030  A 18777
   2039.89825 13.378 13.363 13.395 13.469 13.664    0.070 0.032 0.031 0.034 0.035  A 19350
   2053.86980 13.940 13.913 13.860 13.838 13.918    0.057 0.027 0.024 0.027 0.030  A 20125
   2054.94515 29.999 29.999 29.999 29.999 29.999    0.076 0.041 0.044 0.055 0.062  C 20383
   2056.90302 14.125 14.023 13.917 13.803 13.767    0.072 0.030 0.025 0.028 0.031  A 20813
   2067.85616 14.452 14.328 14.391 14.475 14.399    0.066 0.033 0.028 0.030 0.034  A 21945
   2068.85902 14.347 14.387 14.310 14.106 14.213    0.070 0.033 0.030 0.034 0.039  A 22172
   2069.85644 14.082 14.051 13.901 13.729 13.683    0.076 0.037 0.030 0.033 0.035  A 22394
   2070.86036 13.815 13.702 13.631 13.569 13.514    0.067 0.031 0.025 0.027 0.030  A 22615
   2080.85939 13.472 13.514 13.607 13.736 13.849    0.061 0.028 0.023 0.025 0.027  A 22995
   2082.90620 14.248 14.365 14.413 14.394 14.469    0.055 0.027 0.021 0.023 0.026  A 23481
   2085.90750 13.557 13.545 13.547 13.537 13.598    0.043 0.026 0.022 0.024 0.028  A 23936
   2087.86237 14.230 14.238 14.271 14.465 14.733    0.059 0.029 0.027 0.030 0.036  A 24361
   2088.92092 13.998 13.909 13.846 13.841 13.766    0.064 0.027 0.023 0.025 0.027  A 24615
   2093.88251 13.781 13.678 13.692 13.763 13.691    0.042 0.024 0.022 0.024 0.027  A 24881
   2103.91330 13.846 13.863 13.901 13.777 13.767    0.034 0.035 0.026 0.026 0.028  A 25927
   2104.84827 29.999 29.999 29.999 29.999 29.999    0.047 0.026 0.021 0.022 0.025  C 26099
   2105.83289 14.187 14.062 13.961 13.892 14.057    0.047 0.023 0.020 0.024 0.026  A 26315
   2106.85230 14.238 14.124 14.018 13.959 13.915    0.058 0.026 0.021 0.024 0.026  A 26526
   2113.85382 29.999 29.999 29.999 29.999 29.999    0.042 0.026 0.021 0.022 0.024  C 26642
   2115.76299 13.663 13.601 13.619 13.679 13.669    0.044 0.027 0.023 0.025 0.028  A 26919
   2116.80096 13.538 13.520 13.526 13.557 13.565    0.046 0.027 0.022 0.024 0.027  A 27158
   2117.80195 14.407 14.578 14.851 15.299 15.651    0.049 0.027 0.022 0.024 0.025  A 27377
   2130.84268 13.398 13.364 13.397 13.370 13.307    0.041 0.025 0.019 0.020 0.023  A 28458
   2131.76992 14.241 14.370 14.392 14.425 14.442    0.058 0.024 0.020 0.022 0.025  A 28627
   2132.77695 14.193 14.228 14.188 14.136 14.219    0.056 0.024 0.021 0.023 0.026  A 28842
   2133.76346 29.999 29.999 29.999 29.999 29.999    0.043 0.024 0.021 0.022 0.025  C 29052
   2134.76355 13.462 13.440 13.424 13.383 13.364    0.052 0.028 0.024 0.026 0.029  A 29266
   2136.76463 29.999 29.999 29.999 29.999 29.999    0.048 0.031 0.031 0.035 0.039  C 29695
   2140.77104 14.308 14.495 14.610 14.834 15.401    0.060 0.032 0.030 0.033 0.038  A 30240
   2141.74796 14.224 14.177 14.130 14.019 13.950    0.045 0.026 0.022 0.025 0.028  A 30442
   2144.73729 14.557 14.504 14.385 14.263 14.349    0.051 0.026 0.023 0.026 0.029  A 31047
   2151.69213 29.999 29.999 29.999 29.999 29.999    0.058 0.040 0.043 0.052 0.061  C 31409
   2442.86171 29.999 29.999 29.999 29.999 29.999    0.040 0.042 0.035 0.037 0.037  C 8584
   2465.85049 29.999 29.999 29.999 29.999 29.999    0.045 0.045 0.037 0.040 0.034  C 11152
   2467.83624 13.776 13.938 13.979 13.867 13.758    0.023 0.028 0.019 0.019 0.018  A 11583
   2468.90863 13.549 13.586 13.639 13.731 13.644    0.026 0.031 0.024 0.028 0.027  A 11831
   2470.81258 29.999 29.999 29.999 29.999 29.999    0.033 0.037 0.030 0.036 0.029  C 12072
   2471.89090 29.999 29.999 29.999 29.999 29.999    0.031 0.035 0.030 0.035 0.028  C 12585
   2473.81152 29.999 29.999 29.999 29.999 29.999    0.032 0.037 0.031 0.036 0.029  C 12759
   2486.80020 29.999 29.999 29.999 29.999 29.999    0.041 0.037 0.031 0.038 0.039  C 13394
   2490.80827 29.999 29.999 29.999 29.999 29.999    0.031 0.034 0.030 0.038 0.031  C 14140
   2495.72409 29.999 29.999 29.999 29.999 29.999    0.035 0.037 0.033 0.042 0.035  C 14838
   2498.76555 29.999 29.999 29.999 29.999 29.999    0.026 0.028 0.023 0.027 0.024  C 15492
   2499.76456 13.217 13.290 13.326 13.357 13.345    0.028 0.030 0.023 0.027 0.024  A 15701
   2501.76550 29.999 29.999 29.999 29.999 29.999    0.030 0.031 0.022 0.026 0.023  C 16064
   2502.75648 29.999 29.999 29.999 29.999 29.999    0.033 0.034 0.031 0.039 0.030  C 16272
   2503.75674 29.999 29.999 29.999 29.999 29.999    0.056 0.050 0.044 0.052 0.052  C 16476
   2520.69778 14.089 14.188 14.222 14.276 14.393    0.030 0.028 0.019 0.019 0.020  A 18225
   2526.78418 13.829 13.768 13.780 13.834 13.860    0.051 0.047 0.034 0.028 0.024  A 18904
   2529.68694 13.524 13.610 13.751 13.971 14.081    0.054 0.044 0.032 0.035 0.031  A 19097
   2544.83465 29.999 29.999 29.999 29.999 29.999    0.023 0.021 0.018 0.020 0.022  C 20065
   2548.66188 13.846 13.778 13.730 13.712 13.698    0.026 0.030 0.021 0.024 0.022  A 20602
   2556.71022 14.110 14.134 14.259 14.379 14.463    0.028 0.032 0.024 0.026 0.022  A 21721
   2559.68069 14.227 14.256 14.387 14.449 14.378    0.023 0.025 0.019 0.020 0.021  A 22245
   2561.65219 14.040 14.202 14.136 14.032 14.056    0.040 0.021 0.020 0.022 0.024  A 22559
   2562.65096 13.422 13.420 13.405 13.422 13.465    0.028 0.019 0.017 0.019 0.021  A 22739
   2625.62623 13.812 13.926 13.864 13.728 13.751    0.041 0.041 0.024 0.027 0.027  A 30409
   2635.57301 14.223 14.186 14.143 14.093 14.067    0.032 0.027 0.021 0.020 0.022  A 32200
   2637.59476 14.277 14.330 14.360 14.438 14.476    0.029 0.022 0.019 0.020 0.023  A 32501
   2639.59478 13.381 13.329 13.393 13.446 13.444    0.031 0.034 0.020 0.019 0.020  A 32809
   2643.59793 13.745 13.770 13.750 13.744 13.793    0.024 0.020 0.017 0.018 0.021  A 33405
   2649.54069 29.999 29.999 29.999 29.999 29.999    0.026 0.027 0.020 0.021 0.023  C 34086
   2653.57343 13.894 13.909 13.843 13.825 13.985    0.033 0.023 0.021 0.024 0.027  A 34717
   2661.55592 13.831 13.852 13.817 13.724 13.714    0.023 0.020 0.019 0.021 0.024  A 36077
   2663.55468 14.142 14.043 14.042 14.157 14.106    0.028 0.024 0.023 0.025 0.028  A 36415
   2671.52782 14.263 14.241 14.104 14.033 14.174    0.027 0.025 0.024 0.028 0.032  A 37715
   2676.52060 29.999 29.999 29.999 29.999 29.999    0.025 0.028 0.028 0.033 0.037  C 38585
   2786.89092 14.058 14.001 14.039 14.096 14.092    0.027 0.028 0.021 0.023 0.024  A 56676
   2813.83228 14.047 13.955 14.048 14.183 14.299    0.028 0.026 0.023 0.025 0.026  A 60495
   2819.93145 29.999 29.999 29.999 29.999 29.999    0.030 0.030 0.024 0.027 0.030  C 61415
   2829.93248 13.278 13.418 13.439 13.472 13.529    0.025 0.027 0.020 0.021 0.022  A 62410
   2843.83663 14.043 14.087 14.104 14.067 13.993    0.024 0.026 0.021 0.023 0.024  A 64995
   2851.87441 13.565 13.540 13.598 13.660 13.671    0.021 0.025 0.018 0.020 0.021  A 65541
   2854.75484 13.949 13.950 13.932 13.841 13.810    0.022 0.025 0.019 0.020 0.019  A 65931
   2859.77972 29.999 29.999 29.999 29.999 29.999    0.022 0.025 0.019 0.020 0.020  C 66600
   2875.81329 14.297 14.227 14.168 14.079 14.063    0.027 0.020 0.015 0.016 0.018  A 68625
   2883.77397 29.999 29.999 29.999 29.999 29.999    0.020 0.026 0.016 0.016 0.018  C 69677
   2885.70672 14.005 14.075 14.109 14.041 13.945    0.026 0.024 0.017 0.020 0.019  A 70054
   2886.81093 13.944 13.853 13.812 13.763 13.742    0.029 0.027 0.021 0.022 0.024  A 70310
   2896.70799 13.921 13.958 13.972 14.037 14.012    0.025 0.027 0.023 0.024 0.026  A 71500
   2905.75465 13.511 13.427 13.446 13.433 13.438    0.024 0.021 0.015 0.016 0.018  A 73029
   2908.69074 29.999 29.999 29.999 29.999 29.999    0.023 0.025 0.017 0.018 0.019  C 73432
   2910.72233 14.338 14.337 14.338 14.320 14.331    0.025 0.034 0.022 0.026 0.023  A 73758
   2916.75223 29.999 29.999 29.999 29.999 29.999    0.038 0.051 0.034 0.035 0.033  C 74625
   2924.74058 14.317 14.615 14.547 14.405 14.579    0.032 0.038 0.032 0.034 0.039  A 75669
   2927.67034 13.791 13.726 13.604 13.575 13.630    0.020 0.025 0.018 0.020 0.022  A 76015
   2931.68252 13.962 13.983 13.932 13.859 13.935    0.021 0.027 0.020 0.021 0.023  A 76737
   2937.67388 29.999 29.999 29.999 29.999 29.999    0.024 0.027 0.021 0.024 0.026  C 77718
   2940.70017 13.996 13.996 14.023 14.070 14.006    0.023 0.020 0.018 0.019 0.021  A 78028
   2942.62084 29.999 29.999 29.999 29.999 29.999    0.039 0.028 0.026 0.029 0.033  C 78194
   2943.66509 14.342 14.441 14.491 14.564 14.895    0.029 0.020 0.018 0.020 0.022  A 78373
   2944.77653 29.999 29.999 29.999 29.999 29.999    0.037 0.041 0.040 0.044 0.049  C 78585
   2949.59927 13.708 13.635 13.626 13.599 13.475    0.042 0.041 0.045 0.049 0.053  B 79267
   2950.73448 29.999 29.999 29.999 29.999 29.999    0.025 0.027 0.027 0.033 0.040  C 79483
   2953.56081 29.999 29.999 29.999 29.999 29.999    0.034 0.028 0.027 0.030 0.036  C 79801
   2963.59269 13.661 13.615 13.579 13.555 13.606    0.023 0.023 0.019 0.022 0.025  A 81182
   2967.60322 14.102 14.118 14.107 14.009 14.031    0.062 0.062 0.061 0.062 0.064  D 81754
   2969.58384 29.999 29.999 29.999 29.999 29.999    0.027 0.024 0.022 0.024 0.026  C 82029
   2971.60882 13.903 13.877 13.871 13.814 13.706    0.026 0.022 0.020 0.023 0.026  A 82234
   2978.58586 14.236 14.305 14.265 14.185 14.358    0.025 0.023 0.022 0.025 0.029  A 83108
   2980.61991 29.999 29.999 29.999 29.999 29.999    0.026 0.024 0.026 0.030 0.035  C 83370
   2982.62909 13.536 13.568 13.834 14.329 14.360    0.033 0.034 0.037 0.047 0.058  B 83647
   2984.62792 14.195 14.236 14.288 14.314 14.149    0.030 0.026 0.023 0.027 0.029  A 83903
   2989.61361 13.962 13.997 13.997 14.048 14.171    0.027 0.022 0.020 0.023 0.025  A 84514
   2991.62995 13.528 13.556 13.607 13.584 13.739    0.025 0.023 0.021 0.024 0.028  A 84777
   2994.59241 14.092 14.096 14.023 14.001 14.053    0.025 0.022 0.020 0.020 0.024  A 85165
   2996.63299 14.389 14.529 14.659 14.683 14.772    0.025 0.025 0.022 0.024 0.028  A 85443
   3006.56906 14.111 14.083 14.002 13.817 14.032    0.027 0.024 0.023 0.027 0.031  A 86562
   3008.60268 13.986 14.000 14.049 14.068 14.082    0.030 0.028 0.030 0.038 0.045  A 86829
   3011.57598 13.961 14.021 14.068 14.034 14.058    0.029 0.030 0.031 0.038 0.043  A 87225
   3017.57367 13.770 13.718 13.755 13.842 13.897    0.023 0.024 0.022 0.025 0.027  A 87851
   3019.57781 29.999 29.999 29.999 29.999 29.999    0.023 0.024 0.022 0.025 0.028  C 88118
   3025.54693 29.999 29.999 29.999 29.999 29.999    0.025 0.023 0.022 0.024 0.027  C 88393
   3157.91936 13.901 13.860 13.772 13.655 13.661    0.053 0.051 0.050 0.053 0.057  B 104324
   3177.93700 29.999 29.999 29.999 29.999 29.999    0.053 0.054 0.053 0.061 0.070  D 107000
   3180.90318 13.499 13.582 13.684 13.768 13.789    0.027 0.024 0.021 0.023 0.025  A 107433
   3194.92617 13.610 13.616 13.563 13.480 13.463    0.040 0.033 0.025 0.027 0.032  A 109158
   3281.75974 29.999 29.999 29.999 29.999 29.999    0.064 0.076 0.080 0.083 0.088  D 117229
   3291.82450 14.447 14.472 14.497 14.594 15.111    0.038 0.033 0.023 0.024 0.025  A 118200
   3295.60526 14.125 14.097 14.182 14.176 14.048    0.055 0.058 0.054 0.056 0.057  D 118514
   3298.63530 29.999 29.999 29.999 29.999 29.999    0.044 0.029 0.021 0.024 0.027  C 118802
   3326.57149 14.348 14.273 14.135 14.078 14.095    0.056 0.034 0.032 0.033 0.036  A 121087
   3358.60222 14.176 14.163 14.147 14.195 14.272    0.072 0.042 0.037 0.039 0.041  A 124688
   3388.56373 29.999 29.999 29.999 29.999 29.999    0.081 0.043 0.035 0.037 0.040  C 126423
   3396.54077 29.999 29.999 29.999 29.999 29.999    0.059 0.050 0.054 0.068 0.083  D 127345
   3403.52843 14.573 14.543 14.351 14.103 13.947    0.034 0.022 0.024 0.029 0.034  A 128212
   3406.52651 14.163 14.144 14.044 13.902 13.694    0.050 0.031 0.027 0.030 0.033  A 128681
   3511.92522 29.999 29.999 29.999 29.999 29.999    0.037 0.024 0.021 0.022 0.026  C 143770
   3523.89701 29.999 29.999 29.999 29.999 29.999    0.069 0.047 0.047 0.051 0.051  C 145277
   3541.89261 13.799 13.927 13.951 13.917 13.966    0.048 0.028 0.025 0.029 0.033  A 147327
   3544.90534 29.999 29.999 29.999 29.999 29.999    0.072 0.037 0.033 0.037 0.040  C 147790
   3552.88077 29.999 29.999 29.999 29.999 29.999    0.036 0.029 0.029 0.034 0.038  C 148549
   3555.88234 29.999 29.999 29.999 29.999 29.999    0.055 0.031 0.026 0.028 0.032  C 149006
   3559.88277 13.431 13.574 13.797 14.222 15.180    0.047 0.040 0.045 0.056 0.068  B 149489
   3562.86525 14.139 14.090 14.061 14.130 14.270    0.048 0.031 0.027 0.029 0.031  A 149981
   3569.89653 29.999 29.999 29.999 29.999 29.999    0.038 0.033 0.024 0.027 0.030  C 150661
   3569.92126 29.999 29.999 29.999 29.999 29.999    0.036 0.030 0.024 0.026 0.029  C 150670
   3572.83845 13.560 13.637 13.590 13.576 13.662    0.031 0.030 0.025 0.029 0.032  A 151017
   3577.88064 13.629 13.509 13.474 13.428 13.375    0.072 0.037 0.033 0.040 0.047  A 151886
   3581.90337 13.788 13.696 13.581 13.458 13.311    0.030 0.023 0.020 0.023 0.025  A 152540
   3584.79718 14.300 14.358 14.283 14.168 14.142    0.041 0.023 0.021 0.023 0.026  A 153059
   3587.78632 29.999 29.999 29.999 29.999 29.999    0.036 0.027 0.023 0.027 0.031  C 153574
   3597.79672 29.999 29.999 29.999 29.999 29.999    0.064 0.033 0.027 0.030 0.033  C 155182
   3600.86442 29.999 29.999 29.999 29.999 29.999    0.041 0.033 0.033 0.041 0.050  C 155463
   3617.75050 13.374 13.354 13.340 13.244 13.122    0.049 0.033 0.029 0.033 0.038  A 157171
   3622.75644 13.527 13.477 13.439 13.342 13.291    0.055 0.034 0.027 0.028 0.031  A 157942
   3625.76573 14.010 13.995 13.933 13.839 13.885    0.042 0.030 0.027 0.029 0.033  A 158209
   3628.72297 29.999 29.999 29.999 29.999 29.999    0.033 0.032 0.026 0.027 0.030  C 158478
   3631.84199 29.999 29.999 29.999 29.999 29.999    0.042 0.034 0.033 0.039 0.045  C 159022
   3636.80618 13.338 13.316 13.446 13.595 13.617    0.031 0.033 0.030 0.034 0.037  A 159638
   3639.65818 13.456 13.386 13.351 13.337 13.290    0.044 0.034 0.029 0.032 0.035  A 159943
   3641.84444 13.847 13.804 13.780 13.734 13.842    0.040 0.029 0.025 0.026 0.029  A 160243
   3654.67273 14.332 14.408 14.490 14.759 16.342    0.055 0.030 0.028 0.032 0.036  A 161891
   3656.66074 14.351 14.500 14.505 14.448 14.479    0.060 0.032 0.027 0.030 0.034  A 162185
   3665.75649 29.999 29.999 29.999 29.999 29.999    0.063 0.033 0.028 0.030 0.034  C 163543
   3669.67037 13.956 13.992 14.101 14.228 14.324    0.030 0.027 0.021 0.022 0.024  A 163985
   3671.78892 13.841 13.811 13.886 14.095 14.215    0.039 0.033 0.028 0.032 0.035  A 164308
   3674.61045 13.744 13.657 13.605 13.559 13.474    0.070 0.034 0.028 0.029 0.031  A 164681
   3676.63330 14.403 14.379 14.386 14.341 14.193    0.065 0.031 0.024 0.026 0.029  A 164973
   3680.56409 14.147 13.997 13.941 13.990 14.028    0.032 0.022 0.020 0.022 0.025  A 165326
   3704.58802 14.222 14.261 14.199 14.130 14.481    0.089 0.044 0.036 0.037 0.040  D 168552
   3707.57176 13.355 13.325 13.342 13.385 13.345    0.077 0.039 0.031 0.032 0.034  A 168958
   3714.53902 14.075 14.120 14.110 14.075 14.262    0.058 0.031 0.028 0.030 0.034  A 169656
   3716.59128 13.724 13.670 13.719 13.780 13.813    0.036 0.027 0.024 0.029 0.033  A 169931
   3721.61951 13.503 13.628 13.802 13.959 14.091    0.080 0.042 0.036 0.039 0.044  A 170564
   3727.58154 14.268 14.124 13.957 13.879 13.799    0.041 0.034 0.036 0.041 0.046  A 171255
   3730.62870 14.094 14.279 14.691 15.802 99.999    0.036 0.032 0.034 0.039 0.044  C 171549
   3737.56045 13.978 13.958 13.998 14.006 14.044    0.080 0.039 0.034 0.036 0.039  A 172461
   3744.58545 13.816 13.917 14.034 14.043 14.169    0.045 0.029 0.027 0.030 0.034  A 173396
   3748.55964 13.458 13.561 13.709 13.941 14.275    0.068 0.039 0.037 0.044 0.050  A 173929
   3752.57103 13.942 14.116 14.154 14.035 13.757    0.038 0.034 0.035 0.042 0.050  A 174495
   3761.54569 13.876 13.824 13.784 13.717 13.522    0.044 0.033 0.035 0.041 0.048  A 175709
   3764.53113 14.198 14.103 13.993 13.935 13.685    0.049 0.028 0.032 0.039 0.046  A 176119
   3768.52305 14.450 14.480 14.625 15.369 16.771    0.072 0.039 0.037 0.043 0.050  A 176675
   3866.92001 29.999 29.999 29.999 29.999 29.999    0.037 0.025 0.025 0.030 0.033  C 189977
   3871.92376 29.999 29.999 29.999 29.999 29.999    0.042 0.028 0.028 0.034 0.040  C 190839
   3892.90796 13.533 13.510 13.436 13.338 13.255    0.042 0.028 0.022 0.024 0.027  A 193617
   3898.92579 29.999 29.999 29.999 29.999 29.999    0.063 0.032 0.028 0.033 0.037  C 194450
   3902.90398 29.999 29.999 29.999 29.999 29.999    0.037 0.029 0.026 0.029 0.034  C 195124
   3913.92766 14.613 14.791 14.913 14.969 15.280    0.058 0.033 0.033 0.035 0.038  A 197033
   4103.58249 29.999 29.999 29.999 29.999 29.999    0.074 0.043 0.036 0.039 0.045  C 210573
   4106.57508 14.411 14.286 14.227 14.186 14.445    0.049 0.031 0.030 0.032 0.035  A 210939
   4109.59365 13.467 13.563 13.586 13.506 13.398    0.086 0.039 0.032 0.033 0.035  A 211231
   4137.52057 13.908 13.928 14.003 13.950 13.936    0.061 0.037 0.035 0.039 0.044  A 213092
   4348.81995 13.550 13.543 13.525 13.561 13.667    0.057 0.039 0.034 0.036 0.040  A 238196
   4361.67972 14.147 14.192 14.251 14.263 14.426    0.050 0.037 0.030 0.032 0.034  A 240039
   4365.69576 13.498 13.642 13.787 14.024 14.434    0.033 0.032 0.025 0.028 0.032  A 240669
   4402.70051 13.497 13.571 13.579 13.565 13.530    0.045 0.037 0.031 0.034 0.038  A 245135
   4406.65145 13.632 13.450 13.402 13.370 13.269    0.050 0.036 0.029 0.032 0.035  A 245436
   4438.66939 13.626 13.660 13.610 13.552 13.565    0.047 0.036 0.035 0.039 0.043  A 248416
   4441.60078 14.186 14.118 14.229 14.338 14.247    0.130 0.047 0.038 0.039 0.040  D 248768
   4444.60649 13.928 13.950 13.904 13.852 13.773    0.062 0.040 0.033 0.034 0.037  A 249075
   4460.58454 13.360 13.392 13.388 13.314 13.300    0.039 0.030 0.025 0.030 0.035  A 250895
   4463.56545 14.307 14.499 14.628 14.743 14.723    0.051 0.037 0.026 0.029 0.032  A 251284
   4473.58839 13.937 13.929 13.810 13.728 13.819    0.060 0.040 0.040 0.045 0.047  A 252347
#dataset= 1 ; 2 F0032-24_199
#desig= 003544-2140.9
#cra=    0.595550  00:35:44.0
#cdec= -21.682439 -21:40:56.8
#class= 0
#cmag_0= 14.080
#cmer_0=  0.464
#nskip_0= 0
#cmag_1= 14.105
#cmer_1=  0.499
#nskip_1= 0
#cmag_2= 14.086
#cmer_2=  0.496
#nskip_2= 0
#cmag_3= 14.035
#cmer_3=  0.501
#nskip_3= 0
#cmag_4= 14.038
#cmer_4=  0.579
#nskip_4= 0
#ra=    0.595550  00:35:44.0
#dec= -21.682439 -21:40:56.8
#     HJD      MAG_0  MAG_1  MAG_2  MAG_3  MAG_4    MER_0 MER_1 MER_2 MER_3 MER_4 GRADE FRAME
   1873.57442 29.999 29.999 29.999 29.999 29.999    0.070 0.029 0.023 0.025 0.027  C 815
   1879.55024 14.342 14.295 14.218 14.095 14.105    0.043 0.023 0.020 0.022 0.024  A 1762
   1915.53329 29.999 29.999 29.999 29.999 29.999    0.044 0.026 0.023 0.024 0.027  C 4885
   1924.52826 29.999 29.999 29.999 29.999 29.999    0.044 0.029 0.025 0.028 0.031  C 6062
   2094.82337 29.999 29.999 29.999 29.999 29.999    0.051 0.028 0.024 0.026 0.030  C 25080
   2135.76661 29.999 29.999 29.999 29.999 29.999    0.057 0.036 0.035 0.039 0.046  C 29482
   2145.73525 14.259 14.218 14.153 14.024 13.939    0.042 0.025 0.021 0.023 0.027  A 31250
   2446.84913 29.999 29.999 29.999 29.999 29.999    0.034 0.035 0.024 0.023 0.023  C 9348
   2466.87883 29.999 29.999 29.999 29.999 29.999    0.031 0.034 0.022 0.022 0.020  C 11383
   2489.76798 29.999 29.999 29.999 29.999 29.999    0.032 0.034 0.027 0.033 0.033  C 13904
   2493.78413 29.999 29.999 29.999 29.999 29.999    0.046 0.045 0.040 0.045 0.040  C 14537
   2496.76918 29.999 29.999 29.999 29.999 29.999    0.035 0.038 0.032 0.036 0.033  C 15068
   2539.79744 29.999 29.999 29.999 29.999 29.999    0.085 0.066 0.060 0.071 0.073  D 19587
   2540.84870 29.999 29.999 29.999 29.999 29.999    0.044 0.024 0.024 0.029 0.032  C 19799
   2553.60709 29.999 29.999 29.999 29.999 29.999    0.056 0.043 0.030 0.025 0.023  C 21311
   2554.69033 29.999 29.999 29.999 29.999 29.999    0.043 0.034 0.028 0.037 0.039  C 21530
   2560.67025 29.999 29.999 29.999 29.999 29.999    0.026 0.026 0.023 0.024 0.025  C 22419
   2568.54834 29.999 29.999 29.999 29.999 29.999    0.055 0.055 0.048 0.045 0.042  C 23563
   2578.69110 29.999 29.999 29.999 29.999 29.999    0.031 0.033 0.022 0.023 0.021  C 24968
   2623.59276 29.999 29.999 29.999 29.999 29.999    0.040 0.032 0.024 0.025 0.027  C 30112
   2628.62531 29.999 29.999 29.999 29.999 29.999    0.057 0.050 0.031 0.033 0.036  C 30716
   2641.60200 14.185 14.176 14.109 14.120 14.131    0.030 0.028 0.018 0.020 0.022  A 33095
   2651.55526 13.702 13.684 13.680 13.632 13.581    0.035 0.039 0.023 0.025 0.027  A 34402
   2657.54107 29.999 29.999 29.999 29.999 29.999    0.033 0.040 0.025 0.027 0.029  C 35386
   2659.55912 29.999 29.999 29.999 29.999 29.999    0.024 0.023 0.021 0.024 0.027  C 35736
   2668.53858 29.999 29.999 29.999 29.999 29.999    0.030 0.034 0.028 0.032 0.035  C 37233
   2764.92127 29.999 29.999 29.999 29.999 29.999    0.027 0.027 0.028 0.032 0.038  C 54370
   2809.86086 29.999 29.999 29.999 29.999 29.999    0.026 0.036 0.026 0.033 0.031  C 59599
   2831.84826 29.999 29.999 29.999 29.999 29.999    0.024 0.027 0.020 0.023 0.026  C 62820
   2836.87021 29.999 29.999 29.999 29.999 29.999    0.038 0.039 0.037 0.043 0.050  C 63773
   2840.89582 29.999 29.999 29.999 29.999 29.999    0.025 0.029 0.022 0.026 0.028  C 64440
   2861.76018 29.999 29.999 29.999 29.999 29.999    0.024 0.031 0.025 0.030 0.034  C 67013
   2867.82516 29.999 29.999 29.999 29.999 29.999    0.032 0.025 0.020 0.021 0.023  C 67840
   2872.80472 29.999 29.999 29.999 29.999 29.999    0.023 0.023 0.016 0.018 0.019  C 68230
   2877.77358 29.999 29.999 29.999 29.999 29.999    0.022 0.021 0.016 0.018 0.019  C 69005
   2880.74254 29.999 29.999 29.999 29.999 29.999    0.025 0.024 0.019 0.021 0.023  C 69408
   2894.75137 29.999 29.999 29.999 29.999 29.999    0.028 0.028 0.023 0.025 0.028  C 71122
   2898.70243 29.999 29.999 29.999 29.999 29.999    0.044 0.019 0.018 0.019 0.021  C 71896
   2903.77868 29.999 29.999 29.999 29.999 29.999    0.023 0.025 0.018 0.019 0.020  C 72724
   2915.66246 29.999 29.999 29.999 29.999 29.999    0.026 0.023 0.018 0.019 0.020  C 74394
   2922.67518 29.999 29.999 29.999 29.999 29.999    0.026 0.029 0.025 0.029 0.032  C 75284
   2929.67628 29.999 29.999 29.999 29.999 29.999    0.024 0.027 0.020 0.023 0.023  C 76374
   2933.67224 29.999 29.999 29.999 29.999 29.999    0.023 0.030 0.021 0.022 0.024  C 77087
   2935.66700 29.999 29.999 29.999 29.999 29.999    0.023 0.034 0.022 0.026 0.024  C 77445
   2955.57480 29.999 29.999 29.999 29.999 29.999    0.023 0.027 0.019 0.021 0.025  C 80062
   2957.58122 29.999 29.999 29.999 29.999 29.999    0.034 0.034 0.031 0.035 0.042  C 80353
   2959.58084 29.999 29.999 29.999 29.999 29.999    0.035 0.032 0.033 0.039 0.044  C 80643
   2961.57621 29.999 29.999 29.999 29.999 29.999    0.029 0.021 0.019 0.021 0.023  C 80897
   2965.61286 29.999 29.999 29.999 29.999 29.999    0.031 0.031 0.030 0.037 0.045  C 81476
   2976.54617 29.999 29.999 29.999 29.999 29.999    0.024 0.026 0.020 0.023 0.027  C 82815
   2998.62410 29.999 29.999 29.999 29.999 29.999    0.024 0.023 0.020 0.024 0.026  C 85715
   3013.58634 29.999 29.999 29.999 29.999 29.999    0.031 0.026 0.026 0.031 0.036  C 87493
   3163.91547 29.999 29.999 29.999 29.999 29.999    0.029 0.027 0.024 0.028 0.033  C 105118
   3168.90872 29.999 29.999 29.999 29.999 29.999    0.030 0.030 0.031 0.037 0.044  C 105844
   3185.87352 29.999 29.999 29.999 29.999 29.999    0.032 0.029 0.028 0.032 0.037  C 108014
   3189.89297 29.999 29.999 29.999 29.999 29.999    0.036 0.034 0.035 0.042 0.048  C 108515
   3276.79613 29.999 29.999 29.999 29.999 29.999    0.052 0.037 0.035 0.041 0.047  C 116618
   3279.64875 29.999 29.999 29.999 29.999 29.999    0.053 0.033 0.026 0.028 0.031  C 116971
   3590.79659 13.835 13.823 13.768 13.690 13.683    0.035 0.024 0.021 0.023 0.025  A 154066
   3595.78964 29.999 29.999 29.999 29.999 29.999    0.070 0.053 0.059 0.074 0.088  D 154871
   3620.70432 14.184 14.182 14.182 14.242 14.520    0.081 0.043 0.037 0.040 0.044  A 157610
   3634.67808 29.999 29.999 29.999 29.999 29.999    0.038 0.029 0.028 0.034 0.040  C 159387
   3644.65409 29.999 29.999 29.999 29.999 29.999    0.072 0.039 0.037 0.043 0.049  C 160612
   3647.83422 14.211 14.277 14.273 14.384 14.444    0.026 0.027 0.021 0.023 0.024  A 160940
   3650.62707 29.999 29.999 29.999 29.999 29.999    0.029 0.024 0.021 0.022 0.025  C 161306
   3652.67408 29.999 29.999 29.999 29.999 29.999    0.051 0.032 0.028 0.032 0.035  C 161615
   3659.65837 29.999 29.999 29.999 29.999 29.999    0.035 0.028 0.028 0.031 0.038  C 162638
   3661.69001 29.999 29.999 29.999 29.999 29.999    0.039 0.030 0.028 0.032 0.037  C 162952
   3663.70313 29.999 29.999 29.999 29.999 29.999    0.068 0.039 0.032 0.035 0.039  C 163234
   3701.59595 29.999 29.999 29.999 29.999 29.999    0.085 0.045 0.043 0.050 0.057  C 168161
   3718.65598 29.999 29.999 29.999 29.999 29.999    0.036 0.030 0.031 0.038 0.045  C 170207
   3724.59729 14.322 14.346 14.173 13.904 13.828    0.086 0.042 0.036 0.038 0.041  A 170861
   3734.56587 29.999 29.999 29.999 29.999 29.999    0.042 0.030 0.030 0.037 0.045  C 172050
   3741.57713 29.999 29.999 29.999 29.999 29.999    0.053 0.032 0.030 0.033 0.035  C 173008
   3755.54396 29.999 29.999 29.999 29.999 29.999    0.044 0.029 0.027 0.033 0.038  C 174889
   3758.54152 29.999 29.999 29.999 29.999 29.999    0.040 0.023 0.024 0.028 0.031  C 175311
   3906.87955 13.559 13.561 13.504 13.497 13.492    0.041 0.027 0.024 0.028 0.031  A 195874
   4091.59391 14.088 14.118 14.049 13.924 13.658    0.090 0.044 0.037 0.038 0.041  D 209368
   4127.53615 29.999 29.999 29.999 29.999 29.999    0.039 0.044 0.047 0.050 0.053  C 211762
   4133.53662 29.999 29.999 29.999 29.999 29.999    0.039 0.031 0.033 0.041 0.048  C 212552
   4273.88792 29.999 29.999 29.999 29.999 29.999    0.045 0.038 0.034 0.038 0.041  C 228582
   4278.91045 14.311 14.420 14.665 15.003 15.403    0.037 0.031 0.031 0.034 0.039  A 229229
   4284.92115 29.999 29.999 29.999 29.999 29.999    0.044 0.034 0.027 0.029 0.032  C 229903
   4292.86115 29.999 29.999 29.999 29.999 29.999    0.076 0.049 0.039 0.038 0.040  C 230952
   4295.86012 29.999 29.999 29.999 29.999 29.999    0.036 0.035 0.030 0.031 0.033  C 231471
   4298.85082 29.999 29.999 29.999 29.999 29.999    0.045 0.041 0.038 0.045 0.053  C 232001
   4301.80757 14.072 14.278 14.452 14.368 14.203    0.058 0.041 0.032 0.032 0.036  A 232528
   4305.86308 29.999 29.999 29.999 29.999 29.999    0.039 0.032 0.025 0.028 0.030  C 233210
   4307.81107 13.577 13.567 13.560 13.564 13.579    0.059 0.034 0.027 0.028 0.031  A 233537
   4309.82354 29.999 29.999 29.999 29.999 29.999    0.047 0.049 0.051 0.053 0.056  C 233854
   4311.83446 29.999 29.999 29.999 29.999 29.999    0.048 0.043 0.043 0.048 0.052  C 234125
   4314.89540 29.999 29.999 29.999 29.999 29.999    0.057 0.047 0.045 0.048 0.050  C 234467
   4329.85306 29.999 29.999 29.999 29.999 29.999    0.048 0.040 0.035 0.038 0.041  C 235213
   4331.80846 29.999 29.999 29.999 29.999 29.999    0.067 0.072 0.072 0.076 0.081  D 235556
   4333.76776 29.999 29.999 29.999 29.999 29.999    0.042 0.035 0.029 0.030 0.032  C 235901
   4336.76699 29.999 29.999 29.999 29.999 29.999    0.058 0.057 0.061 0.070 0.078  D 236246
   4339.74174 29.999 29.999 29.999 29.999 29.999    0.081 0.079 0.087 0.099 0.106  D 236624
   4342.78631 29.999 29.999 29.999 29.999 29.999    0.048 0.047 0.046 0.052 0.058  C 237151
   4346.81947 29.999 29.999 29.999 29.999 29.999    0.064 0.051 0.049 0.051 0.053  C 237841
   4351.70396 29.999 29.999 29.999 29.999 29.999    0.043 0.039 0.040 0.046 0.054  C 238619
   4353.83351 29.999 29.999 29.999 29.999 29.999    0.050 0.033 0.025 0.027 0.030  C 238924
   4356.69892 29.999 29.999 29.999 29.999 29.999    0.035 0.029 0.025 0.028 0.033  C 239365
   4358.84053 29.999 29.999 29.999 29.999 29.999    0.040 0.037 0.033 0.033 0.035  C 239697
   4363.70595 29.999 29.999 29.999 29.999 29.999    0.032 0.032 0.024 0.025 0.027  C 240361
   4367.77510 29.999 29.999 29.999 29.999 29.999    0.049 0.040 0.034 0.038 0.044  C 240891
   4369.73517 29.999 29.999 29.999 29.999 29.999    0.046 0.043 0.041 0.040 0.048  C 241175
   4371.75679 29.999 29.999 29.999 29.999 29.999    0.051 0.033 0.030 0.035 0.040  C 241512
   4373.77313 29.999 29.999 29.999 29.999 29.999    0.054 0.037 0.031 0.033 0.038  C 241811
   4376.76542 29.999 29.999 29.999 29.999 29.999    0.042 0.036 0.034 0.039 0.045  C 242166
   4379.63965 29.999 29.999 29.999 29.999 29.999    0.041 0.031 0.025 0.027 0.032  C 242573
   4381.68860 29.999 29.999 29.999 29.999 29.999    0.045 0.036 0.035 0.039 0.043  C 242890
   4383.77836 29.999 29.999 29.999 29.999 29.999    0.052 0.041 0.038 0.041 0.044  C 243225
   4385.72666 29.999 29.999 29.999 29.999 29.999    0.059 0.036 0.026 0.027 0.029  C 243522
   4387.79087 29.999 29.999 29.999 29.999 29.999    0.041 0.032 0.025 0.027 0.028  C 243859
   4393.68164 29.999 29.999 29.999 29.999 29.999    0.071 0.046 0.042 0.050 0.059  C 244663
   4399.69332 29.999 29.999 29.999 29.999 29.999    0.042 0.036 0.034 0.039 0.048  C 244851
   4408.67880 29.999 29.999 29.999 29.999 29.999    0.035 0.028 0.024 0.027 0.031  C 245743
   4411.64785 29.999 29.999 29.999 29.999 29.999    0.074 0.046 0.043 0.045 0.044  C 246099
   4420.56394 29.999 29.999 29.999 29.999 29.999    0.057 0.041 0.037 0.041 0.046  C 246435
   4422.63666 29.999 29.999 29.999 29.999 29.999    0.052 0.033 0.027 0.029 0.033  C 246655
   4426.63296 29.999 29.999 29.999 29.999 29.999    0.079 0.047 0.043 0.049 0.057  C 246946
   4431.58401 29.999 29.999 29.999 29.999 29.999    0.039 0.031 0.027 0.030 0.036  C 247514
   4433.66401 29.999 29.999 29.999 29.999 29.999    0.057 0.036 0.033 0.038 0.045  C 247802
   4436.60202 29.999 29.999 29.999 29.999 29.999    0.063 0.036 0.029 0.031 0.033  C 248144
   4454.59892 29.999 29.999 29.999 29.999 29.999    0.056 0.041 0.046 0.052 0.059  C 250225
   4457.58583 29.999 29.999 29.999 29.999 29.999    0.053 0.041 0.041 0.048 0.057  C 250549
   4466.57076 29.999 29.999 29.999 29.999 29.999    0.039 0.033 0.032 0.037 0.042  C 251621
   4469.56163 29.999 29.999 29.999 29.999 29.999    0.039 0.031 0.028 0.032 0.037  C 251955
   4476.58338 29.999 29.999 29.999 29.999 29.999    0.065 0.042 0.040 0.043 0.047  C 252625
   4479.56095 14.099 14.143 14.161 14.117 14.032    0.082 0.095 0.099 0.103 0.107  D 252990
   4482.56604 29.999 29.999 29.999 29.999 29.999    0.060 0.038 0.034 0.039 0.044  C 253303
   4486.55034 29.999 29.999 29.999 29.999 29.999    0.043 0.035 0.034 0.039 0.046  C 253680
   4489.54627 29.999 29.999 29.999 29.999 29.999    0.052 0.035 0.030 0.036 0.041  C 254031
   4492.54210 29.999 29.999 29.999 29.999 29.999    0.059 0.047 0.044 0.045 0.045  C 254367
   4498.52690 29.999 29.999 29.999 29.999 29.999    0.038 0.030 0.025 0.029 0.033  C 254868
   4501.52631 29.999 29.999 29.999 29.999 29.999    0.075 0.046 0.044 0.051 0.063  C 255249
#ndata= 11
#dataset= 2 ; 1 F0104-24_200
#desig= 003543-2141.0
#cra=    0.595217  00:35:42.8
#cdec= -21.682622 -21:40:57.4
#class= 0
#cmag_0= 13.592
#cmer_0=  0.347
#nskip_0= 0
#cmag_1= 13.582
#cmer_1=  0.305
#nskip_1= 0
#cmag_2= 13.696
#cmer_2=  0.368
#nskip_2= 0
#cmag_3= 13.792
#cmer_3=  0.494
#nskip_3= 0
#cmag_4= 13.794
#cmer_4=  0.597
#nskip_4= 0
#ra=    0.595217  00:35:42.8
#dec= -21.682622 -21:40:57.4
#     HJD      MAG_0  MAG_1  MAG_2  MAG_3  MAG_4    MER_0 MER_1 MER_2 MER_3 MER_4 GRADE FRAME
   2143.76137 13.390 13.381 13.470 13.481 13.447    0.051 0.033 0.028 0.030 0.034  A 30853
   2468.90863 13.506 13.556 13.629 13.717 13.647    0.038 0.039 0.033 0.037 0.038  A 11831
   2470.83460 13.883 13.812 13.990 14.178 14.291    0.032 0.035 0.029 0.034 0.028  A 12082
   2473.81152 29.999 29.999 29.999 29.999 29.999    0.038 0.039 0.033 0.039 0.032  C 12759
   2486.80020 29.999 29.999 29.999 29.999 29.999    0.047 0.041 0.035 0.040 0.043  C 13394
   2490.80827 29.999 29.999 29.999 29.999 29.999    0.041 0.040 0.036 0.042 0.036  C 14140
   2628.62531 29.999 29.999 29.999 29.999 29.999    0.056 0.046 0.029 0.031 0.034  C 30716
   2834.85966 29.999 29.999 29.999 29.999 29.999    0.049 0.050 0.048 0.054 0.062  C 63430
   2886.83121 29.999 29.999 29.999 29.999 29.999    0.030 0.031 0.025 0.026 0.028  C 70319
   3177.93700 29.999 29.999 29.999 29.999 29.999    0.057 0.057 0.056 0.066 0.074  D 107000
   3367.59061 29.999 29.999 29.999 29.999 29.999    0.040 0.038 0.036 0.041 0.048  C 125246
#ndata= 80
#dataset= 3 ; 1 F0032-16_244
#desig= 003543-2141.0
#cra=    0.595254  00:35:42.9
#cdec= -21.683807 -21:41:01.7
#class= 0
#cmag_0= 13.948
#cmer_0=  0.342
#nskip_0= 0
#cmag_1= 13.938
#cmer_1=  0.364
#nskip_1= 0
#cmag_2= 13.956
#cmer_2=  0.370
#nskip_2= 0
#cmag_3= 13.935
#cmer_3=  0.404
#nskip_3= 0
#cmag_4= 13.963
#cmer_4=  0.442
#nskip_4= 0
#ra=    0.595254  00:35:42.9
#dec= -21.683807 -21:41:01.7
#     HJD      MAG_0  MAG_1  MAG_2  MAG_3  MAG_4    MER_0 MER_1 MER_2 MER_3 MER_4 GRADE FRAME
   1877.57007 29.999 29.999 29.999 29.999 29.999    0.045 0.026 0.021 0.024 0.028  C 1457
   1889.59169 29.999 29.999 29.999 29.999 29.999    0.045 0.030 0.025 0.028 0.034  C 3043
   2040.93749 29.999 29.999 29.999 29.999 29.999    0.078 0.044 0.047 0.056 0.067  C 19592
   2164.70271 29.999 29.999 29.999 29.999 29.999    0.044 0.033 0.027 0.027 0.031  C 31935
   2167.67772 14.381 14.329 14.425 14.516 14.401    0.055 0.030 0.025 0.028 0.032  A 32114
   2168.69861 14.264 14.360 14.449 14.680 15.120    0.046 0.027 0.023 0.026 0.029  A 32291
   2169.71025 13.833 13.815 13.786 13.795 13.859    0.043 0.031 0.025 0.027 0.029  A 32449
   2171.67435 14.307 14.295 14.397 14.438 14.558    0.050 0.030 0.025 0.027 0.030  A 32617
   2172.69536 14.109 13.974 13.854 13.685 13.585    0.045 0.031 0.025 0.029 0.033  A 32814
   2173.68085 14.165 14.201 14.277 14.383 14.582    0.054 0.031 0.025 0.028 0.030  A 32996
   2174.67640 13.562 13.672 13.642 13.667 13.735    0.046 0.031 0.027 0.031 0.035  A 33169
   2175.66784 29.999 29.999 29.999 29.999 29.999    0.044 0.040 0.029 0.029 0.033  C 33310
   2177.64624 14.038 14.076 14.185 14.186 14.364    0.053 0.033 0.027 0.030 0.034  A 33429
   2178.65551 13.749 13.695 13.602 13.456 13.370    0.032 0.031 0.025 0.027 0.030  A 33608
   2185.69611 29.999 29.999 29.999 29.999 29.999    0.043 0.036 0.030 0.035 0.038  C 34291
   2188.66823 13.347 13.299 13.325 13.379 13.374    0.043 0.034 0.026 0.028 0.029  A 34704
   2190.61910 14.131 14.113 14.154 14.240 14.128    0.044 0.032 0.024 0.027 0.030  A 34930
   2191.65732 14.096 14.024 14.011 14.020 14.049    0.047 0.032 0.024 0.026 0.029  A 35122
   2192.63842 13.413 13.396 13.378 13.352 13.463    0.046 0.029 0.023 0.025 0.028  A 35288
   2193.64175 14.313 14.134 14.081 14.065 14.152    0.043 0.030 0.024 0.026 0.029  A 35472
   2194.63970 29.999 29.999 29.999 29.999 29.999    0.042 0.031 0.024 0.025 0.028  C 35650
   2195.64175 14.108 14.030 14.089 14.241 14.286    0.046 0.033 0.027 0.028 0.031  A 35828
   2196.63636 13.770 13.737 13.715 13.739 13.977    0.045 0.032 0.027 0.030 0.034  A 35958
   2197.63601 13.672 13.708 13.748 13.779 13.919    0.043 0.031 0.024 0.027 0.029  A 36142
   2198.63037 14.339 14.315 14.264 14.171 14.178    0.045 0.033 0.026 0.027 0.029  A 36311
   2199.62428 14.109 14.059 14.035 13.939 14.144    0.048 0.036 0.027 0.028 0.029  A 36488
   2201.61978 13.541 13.554 13.534 13.439 13.468    0.045 0.033 0.026 0.027 0.029  A 36735
   2202.62728 29.999 29.999 29.999 29.999 29.999    0.052 0.041 0.036 0.038 0.041  C 36906
   2203.61233 14.241 14.044 13.884 13.755 13.757    0.052 0.038 0.032 0.034 0.038  A 37073
   2204.61025 29.999 29.999 29.999 29.999 29.999    0.048 0.035 0.027 0.029 0.032  C 37199
   2205.60835 29.999 29.999 29.999 29.999 29.999    0.077 0.070 0.068 0.075 0.086  D 37330
   2206.61356 13.860 13.892 13.941 13.972 13.744    0.046 0.035 0.027 0.030 0.031  A 37476
   2207.60563 14.212 14.284 14.250 14.209 14.275    0.047 0.039 0.028 0.030 0.031  A 37645
   2213.61593 29.999 29.999 29.999 29.999 29.999    0.047 0.037 0.030 0.035 0.037  C 38078
   2214.59809 13.377 13.352 13.355 13.352 13.494    0.045 0.040 0.032 0.035 0.036  A 38218
   2216.60043 14.367 14.354 14.241 14.123 14.263    0.048 0.040 0.031 0.037 0.035  A 38556
   2217.60230 29.999 29.999 29.999 29.999 29.999    0.046 0.040 0.032 0.036 0.035  C 38724
   2219.57317 13.540 13.572 13.548 13.492 13.405    0.046 0.040 0.031 0.035 0.033  A 38885
   2221.57856 14.267 14.217 14.213 14.133 14.123    0.045 0.035 0.028 0.032 0.031  A 39004
   2222.58557 14.134 13.991 13.867 13.754 13.724    0.043 0.036 0.030 0.036 0.034  A 39162
   2224.57610 13.838 13.862 13.810 13.812 13.942    0.047 0.041 0.032 0.036 0.033  A 39319
   2226.55611 14.065 14.157 14.191 14.072 14.015    0.044 0.037 0.030 0.037 0.033  A 39628
   2227.57509 14.080 13.975 13.971 13.965 14.045    0.042 0.036 0.028 0.033 0.032  A 39789
   2229.54839 29.999 29.999 29.999 29.999 29.999    0.045 0.039 0.032 0.035 0.034  C 40103
   2230.58306 14.117 14.119 14.252 14.424 14.611    0.049 0.039 0.032 0.039 0.038  A 40283
   2233.54425 14.202 14.349 14.533 14.851 15.098    0.043 0.037 0.030 0.035 0.034  A 40594
   2234.55216 14.100 14.091 13.933 13.869 13.882    0.050 0.044 0.035 0.042 0.040  A 40752
   2236.53428 14.075 14.097 14.179 14.157 14.277    0.047 0.040 0.033 0.038 0.036  A 41062
   2240.53904 29.999 29.999 29.999 29.999 29.999    0.047 0.043 0.035 0.042 0.040  C 41538
   2242.54868 13.739 13.692 13.741 13.733 13.665    0.052 0.045 0.038 0.046 0.046  A 41861
   2244.59444 29.999 29.999 29.999 29.999 29.999    0.061 0.048 0.040 0.047 0.049  C 42160
   2248.55816 29.999 29.999 29.999 29.999 29.999    0.056 0.042 0.034 0.043 0.044  C 42463
   2253.57697 29.999 29.999 29.999 29.999 29.999    0.054 0.042 0.035 0.042 0.041  C 43314
   2256.53240 29.999 29.999 29.999 29.999 29.999    0.055 0.045 0.040 0.047 0.045  C 43741
   2260.52652 13.533 13.609 13.554 13.543 13.627    0.075 0.056 0.047 0.059 0.062  B 44190
   2262.58668 29.999 29.999 29.999 29.999 29.999    0.066 0.055 0.046 0.052 0.052  C 44522
   2271.55863 29.999 29.999 29.999 29.999 29.999    0.078 0.065 0.055 0.060 0.060  D 45531
   3359.55198 13.874 13.732 13.566 13.421 13.424    0.037 0.026 0.026 0.029 0.033  A 124780
   3362.57491 29.999 29.999 29.999 29.999 29.999    0.044 0.030 0.028 0.033 0.038  C 124820
   3366.57536 29.999 29.999 29.999 29.999 29.999    0.078 0.049 0.051 0.058 0.062  C 125152
   3387.53490 13.592 13.495 13.438 13.400 13.360    0.043 0.032 0.031 0.035 0.041  A 126283
   3390.54946 14.098 14.088 13.997 13.823 13.663    0.045 0.029 0.030 0.034 0.041  A 126691
   3512.91066 29.999 29.999 29.999 29.999 29.999    0.068 0.038 0.037 0.041 0.049  C 143952
   3524.92068 29.999 29.999 29.999 29.999 29.999    0.058 0.046 0.049 0.055 0.062  C 145436
   3872.91368 29.999 29.999 29.999 29.999 29.999    0.053 0.039 0.044 0.053 0.062  C 191027
   3889.90598 29.999 29.999 29.999 29.999 29.999    0.040 0.032 0.028 0.031 0.035  C 193080
   3893.89422 29.999 29.999 29.999 29.999 29.999    0.034 0.027 0.025 0.028 0.031  C 193797
   4256.90684 29.999 29.999 29.999 29.999 29.999    0.042 0.036 0.037 0.043 0.053  C 227346
   4273.90831 29.999 29.999 29.999 29.999 29.999    0.042 0.041 0.035 0.035 0.036  C 228589
   4285.86430 29.999 29.999 29.999 29.999 29.999    0.054 0.047 0.048 0.053 0.059  C 230059
   4289.94106 29.999 29.999 29.999 29.999 29.999    0.053 0.042 0.037 0.043 0.049  C 230445
   4292.86581 29.999 29.999 29.999 29.999 29.999    0.063 0.055 0.048 0.049 0.052  C 230954
   4295.86562 14.159 14.221 14.241 14.224 14.083    0.055 0.037 0.030 0.033 0.036  A 231473
   4298.85302 13.276 13.129 13.035 12.998 12.972    0.058 0.054 0.055 0.062 0.071  B 232002
   4303.85096 29.999 29.999 29.999 29.999 29.999    0.062 0.058 0.053 0.054 0.057  D 232842
   4311.83943 13.997 14.112 13.985 13.789 13.739    0.052 0.038 0.030 0.032 0.037  A 234127
   4319.85353 13.736 13.678 13.688 13.722 13.850    0.043 0.035 0.029 0.031 0.037  A 235058
   4330.72670 14.603 14.912 14.972 14.807 14.475    0.061 0.052 0.049 0.050 0.052  B 235344
   4334.73844 13.522 13.386 13.369 13.320 13.313    0.054 0.052 0.052 0.056 0.060  B 236068
   4420.73246 29.999 29.999 29.999 29.999 29.999    0.055 0.046 0.045 0.053 0.062  C 246491
