#ndata= 166
#dataset= 1 ; 1 F0032-08_289
#desig= 003513-0415.0
#cra=    0.587040  00:35:13.3
#cdec=  -4.250772 -4:15:02.8
#class= 0
#cmag_0= 13.022
#cmer_0=  0.200
#nskip_0= 0
#cmag_1= 13.032
#cmer_1=  0.213
#nskip_1= 0
#cmag_2= 13.033
#cmer_2=  0.214
#nskip_2= 1
#cmag_3= 13.039
#cmer_3=  0.226
#nskip_3= 1
#cmag_4= 13.046
#cmer_4=  0.246
#nskip_4= 0
#ra=    0.587040  00:35:13.3
#dec=  -4.250772 -4:15:02.8
#     HJD      MAG_0  MAG_1  MAG_2  MAG_3  MAG_4    MER_0 MER_1 MER_2 MER_3 MER_4 GRADE FRAME
   1868.54988 13.206 13.294 13.338 13.407 13.473    0.057 0.026 0.023 0.025 0.027  A 42
   1873.57295 12.913 12.849 12.792 12.733 12.707    0.069 0.027 0.024 0.026 0.028  A 814
   1875.56730 12.731 12.820 12.831 12.829 12.841    0.065 0.028 0.023 0.025 0.026  A 1134
   1879.55791 13.216 13.240 13.270 13.302 13.348    0.056 0.027 0.023 0.025 0.027  A 1765
   1902.53662 12.898 12.886 12.874 12.884 12.909    0.046 0.027 0.021 0.022 0.024  A 3464
   1905.55812 12.939 12.974 12.988 13.012 13.011    0.051 0.025 0.022 0.023 0.026  A 3955
   1915.55216 12.939 12.889 12.868 12.886 12.951    0.058 0.030 0.025 0.027 0.029  A 4893
   1921.52700 13.097 12.999 12.887 12.851 12.813    0.046 0.033 0.028 0.031 0.035  A 5576
   2052.94322 13.396 13.708 14.004 14.297 13.903    0.057 0.042 0.046 0.059 0.070  B 19952
   2054.91184 13.138 13.020 13.013 13.075 13.068    0.075 0.034 0.031 0.033 0.036  A 20369
   2056.90932 12.883 12.771 12.744 12.725 12.710    0.065 0.029 0.026 0.028 0.030  A 20816
   2067.89186 12.810 12.743 12.723 12.685 12.781    0.055 0.027 0.024 0.027 0.031  A 21959
   2069.88176 13.265 13.263 13.232 13.204 13.191    0.068 0.032 0.029 0.031 0.032  A 22405
   2070.88536 13.162 13.217 13.230 13.204 13.133    0.054 0.027 0.023 0.025 0.028  A 22626
   2080.87009 13.184 13.185 13.193 13.212 13.201    0.061 0.026 0.022 0.024 0.027  A 23000
   2082.94029 13.207 13.141 13.129 13.162 13.176    0.063 0.029 0.026 0.029 0.033  A 23496
   2085.93684 13.107 13.207 13.258 13.301 13.338    0.048 0.028 0.024 0.026 0.029  A 23949
   2087.88258 12.815 12.763 12.750 12.733 12.762    0.056 0.031 0.031 0.035 0.038  A 24370
   2093.89766 13.302 13.386 13.395 13.360 13.448    0.056 0.028 0.025 0.028 0.031  A 24888
   2094.85731 12.935 13.005 13.018 12.979 12.930    0.053 0.028 0.025 0.029 0.031  A 25095
   2095.84663 12.736 12.814 12.785 12.769 12.782    0.055 0.028 0.025 0.028 0.030  A 25317
   2096.81990 12.842 12.830 12.757 12.715 12.635    0.076 0.059 0.058 0.062 0.068  B 25531
   2105.84371 12.842 12.815 12.845 12.845 12.786    0.051 0.024 0.021 0.023 0.026  A 26320
   2106.85871 12.762 12.733 12.804 12.844 12.827    0.053 0.030 0.023 0.024 0.026  A 26529
   2113.85570 13.062 13.096 13.116 13.132 13.128    0.042 0.025 0.021 0.022 0.024  A 26643
   2115.79025 12.868 12.869 12.853 12.827 12.825    0.043 0.026 0.022 0.024 0.026  A 26931
   2116.80961 12.852 12.843 12.888 12.943 12.906    0.045 0.026 0.023 0.025 0.029  A 27162
   2117.81311 13.064 13.034 12.986 12.947 12.903    0.047 0.027 0.024 0.026 0.028  A 27382
   2132.78362 13.065 13.054 13.075 13.112 13.164    0.044 0.023 0.020 0.022 0.024  A 28845
   2133.77682 12.837 12.854 12.827 12.838 12.867    0.047 0.025 0.021 0.023 0.026  A 29058
   2134.77247 12.843 12.809 12.853 12.866 12.834    0.055 0.026 0.024 0.026 0.029  A 29270
   2135.77557 12.749 12.816 12.742 12.698 12.704    0.057 0.033 0.032 0.038 0.045  A 29486
   2136.77134 13.087 13.069 13.164 13.222 13.091    0.057 0.037 0.035 0.039 0.044  A 29698
   2140.78475 13.240 13.243 13.259 13.269 13.292    0.058 0.039 0.038 0.042 0.046  A 30246
   2144.75078 12.757 12.819 12.807 12.768 12.757    0.056 0.028 0.023 0.025 0.027  A 31053
   2151.69909 12.994 13.000 13.191 13.451 13.453    0.081 0.060 0.069 0.090 0.104  D 31412
   2445.85971 13.327 13.296 13.202 13.161 13.149    0.026 0.027 0.019 0.019 0.021  A 9193
   2465.86153 29.999 29.999 29.999 29.999 29.999    0.046 0.045 0.039 0.043 0.035  C 11157
   2467.84478 13.433 13.409 13.420 13.431 13.434    0.024 0.029 0.020 0.019 0.019  A 11587
   2468.91039 13.283 13.295 13.269 13.243 13.232    0.026 0.028 0.019 0.020 0.021  A 11832
   2470.82344 12.758 12.800 12.838 12.822 12.773    0.033 0.036 0.030 0.034 0.029  A 12077
   2473.82471 12.847 12.804 12.795 12.770 12.808    0.034 0.036 0.030 0.034 0.029  A 12765
   2487.80763 29.999 29.999 29.999 29.999 29.999    0.064 0.055 0.047 0.051 0.052  C 13553
   2490.82157 13.079 13.184 13.133 13.146 13.123    0.034 0.036 0.030 0.036 0.031  A 14146
   2493.79292 12.908 13.023 12.957 12.977 12.971    0.045 0.044 0.039 0.046 0.036  A 14541
   2496.77582 13.350 13.293 13.364 13.483 13.347    0.029 0.032 0.025 0.028 0.023  A 15071
   2498.77459 12.930 12.985 13.021 13.016 13.022    0.028 0.031 0.024 0.027 0.024  A 15496
   2499.77121 12.881 12.824 12.845 12.843 12.848    0.028 0.032 0.025 0.029 0.022  A 15704
   2501.77447 12.832 12.854 12.818 12.828 12.821    0.028 0.032 0.024 0.026 0.023  A 16068
   2502.77450 12.770 12.833 12.835 12.842 12.783    0.029 0.030 0.025 0.032 0.026  A 16280
   2519.82452 13.517 13.587 13.558 13.437 13.387    0.027 0.031 0.020 0.018 0.018  A 18077
   2521.68848 13.089 13.056 13.114 13.167 13.181    0.027 0.029 0.020 0.022 0.020  A 18417
   2523.82476 12.860 12.717 12.813 12.982 12.966    0.038 0.039 0.038 0.042 0.046  A 18560
   2526.70836 13.123 13.156 13.195 13.209 13.177    0.026 0.029 0.021 0.020 0.020  A 18871
   2529.69397 12.828 12.769 12.795 12.822 12.831    0.055 0.044 0.033 0.037 0.031  A 19100
   2543.66753 13.163 13.269 13.344 13.387 13.339    0.049 0.047 0.040 0.041 0.042  A 19906
   2545.74638 13.194 13.218 13.216 13.255 13.275    0.034 0.034 0.025 0.024 0.023  A 20217
   2552.72669 12.942 12.970 12.946 12.909 12.899    0.034 0.027 0.020 0.020 0.020  A 21182
   2554.77580 12.869 12.852 12.917 13.068 13.052    0.049 0.043 0.035 0.039 0.038  A 21566
   2558.58961 12.889 12.915 12.957 12.971 12.960    0.033 0.033 0.024 0.023 0.021  A 22025
   2558.72544 13.019 12.965 12.943 12.925 12.936    0.034 0.028 0.021 0.021 0.023  A 22083
   2578.65294 12.790 12.786 12.794 12.744 12.749    0.034 0.037 0.027 0.028 0.024  A 24951
   2623.52599 13.297 13.337 13.455 13.628 13.519    0.027 0.027 0.027 0.031 0.035  A 30083
   2625.60101 13.154 13.142 13.098 13.041 13.032    0.023 0.023 0.021 0.023 0.026  A 30398
   2628.60514 12.766 12.792 12.846 12.892 12.899    0.039 0.028 0.026 0.031 0.035  A 30707
   2634.55241 13.049 13.022 13.054 13.117 13.217    0.036 0.039 0.021 0.021 0.022  A 32041
   2636.57898 12.871 12.927 12.895 12.869 12.880    0.028 0.022 0.019 0.021 0.022  A 32356
   2638.58852 12.802 12.736 12.699 12.691 12.673    0.033 0.025 0.019 0.021 0.023  A 32651
   2640.58886 13.008 12.967 12.969 12.994 12.979    0.029 0.033 0.023 0.022 0.024  A 32961
   2642.58656 13.347 13.324 13.342 13.422 13.475    0.028 0.022 0.019 0.021 0.024  A 33245
   2644.58229 13.171 13.249 13.349 13.417 13.502    0.027 0.022 0.020 0.023 0.027  A 33548
   2650.53162 13.140 13.121 13.164 13.211 13.202    0.036 0.035 0.029 0.032 0.030  A 34236
   2652.56390 13.297 13.248 13.247 13.237 13.326    0.025 0.026 0.023 0.024 0.028  A 34555
   2655.56317 13.005 12.988 13.034 13.072 13.104    0.027 0.024 0.023 0.026 0.030  A 35202
   2659.54317 13.017 12.978 13.000 13.018 12.974    0.025 0.028 0.021 0.022 0.024  A 35729
   2661.54219 13.259 13.282 13.298 13.302 13.277    0.024 0.020 0.019 0.023 0.026  A 36071
   2664.53138 13.001 12.899 12.866 12.866 12.865    0.033 0.032 0.026 0.028 0.032  A 36580
   2668.52735 13.010 13.180 13.139 13.092 13.142    0.036 0.047 0.033 0.038 0.039  A 37228
   2767.91772 13.302 13.270 13.287 13.337 13.459    0.027 0.031 0.027 0.028 0.030  A 54623
   2787.89151 13.178 13.225 13.222 13.259 13.460    0.027 0.027 0.020 0.021 0.023  A 56905
   2809.87483 12.853 12.850 12.944 13.027 13.037    0.034 0.052 0.033 0.033 0.030  B 59605
   2814.88780 13.133 13.209 13.179 13.231 13.240    0.030 0.051 0.032 0.033 0.029  A 60758
   2820.86516 12.945 12.932 12.938 12.908 12.865    0.026 0.025 0.020 0.022 0.025  A 61607
   2829.92284 13.139 13.098 13.122 13.151 13.095    0.029 0.029 0.024 0.026 0.028  A 62406
   2831.85542 12.858 12.865 12.858 12.865 12.780    0.025 0.028 0.024 0.027 0.027  A 62823
   2834.81645 29.999 29.999 29.999 29.999 29.999    0.069 0.072 0.069 0.079 0.090  D 63412
   2841.89410 29.999 29.999 29.999 29.999 29.999    0.024 0.023 0.018 0.020 0.022  C 64634
   2844.87288 13.391 13.405 13.358 13.327 13.338    0.023 0.026 0.020 0.022 0.022  A 65101
   2851.86503 12.791 12.819 12.766 12.713 12.682    0.023 0.022 0.017 0.020 0.022  A 65537
   2854.76381 13.297 13.364 13.288 13.289 13.288    0.022 0.024 0.018 0.018 0.019  A 65935
   2859.78887 12.814 12.782 12.736 12.707 12.699    0.022 0.023 0.017 0.019 0.021  A 66604
   2871.81892 12.834 12.829 12.808 12.826 12.865    0.023 0.023 0.018 0.019 0.021  A 68026
   2874.76686 13.281 13.340 13.384 13.350 13.353    0.030 0.032 0.023 0.022 0.024  A 68416
   2876.75833 12.979 13.017 13.035 13.020 12.982    0.027 0.020 0.017 0.018 0.019  A 68810
   2879.73690 12.818 12.841 12.832 12.820 12.815    0.022 0.026 0.020 0.021 0.021  A 69295
   2883.73038 13.175 13.180 13.175 13.176 13.189    0.024 0.026 0.019 0.020 0.022  A 69658
   2885.71379 12.907 12.923 12.901 12.868 12.846    0.026 0.026 0.019 0.020 0.021  A 70057
   2886.81803 13.251 13.266 13.275 13.248 13.317    0.032 0.028 0.024 0.025 0.026  A 70313
   2895.85772 13.319 13.340 13.286 13.203 13.119    0.032 0.029 0.026 0.029 0.033  A 71363
   2897.83745 13.201 13.245 13.280 13.287 13.241    0.026 0.021 0.018 0.021 0.024  A 71753
   2899.80037 12.862 12.892 12.891 12.938 12.956    0.028 0.024 0.023 0.026 0.031  A 72099
   2902.77789 13.063 13.168 13.163 13.119 13.099    0.035 0.023 0.021 0.023 0.024  A 72570
   2905.67029 12.821 12.819 12.807 12.809 12.812    0.026 0.021 0.015 0.016 0.018  A 72993
   2912.68369 13.311 13.277 13.253 13.229 13.155    0.022 0.022 0.016 0.017 0.018  A 74119
   2915.67433 12.982 12.999 13.017 13.017 13.040    0.044 0.024 0.019 0.020 0.022  A 74399
   2916.76411 13.215 13.288 13.298 13.280 13.309    0.041 0.034 0.025 0.027 0.028  A 74630
   2926.67193 12.891 12.920 12.908 12.912 12.966    0.023 0.028 0.019 0.020 0.021  A 75829
   2929.81235 12.907 13.032 13.017 12.976 12.948    0.032 0.032 0.031 0.037 0.042  A 76433
   2931.75300 12.764 12.759 12.758 12.745 12.663    0.039 0.042 0.024 0.027 0.029  A 76766
   2933.73739 13.182 13.215 13.265 13.295 13.272    0.033 0.045 0.025 0.028 0.027  A 77114
   2935.73223 13.321 13.310 13.298 13.252 13.250    0.026 0.025 0.021 0.023 0.025  A 77473
   2939.58622 13.132 13.198 13.216 13.220 13.228    0.023 0.024 0.018 0.022 0.021  A 77792
   2942.75323 13.088 13.054 13.078 13.057 13.051    0.027 0.029 0.024 0.025 0.028  A 78249
   2944.60916 12.860 12.850 12.824 12.784 12.772    0.029 0.020 0.017 0.019 0.021  A 78513
   2945.65109 13.052 13.086 13.174 13.367 13.546    0.028 0.024 0.022 0.026 0.031  A 78709
   2952.61102 13.150 13.169 13.103 13.051 12.954    0.028 0.029 0.027 0.032 0.037  A 79674
   2954.61331 12.961 12.957 12.937 12.935 13.031    0.028 0.025 0.023 0.027 0.030  A 79931
   2955.62738 12.854 12.833 12.788 12.722 12.674    0.025 0.025 0.021 0.024 0.028  A 80083
   2956.61121 12.766 12.690 12.684 12.659 12.670    0.025 0.023 0.019 0.021 0.024  A 80224
   2958.60738 13.053 13.048 13.051 13.078 13.137    0.024 0.022 0.020 0.023 0.026  A 80510
   2964.62403 13.144 13.217 13.279 13.339 13.400    0.025 0.022 0.019 0.022 0.025  A 81338
   2966.63133 12.745 12.736 12.741 12.751 12.747    0.026 0.022 0.019 0.021 0.024  A 81627
   2968.63606 12.896 12.937 12.931 12.911 12.948    0.025 0.021 0.018 0.021 0.024  A 81904
   2970.62492 13.441 13.439 13.414 13.395 13.434    0.024 0.023 0.019 0.021 0.023  A 82119
   2972.65205 13.235 13.227 13.164 13.074 12.999    0.028 0.024 0.021 0.023 0.027  A 82391
   2978.52413 13.104 13.107 13.199 13.265 13.085    0.032 0.035 0.030 0.036 0.043  A 83084
   2980.57619 13.187 13.184 13.223 13.277 13.178    0.033 0.026 0.024 0.030 0.035  A 83354
   2982.58660 12.985 13.042 13.036 12.952 12.947    0.042 0.031 0.034 0.042 0.051  A 83631
   2986.59255 12.835 12.786 12.790 12.765 12.750    0.032 0.027 0.021 0.023 0.026  A 84154
   2989.59354 13.226 13.207 13.266 13.313 13.394    0.031 0.024 0.019 0.021 0.024  A 84506
   2994.57751 13.078 13.085 13.112 13.120 13.126    0.025 0.023 0.021 0.023 0.028  A 85160
   2996.62862 12.844 12.846 12.827 12.841 12.864    0.043 0.038 0.043 0.050 0.054  B 85441
   2998.61966 12.929 12.913 12.921 12.953 13.025    0.029 0.030 0.030 0.034 0.037  A 85713
   3007.58014 12.722 12.743 12.771 12.781 12.869    0.028 0.027 0.025 0.029 0.034  A 86699
   3016.56392 12.778 12.757 12.768 12.832 12.832    0.049 0.050 0.055 0.061 0.070  B 87715
   3023.55054 13.035 13.000 12.986 12.963 12.910    0.027 0.025 0.023 0.026 0.030  A 88266
   3035.52835 12.588 12.591 12.616 12.632 12.679    0.031 0.030 0.029 0.034 0.039  A 89214
   3164.89186 13.219 13.177 13.230 13.256 13.180    0.082 0.088 0.097 0.097 0.101  D 105287
   3169.90946 12.829 12.814 12.845 12.866 12.854    0.077 0.074 0.073 0.075 0.078  D 106026
   3182.91075 12.979 12.963 13.042 13.171 13.359    0.043 0.045 0.044 0.050 0.057  B 107601
   3186.87055 13.005 13.109 13.168 13.209 13.206    0.062 0.059 0.059 0.062 0.069  B 108173
   3190.85216 12.831 12.887 12.859 12.829 12.823    0.087 0.080 0.076 0.079 0.083  D 108680
   3211.91060 12.804 12.827 12.828 12.856 12.894    0.029 0.029 0.022 0.023 0.024  A 109536
   3271.71602 13.418 13.331 13.317 13.323 13.285    0.046 0.030 0.025 0.027 0.031  A 115960
   3280.71537 13.238 13.235 13.208 13.124 13.211    0.035 0.032 0.029 0.033 0.040  A 117124
   3294.65870 12.993 12.957 12.978 13.010 12.961    0.044 0.034 0.023 0.022 0.023  A 118388
   3367.58731 12.885 12.857 12.773 12.679 12.618    0.054 0.039 0.039 0.045 0.053  A 125245
   3382.53708 12.873 12.923 12.943 12.946 12.964    0.063 0.044 0.035 0.037 0.042  A 125593
#dataset= 1 ; 2 F0032-08_289
#desig= 003515-0414.8
#cra=    0.587387  00:35:14.6
#cdec=  -4.246095 -4:14:45.9
#class= 0
#cmag_0= 13.022
#cmer_0=  0.000
#nskip_0= 0
#cmag_1= 13.078
#cmer_1=  0.000
#nskip_1= 0
#cmag_2= 13.090
#cmer_2=  0.000
#nskip_2= 0
#cmag_3= 13.099
#cmer_3=  0.000
#nskip_3= 0
#cmag_4= 13.075
#cmer_4=  0.000
#nskip_4= 0
#ra=    0.587387  00:35:14.6
#dec=  -4.246095 -4:14:45.9
#     HJD      MAG_0  MAG_1  MAG_2  MAG_3  MAG_4    MER_0 MER_1 MER_2 MER_3 MER_4 GRADE FRAME
   2490.82157 13.023 13.079 13.091 13.100 13.076    0.034 0.036 0.030 0.036 0.031  A 14146
   2503.76568 29.999 29.999 29.999 29.999 29.999    0.048 0.046 0.042 0.051 0.047  C 16480
   2553.80061 29.999 29.999 29.999 29.999 29.999    0.044 0.040 0.037 0.043 0.040  C 21392
   2556.78663 29.999 29.999 29.999 29.999 29.999    0.061 0.052 0.045 0.050 0.050  C 21753
   2836.87201 29.999 29.999 29.999 29.999 29.999    0.043 0.045 0.047 0.054 0.066  C 63774
   2861.76723 29.999 29.999 29.999 29.999 29.999    0.026 0.024 0.021 0.024 0.026  C 67016
   2907.82880 29.999 29.999 29.999 29.999 29.999    0.049 0.048 0.055 0.070 0.081  D 73314
   2928.66795 29.999 29.999 29.999 29.999 29.999    0.054 0.060 0.058 0.062 0.064  C 76201
   2950.59755 29.999 29.999 29.999 29.999 29.999    0.031 0.029 0.027 0.032 0.039  C 79429
   2962.61516 29.999 29.999 29.999 29.999 29.999    0.024 0.023 0.020 0.023 0.026  C 81052
   3278.70258 29.999 29.999 29.999 29.999 29.999    0.042 0.039 0.036 0.042 0.048  C 116857
#dataset= 1 ; 3 F0032-08_289
#desig= 003514-0415.1
#cra=    0.587314  00:35:14.3
#cdec=  -4.251982 -4:15:07.1
#class= 0
#cmag_0= 13.354
#cmer_0=  0.370
#nskip_0= 0
#cmag_1= 13.412
#cmer_1=  0.431
#nskip_1= 0
#cmag_2= 13.332
#cmer_2=  0.290
#nskip_2= 0
#cmag_3= 13.284
#cmer_3=  0.101
#nskip_3= 0
#cmag_4= 13.214
#cmer_4=  0.044
#nskip_4= 0
#ra=    0.587314  00:35:14.3
#dec=  -4.251982 -4:15:07.1
#     HJD      MAG_0  MAG_1  MAG_2  MAG_3  MAG_4    MER_0 MER_1 MER_2 MER_3 MER_4 GRADE FRAME
   2489.77453 29.999 29.999 29.999 29.999 29.999    0.043 0.048 0.042 0.043 0.044  C 13907
   2495.73755 29.999 29.999 29.999 29.999 29.999    0.036 0.038 0.034 0.041 0.033  C 14844
   2519.82452 13.723 13.853 13.642 13.430 13.325    0.027 0.031 0.020 0.018 0.018  A 18077
   2814.88780 13.200 13.244 13.233 13.287 13.262    0.030 0.051 0.032 0.033 0.029  A 60758
   2923.67316 13.140 13.139 13.123 13.133 13.055    0.029 0.032 0.029 0.033 0.035  A 75470
   3010.58952 29.999 29.999 29.999 29.999 29.999    0.033 0.032 0.031 0.038 0.042  C 87092
   3012.58549 29.999 29.999 29.999 29.999 29.999    0.039 0.039 0.040 0.049 0.059  C 87355
#ndata= 8
#dataset= 2 ; 1 F0104-08_290
#desig= 003513-0415.1
#cra=    0.587079  00:35:13.5
#cdec=  -4.251547 -4:15:05.6
#class= 0
#cmag_0= 12.990
#cmer_0=  0.205
#nskip_0= 0
#cmag_1= 12.998
#cmer_1=  0.214
#nskip_1= 0
#cmag_2= 12.979
#cmer_2=  0.214
#nskip_2= 0
#cmag_3= 12.958
#cmer_3=  0.227
#nskip_3= 0
#cmag_4= 12.983
#cmer_4=  0.245
#nskip_4= 0
#ra=    0.587079  00:35:13.5
#dec=  -4.251547 -4:15:05.6
#     HJD      MAG_0  MAG_1  MAG_2  MAG_3  MAG_4    MER_0 MER_1 MER_2 MER_3 MER_4 GRADE FRAME
   2468.91039 13.294 13.315 13.286 13.255 13.233    0.030 0.032 0.023 0.025 0.026  A 11832
   2470.85014 13.069 13.070 13.091 13.101 13.198    0.033 0.035 0.029 0.033 0.028  A 12089
   2473.82471 12.833 12.821 12.805 12.774 12.815    0.038 0.037 0.031 0.034 0.030  A 12765
   2490.82157 13.079 13.198 13.145 13.148 13.126    0.038 0.036 0.031 0.037 0.033  A 14146
   2558.72544 13.016 12.987 12.959 12.932 12.940    0.038 0.029 0.024 0.024 0.025  A 22083
   2628.60514 12.730 12.794 12.852 12.889 12.897    0.039 0.028 0.025 0.029 0.032  A 30707
   2955.62738 12.850 12.853 12.802 12.719 12.670    0.032 0.029 0.025 0.027 0.030  A 80083
#dataset= 2 ; 2 F0104-08_290
#desig= 003515-0414.8
#cra=    0.587387  00:35:14.6
#cdec=  -4.246095 -4:14:45.9
#class= 0
#cmag_0= 13.022
#cmer_0=  0.000
#nskip_0= 0
#cmag_1= 13.093
#cmer_1=  0.000
#nskip_1= 0
#cmag_2= 13.102
#cmer_2=  0.000
#nskip_2= 0
#cmag_3= 13.101
#cmer_3=  0.000
#nskip_3= 0
#cmag_4= 13.078
#cmer_4=  0.000
#nskip_4= 0
#ra=    0.587387  00:35:14.6
#dec=  -4.246095 -4:14:45.9
#     HJD      MAG_0  MAG_1  MAG_2  MAG_3  MAG_4    MER_0 MER_1 MER_2 MER_3 MER_4 GRADE FRAME
   2490.82157 13.022 13.093 13.102 13.102 13.078    0.038 0.036 0.031 0.037 0.033  A 14146
#ndata= 135
#dataset= 3 ; 1 F0032+00_334
#desig= 003515-0415.1
#cra=    0.587449  00:35:14.8
#cdec=  -4.251394 -4:15:05.0
#class= 0
#cmag_0= 13.128
#cmer_0=  0.000
#nskip_0= 0
#cmag_1= 13.113
#cmer_1=  0.000
#nskip_1= 0
#cmag_2= 13.165
#cmer_2=  0.000
#nskip_2= 0
#cmag_3= 13.225
#cmer_3=  0.000
#nskip_3= 0
#cmag_4= 13.226
#cmer_4=  0.000
#nskip_4= 0
#ra=    0.587449  00:35:14.8
#dec=  -4.251394 -4:15:05.0
#     HJD      MAG_0  MAG_1  MAG_2  MAG_3  MAG_4    MER_0 MER_1 MER_2 MER_3 MER_4 GRADE FRAME
   2272.53654 13.129 13.114 13.166 13.226 13.226    0.086 0.073 0.061 0.063 0.062  D 45679
   3671.73320 29.999 29.999 29.999 29.999 29.999    0.036 0.030 0.024 0.026 0.030  C 164289
#dataset= 3 ; 2 F0032+00_334
#desig= 003514-0415.1
#cra=    0.587131  00:35:13.7
#cdec=  -4.251098 -4:15:04.0
#class= 0
#cmag_0= 13.092
#cmer_0=  0.211
#nskip_0= 0
#cmag_1= 13.087
#cmer_1=  0.221
#nskip_1= 0
#cmag_2= 13.094
#cmer_2=  0.242
#nskip_2= 0
#cmag_3= 13.097
#cmer_3=  0.268
#nskip_3= 0
#cmag_4= 13.102
#cmer_4=  0.288
#nskip_4= 0
#ra=    0.587131  00:35:13.7
#dec=  -4.251098 -4:15:04.0
#     HJD      MAG_0  MAG_1  MAG_2  MAG_3  MAG_4    MER_0 MER_1 MER_2 MER_3 MER_4 GRADE FRAME
   1868.55687 13.176 13.232 13.229 13.187 13.282    0.056 0.025 0.022 0.024 0.025  A 45
   1877.57300 13.266 13.241 13.210 13.156 13.118    0.060 0.030 0.025 0.027 0.030  A 1458
   2040.92765 13.288 13.305 13.437 13.596 13.527    0.076 0.048 0.050 0.060 0.070  B 19588
   2167.68912 13.423 13.421 13.417 13.371 13.301    0.057 0.036 0.030 0.032 0.035  A 32119
   2171.67900 12.806 12.827 12.822 12.764 12.704    0.054 0.034 0.028 0.030 0.035  A 32619
   2175.67811 13.082 13.169 13.168 13.081 12.997    0.056 0.039 0.035 0.038 0.042  A 33314
   2177.65991 13.198 13.191 13.198 13.211 13.164    0.052 0.036 0.031 0.035 0.041  A 33435
   2178.66845 13.149 13.055 13.023 13.026 13.085    0.051 0.037 0.033 0.035 0.039  A 33612
   2180.60809 12.801 12.802 12.735 12.639 12.640    0.066 0.049 0.047 0.050 0.055  A 33776
   2190.62624 12.828 12.809 12.801 12.795 12.899    0.047 0.036 0.029 0.031 0.034  A 34933
   2248.57028 12.957 12.937 12.943 12.953 12.976    0.051 0.045 0.037 0.043 0.042  A 42468
   2251.55601 12.764 12.742 12.750 12.736 12.698    0.050 0.046 0.038 0.044 0.039  A 42982
   2254.54358 13.147 13.173 13.188 13.165 13.111    0.052 0.045 0.037 0.044 0.042  A 43429
   2257.54203 13.078 13.117 13.120 13.083 13.143    0.055 0.047 0.038 0.044 0.043  A 43907
   2261.53441 12.928 12.907 12.856 12.775 12.760    0.070 0.061 0.052 0.060 0.060  B 44355
   2276.53923 29.999 29.999 29.999 29.999 29.999    0.086 0.075 0.064 0.066 0.067  D 46268
   3268.71428 12.924 12.923 12.864 12.838 12.830    0.035 0.031 0.027 0.030 0.035  A 115515
   3363.58619 13.002 12.984 12.941 12.931 12.903    0.052 0.037 0.036 0.043 0.050  A 124932
   3367.58731 12.903 12.862 12.782 12.686 12.633    0.056 0.043 0.044 0.050 0.057  A 125245
   3389.53210 13.231 13.271 13.315 13.360 13.400    0.082 0.048 0.043 0.046 0.051  B 126545
   3525.91019 13.098 13.041 13.078 13.097 13.072    0.039 0.033 0.030 0.034 0.038  A 145587
   3529.91198 13.028 12.984 12.932 12.845 12.803    0.040 0.034 0.036 0.040 0.046  A 146286
   3541.93856 12.982 12.948 12.930 12.877 12.823    0.035 0.029 0.029 0.034 0.040  A 147342
   3552.89166 13.266 13.272 13.198 13.145 13.118    0.043 0.032 0.033 0.038 0.043  A 148553
   3563.86891 13.269 13.219 13.158 13.108 13.060    0.040 0.030 0.026 0.028 0.031  A 150163
   3568.90632 12.853 12.798 12.805 12.796 12.834    0.035 0.031 0.026 0.027 0.029  A 150471
   3571.84607 29.999 29.999 29.999 29.999 29.999    0.035 0.038 0.032 0.036 0.041  C 150972
   3574.83765 13.138 13.129 13.076 13.109 13.124    0.036 0.033 0.030 0.033 0.040  A 151355
   3578.87965 12.800 12.816 12.830 12.840 12.841    0.032 0.027 0.025 0.029 0.033  A 152048
   3582.88085 13.283 13.428 13.391 13.317 13.353    0.055 0.033 0.031 0.037 0.042  A 152732
   3585.81259 12.897 12.949 12.984 12.983 13.011    0.034 0.027 0.026 0.028 0.030  A 153239
   3587.85313 12.841 12.904 12.878 12.924 13.018    0.037 0.029 0.026 0.029 0.034  A 153596
   3590.80810 13.304 13.347 13.340 13.322 13.311    0.076 0.040 0.034 0.035 0.037  B 154070
   3595.80520 12.824 12.866 12.904 12.950 12.953    0.053 0.046 0.050 0.058 0.070  B 154876
   3597.79894 12.786 12.807 12.771 12.744 99.999    0.037 0.026 0.025 0.028 0.031  C 155183
   3600.87905 13.061 12.929 13.008 13.152 13.150    0.084 0.045 0.039 0.044 0.049  B 155468
   3615.90054 13.385 13.340 13.382 13.432 13.575    0.045 0.032 0.032 0.037 0.044  A 156990
   3618.72860 13.398 13.411 13.458 13.556 13.673    0.052 0.032 0.030 0.034 0.038  A 157313
   3621.71889 13.222 13.143 13.097 13.079 12.937    0.062 0.036 0.036 0.041 0.047  A 157766
   3624.74985 12.856 12.821 12.880 12.880 12.779    0.035 0.030 0.025 0.028 0.031  A 158082
   3626.74287 12.970 13.024 13.014 13.004 13.025    0.041 0.033 0.028 0.032 0.037  A 158354
   3629.71330 13.313 13.385 13.547 13.519 13.407    0.034 0.031 0.029 0.034 0.039  A 158642
   3633.73107 12.928 12.951 12.962 13.004 13.166    0.039 0.032 0.033 0.040 0.048  A 159248
   3636.72520 13.089 13.071 13.023 13.003 12.966    0.043 0.033 0.030 0.035 0.039  A 159611
   3639.67533 13.280 13.331 13.329 13.346 13.349    0.070 0.040 0.036 0.037 0.041  A 159948
   3642.69333 12.994 12.960 12.993 12.998 12.999    0.039 0.033 0.026 0.028 0.030  A 160335
   3644.76162 12.917 12.992 13.062 13.102 13.154    0.083 0.043 0.040 0.042 0.046  B 160648
   3648.64917 13.373 13.505 13.667 13.759 13.975    0.052 0.049 0.052 0.062 0.072  B 161034
   3650.70736 13.404 13.415 13.400 13.393 13.429    0.046 0.031 0.025 0.027 0.030  A 161334
   3652.70379 13.061 13.037 13.054 13.093 13.160    0.074 0.045 0.044 0.048 0.053  A 161625
   3654.67970 12.669 12.672 12.671 12.676 12.653    0.090 0.048 0.038 0.038 0.042  B 161893
   3656.65308 13.222 13.203 13.176 13.152 13.212    0.051 0.029 0.027 0.029 0.031  A 162182
   3661.65266 13.093 13.130 13.133 13.089 13.123    0.054 0.037 0.034 0.039 0.044  A 162940
   3663.66624 12.933 12.881 12.936 12.930 12.909    0.078 0.043 0.037 0.041 0.046  B 163221
   3665.72095 12.763 12.770 12.807 12.835 12.872    0.049 0.029 0.025 0.028 0.033  A 163531
   3669.64566 13.118 13.173 13.135 13.096 13.097    0.034 0.027 0.022 0.025 0.028  A 163976
   3673.71354 13.063 12.959 12.895 12.855 12.913    0.043 0.029 0.024 0.027 0.031  A 164570
   3675.76493 12.889 12.928 12.966 12.918 12.927    0.076 0.037 0.031 0.034 0.038  B 164872
   3678.59509 13.268 13.305 13.305 13.297 13.289    0.050 0.028 0.025 0.028 0.031  A 165218
   3701.62189 13.189 13.347 13.279 13.162 12.986    0.081 0.051 0.047 0.050 0.056  B 168170
   3704.60808 12.860 12.848 12.854 12.837 12.878    0.085 0.043 0.034 0.036 0.039  B 168559
   3707.58928 13.389 13.421 13.506 13.573 13.589    0.083 0.041 0.033 0.035 0.037  B 168964
   3715.55529 13.306 13.324 13.371 13.448 13.422    0.085 0.043 0.038 0.044 0.049  B 169807
   3717.62345 13.048 13.098 13.133 13.165 13.118    0.075 0.044 0.042 0.049 0.054  B 170078
   3720.60633 13.099 13.076 13.041 12.972 12.947    0.047 0.031 0.032 0.037 0.042  A 170426
   3726.54978 13.430 13.417 13.426 13.465 13.653    0.082 0.046 0.042 0.046 0.051  B 171107
   3730.54747 13.025 12.939 99.999 99.999 99.999    0.095 0.047 0.041 0.044 0.048  C 171522
   3736.56674 13.311 13.323 13.333 13.312 13.314    0.042 0.029 0.026 0.028 0.031  A 172325
   3889.93104 13.316 13.402 13.436 13.434 13.357    0.033 0.031 0.027 0.030 0.035  A 193089
   3893.91573 13.056 13.049 13.069 13.040 13.064    0.032 0.030 0.026 0.030 0.033  A 193805
   3900.92233 13.365 13.316 13.223 13.124 13.101    0.036 0.030 0.031 0.037 0.043  A 194748
   3907.89577 12.940 12.909 12.901 12.927 12.938    0.040 0.026 0.025 0.029 0.032  A 196076
   4105.56432 13.332 13.278 13.297 13.336 13.365    0.079 0.043 0.037 0.040 0.043  B 210795
   4109.54888 12.891 12.881 12.869 12.857 12.841    0.087 0.043 0.036 0.038 0.041  B 211216
   4246.91329 13.259 13.257 13.312 13.299 13.339    0.040 0.041 0.036 0.037 0.040  A 226313
   4258.93189 13.448 13.328 13.266 13.201 13.306    0.060 0.066 0.065 0.067 0.072  B 227617
   4273.92579 12.940 12.891 12.841 12.785 12.741    0.043 0.042 0.035 0.036 0.038  A 228595
   4283.88802 12.961 13.050 13.196 13.298 13.401    0.037 0.033 0.032 0.037 0.044  A 229720
   4292.87424 13.119 13.079 13.081 13.077 13.035    0.038 0.035 0.027 0.028 0.031  A 230957
   4295.86999 12.876 12.905 12.860 12.865 12.887    0.037 0.033 0.026 0.029 0.033  A 231475
   4303.88672 12.923 12.890 12.909 12.842 12.775    0.053 0.059 0.053 0.054 0.056  B 232854
   4305.86834 12.814 12.782 12.718 12.681 12.642    0.048 0.044 0.042 0.046 0.050  A 233212
   4307.83999 13.333 13.326 13.354 13.365 13.315    0.054 0.037 0.030 0.031 0.033  A 233547
   4309.83949 13.262 13.246 13.256 13.280 13.334    0.038 0.035 0.031 0.034 0.038  A 233860
   4311.86825 13.047 12.929 12.851 12.750 12.776    0.067 0.058 0.067 0.088 0.101  D 234138
   4316.88405 13.117 13.214 13.287 13.265 13.160    0.046 0.042 0.041 0.049 0.059  A 234728
   4329.81888 13.295 13.269 13.248 13.215 13.189    0.043 0.041 0.036 0.039 0.042  A 235201
   4331.79843 12.845 12.880 12.894 12.884 12.864    0.051 0.036 0.029 0.031 0.035  A 235552
   4333.78087 12.933 12.942 12.958 12.924 12.832    0.036 0.036 0.031 0.033 0.036  A 235906
   4336.77760 13.278 13.286 13.312 13.342 13.323    0.041 0.040 0.037 0.042 0.045  A 236250
   4339.75075 29.999 29.999 29.999 29.999 29.999    0.080 0.082 0.081 0.085 0.090  D 236627
   4344.78204 13.085 13.004 13.000 12.995 12.996    0.049 0.054 0.057 0.064 0.070  B 237490
   4346.79797 13.419 13.429 13.450 13.553 13.728    0.084 0.075 0.072 0.075 0.078  D 237834
   4348.78499 13.279 13.229 13.197 13.194 13.230    0.080 0.066 0.069 0.075 0.080  D 238184
   4351.72361 12.785 12.700 12.583 12.468 12.379    0.063 0.049 0.047 0.058 0.068  B 238626
   4354.70960 13.321 13.349 13.361 13.403 13.463    0.044 0.033 0.026 0.029 0.033  A 239022
   4356.75010 13.279 13.313 13.391 13.422 13.569    0.047 0.037 0.030 0.033 0.038  A 239382
   4359.70119 12.778 12.740 12.742 12.787 12.829    0.042 0.036 0.033 0.038 0.044  A 239818
   4362.69057 13.141 13.268 13.366 13.455 13.490    0.032 0.033 0.029 0.032 0.036  A 240190
   4364.69153 13.533 13.518 13.486 13.423 13.401    0.033 0.031 0.024 0.027 0.031  A 240521
   4366.84937 12.686 12.738 12.698 12.619 12.553    0.047 0.040 0.033 0.035 0.038  A 240758
   4371.71107 13.009 13.008 12.895 12.758 12.642    0.052 0.037 0.034 0.039 0.046  A 241496
   4373.72359 12.902 12.944 12.917 12.921 12.956    0.058 0.037 0.033 0.037 0.042  A 241794
   4376.71519 13.250 13.221 13.222 13.186 13.208    0.044 0.035 0.031 0.034 0.039  A 242148
   4378.81895 13.108 13.174 13.281 13.498 13.723    0.065 0.052 0.051 0.060 0.069  B 242479
   4381.63722 13.139 13.058 13.035 13.014 12.949    0.039 0.034 0.033 0.036 0.041  A 242873
   4383.67033 13.297 13.218 13.256 13.313 13.295    0.035 0.032 0.026 0.028 0.031  A 243189
   4385.68977 13.245 13.290 13.249 13.203 13.158    0.036 0.032 0.025 0.027 0.029  A 243509
   4387.71336 13.226 13.189 13.210 13.204 13.188    0.039 0.035 0.029 0.032 0.035  A 243833
   4389.69223 13.045 13.064 13.022 12.954 12.868    0.045 0.040 0.036 0.041 0.048  A 244125
   4393.63816 13.455 13.500 13.669 13.853 13.709    0.054 0.043 0.044 0.050 0.057  A 244648
   4399.63136 12.860 12.757 12.724 12.699 12.663    0.067 0.041 0.039 0.047 0.055  A 244829
   4404.69192 13.342 13.243 13.233 13.256 13.298    0.046 0.034 0.027 0.031 0.035  A 245362
   4408.59705 12.912 12.918 12.987 13.084 13.142    0.046 0.032 0.028 0.032 0.037  A 245716
   4411.60412 13.237 13.259 13.268 13.220 13.203    0.095 0.052 0.042 0.042 0.046  B 246084
   4419.65644 12.856 12.819 12.873 12.959 13.024    0.053 0.040 0.037 0.043 0.049  A 246405
   4426.55697 12.697 12.651 12.649 12.582 12.584    0.074 0.043 0.041 0.048 0.057  A 246919
   4428.61908 12.911 12.815 12.755 12.689 12.671    0.077 0.049 0.045 0.051 0.061  B 247169
   4430.68874 12.867 13.000 13.031 13.062 13.131    0.055 0.039 0.037 0.043 0.051  A 247428
   4433.59813 13.192 13.326 13.383 13.373 13.289    0.073 0.042 0.034 0.036 0.038  A 247780
   4435.63354 13.384 13.311 13.367 13.449 13.529    0.061 0.037 0.030 0.033 0.036  A 248031
   4438.61177 13.150 13.106 13.105 13.110 13.125    0.058 0.037 0.032 0.036 0.040  A 248396
   4440.65246 12.769 12.761 12.801 12.822 12.801    0.056 0.038 0.031 0.034 0.038  A 248668
   4443.62787 13.418 13.416 13.456 13.466 13.546    0.042 0.036 0.033 0.034 0.037  A 248980
   4456.61074 13.280 13.185 13.022 12.863 12.975    0.063 0.043 0.042 0.050 0.059  A 250441
   4459.59122 12.745 12.737 12.756 12.829 12.882    0.063 0.042 0.038 0.043 0.050  A 250793
   4462.58570 13.237 13.165 13.121 13.156 13.307    0.042 0.032 0.029 0.033 0.039  A 251158
   4465.57681 13.384 13.514 13.591 13.731 13.720    0.041 0.036 0.033 0.038 0.044  A 251506
   4468.57014 12.886 12.883 12.928 12.944 12.947    0.058 0.036 0.031 0.033 0.038  A 251845
   4473.54710 13.194 13.228 13.221 13.235 13.300    0.062 0.037 0.031 0.034 0.039  A 252333
   4476.54843 12.868 12.866 12.868 12.924 13.045    0.075 0.046 0.042 0.047 0.049  B 252613
   4482.53635 13.079 13.069 13.143 13.319 13.499    0.074 0.044 0.039 0.044 0.049  A 253292
   4486.53743 13.179 13.222 13.097 12.947 12.984    0.080 0.054 0.056 0.064 0.068  B 253675
#ndata= 1
#dataset= 4 ; 1 F2224+00_375
#desig= 003513-0414.9
#cra=    0.587079  00:35:13.5
#cdec=  -4.249071 -4:14:56.7
#class= 0
#cmag_0= 12.897
#cmer_0=  0.000
#nskip_0= 0
#cmag_1= 13.013
#cmer_1=  0.000
#nskip_1= 0
#cmag_2= 13.042
#cmer_2=  0.000
#nskip_2= 0
#cmag_3= 12.985
#cmer_3=  0.000
#nskip_3= 0
#cmag_4= 12.985
#cmer_4=  0.000
#nskip_4= 0
#ra=    0.587079  00:35:13.5
#dec=  -4.249071 -4:14:56.7
#     HJD      MAG_0  MAG_1  MAG_2  MAG_3  MAG_4    MER_0 MER_1 MER_2 MER_3 MER_4 GRADE FRAME
   4087.53671 12.898 13.013 13.042 12.986 12.986    0.192 0.126 0.111 0.102 0.100  D 208753
