#ndata= 1
#dataset= 1 ; 1 F0040-40_123
#desig= 003513-3256.0
#cra=    0.586986  00:35:13.2
#cdec= -32.934040 -32:56:02.5
#class= 0
#cmag_0= 11.592
#cmer_0=  0.000
#nskip_0= 0
#cmag_1= 11.612
#cmer_1=  0.000
#nskip_1= 0
#cmag_2= 11.613
#cmer_2=  0.000
#nskip_2= 0
#cmag_3= 11.622
#cmer_3=  0.000
#nskip_3= 0
#cmag_4= 11.625
#cmer_4=  0.000
#nskip_4= 0
#ra=    0.586986  00:35:13.2
#dec= -32.934040 -32:56:02.5
#     HJD      MAG_1  MAG_0  MAG_2  MAG_3  MAG_4    MER_1 MER_0 MER_2 MER_3 MER_4 GRADE FRAME
   2140.75004 11.612 11.593 11.614 11.623 11.625    0.033 0.068 0.027 0.030 0.033  A 30231
#ndata= 2
#dataset= 2 ; 1 F0000-32_158
#desig= 003513-3256.2
#cra=    0.586921  00:35:12.9
#cdec= -32.936953 -32:56:13.0
#class= 0
#cmag_0= 12.198
#cmer_0=  0.644
#nskip_0= 0
#cmag_1= 12.205
#cmer_1=  0.724
#nskip_1= 0
#cmag_2= 12.209
#cmer_2=  0.732
#nskip_2= 0
#cmag_3= 12.217
#cmer_3=  0.750
#nskip_3= 0
#cmag_4= 12.223
#cmer_4=  0.752
#nskip_4= 0
#ra=    0.586921  00:35:12.9
#dec= -32.936953 -32:56:13.0
#     HJD      MAG_0  MAG_1  MAG_2  MAG_3  MAG_4    MER_0 MER_1 MER_2 MER_3 MER_4 GRADE FRAME
   2521.74235 11.744 11.695 11.694 11.688 11.693    0.048 0.040 0.037 0.043 0.044  A 18440
   3177.90615 12.652 12.716 12.726 12.746 12.754    0.058 0.060 0.061 0.069 0.080  D 106988
#ndata= 451
#dataset= 3 ; 1 F0036-32_159
#desig= 003514-3255.9
#cra=    0.587233  00:35:14.0
#cdec= -32.932421 -32:55:56.7
#class= 0
#cmag_0= 12.007
#cmer_0=  0.232
#nskip_0= 0
#cmag_1= 12.013
#cmer_1=  0.205
#nskip_1= 0
#cmag_2= 11.986
#cmer_2=  0.201
#nskip_2= 0
#cmag_3= 11.970
#cmer_3=  0.194
#nskip_3= 0
#cmag_4= 11.955
#cmer_4=  0.180
#nskip_4= 0
#ra=    0.587233  00:35:14.0
#dec= -32.932421 -32:55:56.7
#     HJD      MAG_1  MAG_0  MAG_2  MAG_3  MAG_4    MER_1 MER_0 MER_2 MER_3 MER_4 GRADE FRAME
   2227.58093 11.953 11.951 11.884 11.796 11.761    0.040 0.043 0.031 0.036 0.034  A 39792
   2252.58720 12.595 12.653 12.542 12.523 12.567    0.045 0.055 0.037 0.042 0.041  A 43157
   2256.57982 11.801 11.764 11.794 11.819 11.834    0.047 0.054 0.037 0.040 0.038  A 43762
   2271.53982 11.651 11.558 11.719 11.731 11.692    0.065 0.082 0.054 0.063 0.064  D 45523
   2490.78165 29.999 29.999 29.999 29.999 29.999    0.037 0.038 0.032 0.039 0.032  C 14128
   2503.76782 12.257 12.280 12.230 12.209 12.174    0.045 0.045 0.042 0.050 0.044  A 16481
   2511.80296 29.999 29.999 29.999 29.999 29.999    0.052 0.052 0.046 0.050 0.052  C 17160
   2538.87883 29.999 29.999 29.999 29.999 29.999    0.064 0.081 0.057 0.065 0.066  D 19434
   3163.91064 29.999 29.999 29.999 29.999 29.999    0.026 0.028 0.026 0.029 0.035  C 105116
   3374.59071 29.999 29.999 29.999 29.999 29.999    0.035 0.046 0.035 0.040 0.047  C 125406
   3906.87229 29.999 29.999 29.999 29.999 29.999    0.024 0.029 0.023 0.026 0.029  C 195872
   3913.93027 29.999 29.999 29.999 29.999 29.999    0.059 0.108 0.046 0.047 0.047  D 197034
#dataset= 3 ; 2 F0036-32_159
#desig= 003513-3256.1
#cra=    0.586908  00:35:12.9
#cdec= -32.934253 -32:56:03.3
#class= 0
#cmag_0= 11.709
#cmer_0=  0.128
#nskip_0= 57
#cmag_1= 11.701
#cmer_1=  0.117
#nskip_1= 58
#cmag_2= 11.698
#cmer_2=  0.115
#nskip_2= 58
#cmag_3= 11.698
#cmer_3=  0.117
#nskip_3= 58
#cmag_4= 11.699
#cmer_4=  0.121
#nskip_4= 57
#ra=    0.586908  00:35:12.9
#dec= -32.934253 -32:56:03.3
#     HJD      MAG_1  MAG_0  MAG_2  MAG_3  MAG_4    MER_1 MER_0 MER_2 MER_3 MER_4 GRADE FRAME
   1868.55987 11.718 11.756 11.714 11.727 11.732    0.026 0.058 0.023 0.025 0.027  A 47
   1869.54434 12.002 11.973 12.014 12.016 12.012    0.020 0.047 0.019 0.021 0.024  A 202
   1871.59254 11.715 11.729 11.717 11.728 11.719    0.025 0.070 0.022 0.023 0.025  A 500
   1873.56952 12.396 12.381 12.384 12.377 12.387    0.025 0.059 0.021 0.023 0.025  A 813
   1875.55947 12.284 12.268 12.272 12.261 12.233    0.026 0.060 0.022 0.024 0.026  A 1131
   1877.56032 11.837 11.867 11.837 11.847 11.832    0.023 0.038 0.020 0.024 0.025  A 1453
   1879.52959 11.640 11.685 11.623 11.605 11.610    0.022 0.042 0.018 0.021 0.024  A 1753
   1881.53032 11.556 11.543 11.550 11.554 11.553    0.021 0.040 0.019 0.020 0.023  A 2066
   1885.53626 11.575 11.609 11.585 11.598 11.604    0.025 0.038 0.021 0.024 0.026  A 2380
   1887.56807 11.603 11.581 11.610 11.611 11.606    0.024 0.050 0.022 0.025 0.029  A 2713
   1889.57756 11.606 11.567 11.578 11.562 11.568    0.028 0.042 0.025 0.028 0.032  A 3037
   1900.58946 11.751 11.788 11.745 11.743 11.731    0.026 0.039 0.021 0.023 0.025  A 3332
   1903.60841 11.770 11.800 11.759 11.745 11.744    0.029 0.052 0.024 0.025 0.027  A 3656
   1906.55241 11.579 11.609 11.576 11.579 11.585    0.024 0.041 0.019 0.020 0.022  A 4116
   1920.54186 12.452 12.508 12.442 12.421 12.392    0.025 0.038 0.019 0.021 0.024  A 5422
   1924.52596 11.647 11.627 11.631 11.625 11.666    0.029 0.041 0.027 0.030 0.035  A 6061
   1928.52506 11.578 11.564 11.579 11.594 11.576    0.030 0.042 0.026 0.028 0.033  A 6730
   1932.52604 11.580 11.505 11.544 11.516 11.507    0.031 0.039 0.025 0.026 0.031  A 7380
   2026.92926 11.756 11.790 11.739 11.730 11.765    0.039 0.055 0.042 0.049 0.060  B 17537
   2031.92521 11.567 11.543 11.585 11.598 11.609    0.029 0.048 0.027 0.029 0.034  A 18141
   2034.90999 11.554 11.590 11.545 11.542 11.537    0.033 0.047 0.030 0.032 0.035  A 18775
   2040.90629 11.704 11.791 11.683 11.685 11.688    0.037 0.079 0.034 0.037 0.041  A 19578
   2053.87244 11.569 11.566 11.575 11.586 11.602    0.029 0.064 0.026 0.027 0.030  A 20126
   2054.94778 11.850 11.883 11.852 11.832 11.752    0.052 0.085 0.057 0.069 0.083  D 20384
   2056.90119 11.544 11.615 11.541 11.548 11.568    0.030 0.069 0.025 0.027 0.029  A 20812
   2067.85873 11.755 11.738 11.760 11.775 11.763    0.030 0.065 0.026 0.028 0.033  A 21946
   2068.86158 11.733 11.808 11.737 11.739 11.724    0.037 0.066 0.031 0.033 0.036  A 22173
   2069.85455 11.648 11.628 11.661 11.667 11.675    0.030 0.068 0.026 0.030 0.032  A 22393
   2070.85846 11.644 11.631 11.656 11.674 11.673    0.029 0.062 0.024 0.026 0.029  A 22614
   2080.84137 11.665 11.644 11.677 11.679 11.673    0.030 0.068 0.026 0.027 0.030  A 22987
   2085.90317 11.665 11.694 11.663 11.666 11.671    0.027 0.043 0.022 0.024 0.028  A 23934
   2087.85802 12.087 12.171 12.084 12.098 12.141    0.034 0.068 0.032 0.036 0.039  A 24359
   2088.87004 12.087 12.082 12.093 12.103 12.130    0.027 0.061 0.023 0.026 0.029  A 24593
   2093.88719 12.559 12.607 12.531 12.518 12.528    0.028 0.056 0.024 0.025 0.028  A 24883
   2094.83026 11.571 11.636 11.588 11.593 11.603    0.033 0.060 0.027 0.030 0.034  A 25083
   2095.80832 11.587 11.583 11.615 11.649 11.633    0.049 0.074 0.050 0.057 0.066  B 25300
   2103.76462 11.763 11.727 11.759 11.740 11.744    0.030 0.060 0.025 0.027 0.029  A 25866
   2104.84161 11.596 11.611 11.600 11.602 11.603    0.027 0.056 0.024 0.026 0.029  A 26096
   2105.83522 11.653 11.642 11.644 11.631 11.628    0.028 0.060 0.024 0.026 0.028  A 26316
   2106.84087 11.664 11.660 11.665 11.658 11.663    0.033 0.060 0.025 0.026 0.028  A 26521
   2113.85160 11.858 11.850 11.859 11.865 11.876    0.027 0.042 0.021 0.022 0.025  A 26641
   2116.80545 11.608 11.651 11.594 11.590 11.601    0.026 0.042 0.022 0.024 0.026  A 27160
   2117.79521 11.643 11.659 11.631 11.624 11.637    0.028 0.054 0.024 0.025 0.029  A 27374
   2129.84800 11.585 11.563 11.593 11.585 11.594    0.024 0.037 0.021 0.023 0.026  A 28245
   2130.75942 12.036 12.039 12.042 12.044 12.047    0.025 0.054 0.022 0.023 0.025  A 28423
   2131.75859 11.857 11.889 11.855 11.843 11.834    0.027 0.060 0.023 0.025 0.028  A 28622
   2132.76789 11.860 11.933 11.840 11.840 11.834    0.029 0.062 0.023 0.025 0.028  A 28838
   2133.76555 11.647 11.639 11.667 11.678 11.665    0.026 0.053 0.022 0.024 0.027  A 29053
   2134.77017 11.615 11.562 11.626 11.635 11.648    0.027 0.053 0.024 0.026 0.029  A 29269
   2135.75975 11.582 11.591 11.583 11.595 11.566    0.047 0.068 0.046 0.053 0.060  B 29479
   2136.75552 11.633 11.707 11.615 11.617 11.616    0.028 0.054 0.024 0.027 0.029  A 29691
   2141.75227 11.575 11.538 11.585 11.590 11.597    0.024 0.051 0.022 0.024 0.027  A 30444
   2143.73910 11.672 11.669 11.667 11.666 11.680    0.034 0.059 0.029 0.031 0.033  A 30843
   2144.74154 11.708 11.708 11.698 11.688 11.679    0.026 0.052 0.023 0.025 0.028  A 31049
   2156.77471 11.690 11.674 11.650 11.642 11.639    0.034 0.044 0.029 0.031 0.034  A 31706
   2164.69321 11.730 11.730 11.727 11.724 11.717    0.032 0.047 0.026 0.027 0.029  A 31931
   2167.67937 12.614 12.568 12.612 12.618 12.616    0.032 0.049 0.026 0.029 0.031  A 32115
   2168.68682 12.612 12.612 12.592 12.599 12.590    0.033 0.054 0.027 0.028 0.030  A 32286
   2169.69845 12.508 12.508 12.552 12.589 12.601    0.034 0.034 0.027 0.030 0.028  A 32444
   2170.73754 12.130 12.062 12.033 12.079 12.130    0.072 0.077 0.075 0.090 0.103  D 32504
   2171.68996 11.976 11.983 11.965 11.948 11.957    0.030 0.040 0.025 0.026 0.029  A 32624
   2173.67283 11.674 11.670 11.689 11.704 11.711    0.029 0.044 0.024 0.025 0.027  A 32994
   2174.68021 11.737 11.688 11.729 11.735 11.724    0.033 0.046 0.026 0.028 0.030  A 33171
   2175.65823 11.679 11.621 11.663 11.662 11.661    0.039 0.051 0.034 0.037 0.040  A 33306
   2177.64779 11.593 11.627 11.632 11.631 11.665    0.038 0.052 0.030 0.032 0.035  A 33430
   2183.72764 11.637 11.653 11.613 11.585 11.592    0.036 0.038 0.032 0.034 0.034  A 33926
   2185.64986 11.752 11.746 11.764 11.789 11.809    0.037 0.043 0.030 0.032 0.034  A 34271
   2186.67595 11.719 11.681 11.714 11.718 11.697    0.038 0.042 0.030 0.033 0.033  A 34397
   2188.67191 11.779 11.803 11.802 11.807 11.781    0.037 0.041 0.031 0.034 0.032  A 34706
   2190.60706 11.607 11.627 11.620 11.620 11.616    0.035 0.043 0.028 0.028 0.029  A 34925
   2191.64527 11.726 11.714 11.710 11.705 11.687    0.030 0.034 0.024 0.025 0.026  A 35117
   2192.64209 11.630 11.645 11.627 11.608 11.622    0.030 0.042 0.024 0.026 0.028  A 35290
   2193.64771 11.661 11.655 11.653 11.649 11.654    0.031 0.037 0.025 0.026 0.026  A 35475
   2194.62991 11.619 11.596 11.609 11.629 11.602    0.035 0.043 0.027 0.028 0.030  A 35646
   2195.63193 11.584 11.611 11.605 11.601 11.597    0.034 0.042 0.027 0.028 0.030  A 35824
   2196.64002 11.587 11.622 11.579 11.569 11.569    0.035 0.044 0.029 0.031 0.032  A 35960
   2197.62848 11.593 11.582 11.568 11.562 11.553    0.036 0.045 0.028 0.029 0.029  A 36139
   2198.62284 11.651 11.593 11.652 11.661 11.648    0.034 0.043 0.027 0.029 0.029  A 36308
   2199.62791 11.566 11.577 11.575 11.578 11.603    0.035 0.042 0.029 0.030 0.029  A 36490
   2201.60765 11.643 11.681 11.651 11.644 11.652    0.035 0.042 0.027 0.028 0.028  A 36730
   2202.61746 11.735 11.733 11.740 11.750 11.729    0.036 0.043 0.028 0.030 0.029  A 36902
   2203.61594 11.806 11.802 11.814 11.839 11.804    0.041 0.044 0.035 0.039 0.042  A 37075
   2204.60271 12.019 12.008 12.044 12.065 12.077    0.037 0.042 0.027 0.029 0.028  A 37196
   2206.60370 12.490 12.486 12.500 12.528 12.547    0.037 0.039 0.029 0.033 0.030  A 37472
   2207.60701 12.591 12.629 12.609 12.595 12.610    0.038 0.046 0.030 0.032 0.033  A 37646
   2211.62397 12.638 12.712 12.567 12.532 12.569    0.043 0.046 0.038 0.042 0.041  A 37846
   2213.57072 11.656 11.628 11.638 11.636 11.593    0.039 0.041 0.033 0.035 0.034  A 38059
   2214.59498 11.706 11.721 11.686 11.688 11.721    0.039 0.045 0.031 0.034 0.035  A 38217
   2215.59484 11.553 11.598 11.586 11.582 11.586    0.042 0.047 0.036 0.040 0.039  A 38384
   2216.59508 11.609 11.600 11.647 11.661 11.644    0.038 0.043 0.032 0.036 0.034  A 38554
   2217.59693 11.550 11.532 11.536 11.514 11.560    0.037 0.043 0.030 0.036 0.033  A 38722
   2219.56561 11.503 11.509 11.534 11.555 11.574    0.040 0.044 0.033 0.037 0.035  A 38882
   2221.58449 11.588 11.563 11.578 11.598 11.587    0.039 0.045 0.032 0.036 0.033  A 39007
   2222.58917 11.694 11.634 11.683 11.687 11.655    0.038 0.042 0.031 0.038 0.035  A 39164
   2225.59084 11.591 11.592 11.602 11.611 11.605    0.036 0.041 0.029 0.034 0.032  A 39489
   2226.58258 11.676 11.672 11.716 11.741 11.715    0.036 0.044 0.030 0.036 0.035  A 39640
   2227.58093 11.986 12.032 11.947 11.934 11.884    0.040 0.043 0.031 0.036 0.034  A 39792
   2228.57915 11.723 11.727 11.693 11.709 11.713    0.038 0.044 0.032 0.041 0.039  A 39954
   2230.54825 11.734 11.669 11.708 11.715 11.693    0.039 0.044 0.031 0.036 0.034  A 40268
   2232.56357 11.742 11.706 11.746 11.771 11.726    0.036 0.042 0.031 0.035 0.034  A 40442
   2234.53717 11.695 11.613 11.707 11.718 11.696    0.039 0.044 0.033 0.039 0.037  A 40746
   2235.55098 11.603 11.604 11.616 11.629 11.625    0.037 0.044 0.030 0.035 0.033  A 40907
   2236.54968 11.659 11.617 11.685 11.683 11.664    0.042 0.049 0.034 0.041 0.039  A 41069
   2239.54360 11.650 11.682 11.646 11.672 11.672    0.042 0.048 0.035 0.043 0.042  A 41382
   2241.54733 11.667 11.658 11.679 11.643 11.661    0.043 0.048 0.036 0.043 0.041  A 41701
   2243.55027 11.669 11.645 11.676 11.721 11.727    0.048 0.057 0.041 0.050 0.050  A 42018
   2248.53929 12.596 12.588 12.599 12.634 12.673    0.043 0.054 0.036 0.042 0.042  A 42455
   2250.59133 12.303 12.310 12.309 12.363 12.354    0.043 0.048 0.034 0.040 0.038  A 42835
   2254.57872 11.965 11.924 12.054 12.086 12.125    0.044 0.056 0.036 0.041 0.039  A 43445
   2258.58511 11.663 11.621 11.676 11.660 11.649    0.053 0.062 0.043 0.048 0.046  A 44088
   2263.58212 11.531 11.545 11.558 11.556 11.541    0.059 0.075 0.048 0.056 0.054  D 44683
   2266.53665 11.544 11.566 11.563 11.584 11.598    0.052 0.066 0.045 0.056 0.056  B 45095
   2446.84462 11.670 11.607 11.697 11.715 11.725    0.051 0.048 0.041 0.040 0.039  A 9346
   2465.84141 12.505 12.540 12.518 12.544 12.510    0.042 0.042 0.035 0.039 0.030  A 11148
   2467.83185 11.878 11.900 11.888 11.892 11.888    0.026 0.021 0.018 0.019 0.019  A 11581
   2470.81720 11.570 11.560 11.566 11.561 11.565    0.036 0.036 0.029 0.034 0.029  A 12074
   2471.88873 12.164 12.133 12.134 12.114 12.105    0.034 0.032 0.029 0.034 0.029  A 12584
   2473.83733 11.648 11.630 11.640 11.627 11.593    0.041 0.038 0.033 0.037 0.028  A 12770
   2481.82714 11.597 11.549 11.600 11.604 11.598    0.046 0.050 0.040 0.045 0.040  A 13031
   2482.73145 11.665 11.631 11.632 11.614 11.597    0.041 0.045 0.035 0.039 0.035  A 13196
   2486.78501 11.706 11.740 11.700 11.659 11.694    0.042 0.044 0.040 0.047 0.044  A 13387
   2489.75893 11.646 11.594 11.637 11.636 11.631    0.035 0.031 0.028 0.031 0.031  A 13900
   2493.77720 11.604 11.578 11.587 11.576 11.571    0.042 0.043 0.038 0.045 0.037  A 14534
   2498.75871 11.699 11.649 11.673 11.693 11.670    0.034 0.030 0.026 0.030 0.024  A 15489
   2499.76892 11.716 11.623 11.697 11.713 11.679    0.032 0.028 0.024 0.026 0.021  A 15703
   2501.75859 12.059 12.002 12.029 12.053 12.014    0.034 0.030 0.026 0.027 0.023  A 16061
   2502.76306 12.103 12.160 12.077 12.061 12.078    0.033 0.031 0.029 0.036 0.026  A 16275
   2503.76782 12.335 12.369 12.317 12.303 12.230    0.045 0.045 0.042 0.050 0.044  A 16481
   2520.77331 11.667 11.647 11.661 11.675 11.644    0.039 0.047 0.027 0.028 0.022  A 18257
   2521.74235 11.681 11.714 11.687 11.687 11.700    0.028 0.029 0.021 0.020 0.020  A 18440
   2526.79060 11.682 11.693 11.694 11.688 11.694    0.049 0.049 0.037 0.029 0.023  A 18907
   2529.68436 11.492 11.488 11.497 11.499 11.489    0.046 0.054 0.035 0.037 0.035  A 19096
   2540.63675 12.495 12.532 12.526 12.511 12.535    0.031 0.031 0.026 0.027 0.028  A 19710
   2544.70682 12.174 12.198 12.145 12.148 12.190    0.033 0.030 0.030 0.028 0.027  A 20011
   2545.74773 11.736 11.715 11.721 11.735 11.736    0.027 0.026 0.020 0.019 0.021  A 20218
   2552.76488 12.593 12.595 12.586 12.579 12.571    0.023 0.027 0.019 0.021 0.024  A 21198
   2553.81225 11.951 11.990 11.977 12.002 12.019    0.045 0.055 0.040 0.046 0.049  A 21397
   2556.61736 11.655 11.652 11.687 11.738 11.738    0.038 0.043 0.031 0.033 0.032  A 21681
   2558.67328 11.658 11.617 11.641 11.635 11.622    0.026 0.027 0.018 0.018 0.020  A 22061
   2558.75325 11.681 11.683 11.676 11.676 11.671    0.030 0.034 0.024 0.025 0.028  A 22095
   2559.66890 11.673 11.713 11.671 11.660 11.650    0.022 0.033 0.018 0.020 0.022  A 22240
   2560.66037 11.676 11.718 11.703 11.713 11.758    0.031 0.030 0.024 0.029 0.029  A 22415
   2561.65628 11.775 11.827 11.756 11.740 11.741    0.019 0.034 0.018 0.020 0.023  A 22561
   2562.64829 11.820 11.792 11.797 11.786 11.788    0.039 0.025 0.029 0.033 0.030  A 22738
   2565.80599 11.590 11.647 11.587 11.573 11.569    0.032 0.030 0.032 0.032 0.036  A 23343
   2578.68842 11.599 11.596 11.607 11.588 11.576    0.035 0.033 0.025 0.026 0.022  A 24967
   2620.57565 11.766 11.702 11.705 11.701 11.656    0.044 0.054 0.030 0.027 0.025  A 29444
   2624.64199 11.683 11.667 11.674 11.658 11.639    0.023 0.036 0.024 0.026 0.030  A 30253
   2627.65078 11.684 11.695 11.676 11.679 11.680    0.023 0.023 0.024 0.026 0.030  A 30577
   2629.64773 11.752 11.732 11.751 11.751 11.749    0.024 0.031 0.023 0.027 0.030  A 30877
   2634.59630 11.845 11.841 11.829 11.818 11.804    0.023 0.022 0.021 0.021 0.021  A 32060
   2636.61829 11.871 11.869 11.866 11.874 11.874    0.020 0.018 0.018 0.020 0.023  A 32373
   2638.62782 11.720 11.729 11.691 11.668 11.669    0.022 0.026 0.021 0.023 0.025  A 32668
   2640.62568 11.618 11.628 11.605 11.604 11.601    0.020 0.026 0.019 0.020 0.024  A 32977
   2642.62343 11.616 11.600 11.607 11.605 11.627    0.021 0.020 0.020 0.022 0.025  A 33261
   2644.61920 11.582 11.592 11.564 11.553 11.563    0.024 0.033 0.022 0.024 0.028  A 33564
   2649.53365 11.858 11.822 11.839 11.829 11.832    0.049 0.032 0.024 0.024 0.025  A 34083
   2651.55058 11.755 11.777 11.748 11.740 11.726    0.036 0.029 0.026 0.026 0.028  A 34400
   2653.57110 11.796 11.796 11.806 11.809 11.799    0.029 0.039 0.022 0.025 0.026  A 34716
   2655.59590 11.738 11.793 11.728 11.701 11.689    0.023 0.025 0.023 0.025 0.029  A 35216
   2659.54985 11.628 11.647 11.625 11.648 11.649    0.021 0.026 0.020 0.021 0.024  A 35732
   2661.54891 11.651 11.663 11.665 11.678 11.678    0.020 0.030 0.018 0.022 0.024  A 36074
   2663.55010 11.668 11.665 11.664 11.650 11.637    0.022 0.028 0.021 0.022 0.025  A 36413
   2665.55442 11.678 11.708 11.670 11.668 11.656    0.022 0.024 0.020 0.023 0.026  A 36766
   2667.55598 11.748 11.794 11.748 11.747 11.748    0.022 0.025 0.021 0.023 0.026  A 37071
   2669.55248 11.924 11.973 11.976 12.020 12.021    0.055 0.054 0.057 0.062 0.068  D 37396
   2672.53251 12.570 12.543 12.568 12.557 12.551    0.020 0.021 0.020 0.021 0.024  A 37881
   2675.52133 11.764 11.736 11.747 11.758 11.791    0.028 0.027 0.028 0.031 0.036  A 38409
   2677.52471 11.632 11.651 11.618 11.600 11.604    0.026 0.027 0.026 0.027 0.031  A 38757
   2681.52540 11.578 11.616 11.581 11.590 11.606    0.025 0.029 0.024 0.028 0.033  A 39412
   2759.92312 11.781 11.760 11.801 11.799 11.816    0.036 0.033 0.035 0.041 0.049  A 53344
   2763.92232 11.646 11.562 11.645 11.652 11.663    0.032 0.025 0.028 0.031 0.034  A 54149
   2767.92360 11.544 11.580 11.551 11.543 11.541    0.027 0.024 0.023 0.026 0.029  A 54625
   2783.90398 11.736 11.667 11.694 11.670 11.651    0.030 0.028 0.028 0.030 0.035  A 56044
   2785.87987 11.621 11.640 11.619 11.608 11.585    0.045 0.042 0.044 0.046 0.051  A 56453
   2809.84437 11.516 11.551 11.553 11.562 11.569    0.032 0.026 0.025 0.029 0.029  A 59592
   2812.84560 11.615 11.663 11.606 11.613 11.632    0.039 0.030 0.029 0.034 0.036  A 60271
   2816.93941 11.522 11.535 11.521 11.527 11.560    0.029 0.029 0.021 0.023 0.025  A 60985
   2820.86369 11.842 11.843 11.841 11.838 11.828    0.033 0.026 0.026 0.029 0.029  A 61606
   2829.92577 11.692 11.723 11.703 11.702 11.739    0.027 0.028 0.022 0.023 0.025  A 62407
   2831.85834 11.609 11.606 11.623 11.638 11.657    0.028 0.026 0.021 0.024 0.026  A 62824
   2836.85166 11.705 11.694 11.691 11.696 11.681    0.028 0.026 0.025 0.028 0.032  A 63765
   2839.88008 11.730 11.717 11.726 11.717 11.742    0.038 0.034 0.035 0.041 0.047  A 64210
   2841.82538 12.347 12.321 12.329 12.317 12.288    0.033 0.029 0.028 0.031 0.033  A 64606
   2844.85643 12.274 12.219 12.271 12.280 12.297    0.028 0.025 0.022 0.026 0.024  A 65094
   2851.86753 11.571 11.576 11.571 11.568 11.574    0.023 0.021 0.017 0.019 0.020  A 65538
   2854.75012 11.862 11.880 11.857 11.851 11.849    0.025 0.021 0.018 0.020 0.021  A 65929
   2859.77270 11.868 11.874 11.848 11.830 11.817    0.026 0.021 0.019 0.021 0.022  A 66597
   2861.76247 11.796 11.778 11.773 11.772 11.758    0.030 0.025 0.025 0.029 0.033  A 67014
   2871.84463 11.654 11.678 11.646 11.639 11.635    0.027 0.022 0.019 0.021 0.021  A 68037
   2874.76129 11.662 11.657 11.656 11.651 11.633    0.039 0.027 0.025 0.027 0.024  A 68414
   2876.75577 11.827 11.818 11.828 11.828 11.836    0.024 0.021 0.018 0.017 0.019  A 68809
   2883.73222 11.813 11.772 11.794 11.790 11.778    0.026 0.022 0.018 0.019 0.019  A 69659
   2885.69269 11.631 11.681 11.650 11.651 11.657    0.023 0.022 0.018 0.018 0.019  A 70048
   2886.79446 12.133 12.151 12.154 12.154 12.182    0.036 0.030 0.024 0.024 0.025  A 70303
   2893.75618 11.621 11.605 11.601 11.576 11.575    0.029 0.030 0.026 0.031 0.035  A 70926
   2894.69919 11.663 11.663 11.621 11.655 11.666    0.041 0.033 0.035 0.041 0.043  A 71103
   2894.86246 11.946 11.881 11.941 11.969 11.960    0.037 0.040 0.031 0.034 0.035  A 71165
   2898.69981 11.827 11.801 11.829 11.833 11.851    0.023 0.021 0.018 0.019 0.022  A 71895
   2900.69351 11.773 11.717 11.761 11.776 11.772    0.032 0.028 0.023 0.026 0.025  A 72248
   2903.77376 11.759 11.753 11.733 11.735 11.733    0.026 0.023 0.021 0.023 0.025  A 72722
   2905.74973 11.721 11.774 11.736 11.741 11.738    0.020 0.027 0.016 0.016 0.020  A 73027
   2908.69490 11.551 11.567 11.566 11.555 11.553    0.024 0.019 0.016 0.018 0.020  A 73434
   2910.73120 11.569 11.619 11.577 11.581 11.592    0.022 0.042 0.018 0.019 0.020  A 73762
   2915.66882 11.814 11.818 11.830 11.820 11.809    0.021 0.042 0.019 0.021 0.023  A 74397
   2916.75859 11.524 11.546 11.534 11.540 11.551    0.030 0.034 0.025 0.025 0.028  A 74628
   2918.68904 11.950 11.995 11.939 11.922 11.928    0.024 0.031 0.022 0.025 0.029  A 74911
   2921.72798 11.903 11.848 11.887 11.860 11.842    0.028 0.037 0.029 0.035 0.045  A 75118
   2926.72138 12.378 12.334 12.327 12.308 12.294    0.023 0.023 0.019 0.020 0.023  A 75851
   2928.71835 11.884 11.878 11.897 11.903 11.901    0.024 0.027 0.021 0.024 0.028  A 76223
   2930.71073 11.701 11.696 11.690 11.694 11.696    0.020 0.023 0.019 0.019 0.022  A 76569
   2932.69967 11.662 11.686 11.662 11.651 11.652    0.025 0.028 0.027 0.031 0.036  A 76920
   2934.69438 11.627 11.639 11.622 11.602 11.597    0.022 0.022 0.017 0.018 0.020  A 77272
   2936.69796 11.596 11.586 11.612 11.617 11.645    0.050 0.051 0.053 0.060 0.071  D 77624
   2940.57834 11.628 11.615 11.617 11.599 11.596    0.021 0.029 0.018 0.019 0.022  A 77976
   2943.58884 11.553 11.565 11.562 11.553 11.562    0.036 0.023 0.026 0.031 0.028  A 78342
   2944.73349 11.695 11.715 11.702 11.699 11.699    0.211 0.351 0.110 0.070 0.042  D 78567
   2946.60816 11.557 11.578 11.578 11.570 11.571    0.026 0.023 0.023 0.028 0.027  A 78813
   2948.60712 11.570 11.646 11.586 11.614 11.631    0.035 0.027 0.030 0.033 0.038  A 79126
   2950.63896 11.612 11.592 11.603 11.596 11.583    0.025 0.027 0.024 0.029 0.033  A 79444
   2954.65338 11.607 11.601 11.600 11.578 11.598    0.028 0.026 0.026 0.030 0.035  A 79947
   2956.65196 11.705 11.698 11.717 11.741 11.731    0.037 0.033 0.039 0.043 0.046  A 80241
   2958.64530 11.728 11.743 11.710 11.704 11.697    0.023 0.022 0.021 0.023 0.026  A 80526
   2960.64390 11.937 12.005 11.898 11.822 11.790    0.088 0.067 0.088 0.088 0.081  D 80780
   2962.65063 12.164 12.167 12.166 12.188 12.205    0.022 0.022 0.020 0.022 0.025  A 81067
   2964.65656 12.572 12.566 12.579 12.633 12.662    0.023 0.022 0.021 0.023 0.026  A 81352
   2966.66184 12.482 12.576 12.465 12.434 12.385    0.040 0.035 0.044 0.045 0.047  A 81640
   2968.66661 12.198 12.226 12.181 12.168 12.159    0.021 0.023 0.020 0.022 0.025  A 81917
   2973.55427 11.630 11.657 11.670 11.694 11.707    0.025 0.023 0.019 0.022 0.025  A 82435
   2975.57980 11.633 11.658 11.642 11.637 11.639    0.025 0.034 0.022 0.025 0.029  A 82692
   2977.60773 11.662 11.630 11.653 11.659 11.674    0.022 0.022 0.020 0.023 0.027  A 82974
   2979.62850 11.635 11.616 11.647 11.657 11.659    0.024 0.028 0.024 0.028 0.032  A 83251
   2981.64540 11.616 11.625 11.626 11.625 11.608    0.025 0.028 0.025 0.031 0.036  A 83513
   2983.66444 11.590 11.584 11.609 11.627 11.637    0.026 0.028 0.026 0.030 0.036  A 83788
   2991.54784 11.650 11.689 11.641 11.624 11.602    0.022 0.024 0.021 0.023 0.026  A 84744
   2993.58353 11.631 11.606 11.613 11.602 11.582    0.035 0.031 0.038 0.040 0.042  A 85035
   2995.63356 11.667 11.696 11.673 11.661 11.663    0.023 0.024 0.022 0.024 0.027  A 85308
   2997.65967 11.665 11.665 11.647 11.641 11.630    0.023 0.022 0.021 0.024 0.028  A 85593
   3006.58168 12.471 12.475 12.473 12.465 12.432    0.027 0.028 0.027 0.032 0.038  A 86567
   3008.60993 12.557 12.543 12.564 12.541 12.495    0.027 0.026 0.027 0.030 0.035  A 86832
   3011.58093 11.687 11.728 11.693 11.698 11.726    0.029 0.029 0.029 0.033 0.040  A 87227
   3016.60285 11.616 11.616 11.631 11.639 11.621    0.038 0.030 0.040 0.043 0.048  A 87731
   3019.56027 11.609 11.613 11.599 11.600 11.611    0.034 0.032 0.035 0.038 0.044  A 88111
   3030.53184 11.629 11.641 11.617 11.628 11.624    0.024 0.023 0.024 0.027 0.032  A 88694
   3033.54197 11.625 11.658 11.617 11.621 11.604    0.030 0.031 0.030 0.036 0.043  A 88992
   3037.54302 11.573 11.555 11.544 11.562 11.569    0.030 0.027 0.027 0.030 0.036  A 89451
   3042.52053 11.878 11.853 11.885 11.868 11.829    0.031 0.029 0.030 0.034 0.040  A 89755
   3046.51714 12.784 12.760 12.855 12.936 12.951    0.032 0.029 0.030 0.036 0.043  A 90295
   3130.92440 12.439 12.467 12.417 12.382 12.380    0.051 0.053 0.050 0.055 0.058  B 101587
   3157.91721 11.754 11.767 11.749 11.723 11.710    0.042 0.035 0.047 0.053 0.058  B 104323
   3171.88646 11.881 11.934 11.855 11.827 11.818    0.034 0.033 0.034 0.040 0.048  A 106264
   3177.90615 29.999 29.999 29.999 29.999 29.999    0.062 0.062 0.063 0.071 0.081  D 106988
   3177.93468 11.987 12.015 11.994 12.020 12.012    0.044 0.041 0.045 0.055 0.063  B 106999
   3180.90085 11.865 11.846 11.847 11.840 11.825    0.022 0.021 0.021 0.023 0.026  A 107432
   3185.88375 11.538 11.503 11.532 11.523 11.514    0.026 0.029 0.025 0.029 0.034  A 108017
   3193.93136 11.554 11.541 11.557 11.553 11.535    0.032 0.043 0.027 0.030 0.035  A 108990
   3266.72098 11.612 11.631 11.611 11.613 11.618    0.030 0.039 0.023 0.025 0.026  A 115215
   3270.68296 11.734 11.740 11.721 11.694 11.665    0.038 0.039 0.029 0.030 0.034  A 115811
   3276.74475 11.733 11.770 11.762 11.766 11.760    0.034 0.041 0.030 0.036 0.042  A 116602
   3278.83110 11.651 11.601 11.647 11.634 11.632    0.037 0.039 0.033 0.037 0.044  A 116889
   3291.77411 11.555 11.563 11.561 11.551 11.549    0.034 0.040 0.023 0.022 0.022  A 118183
   3298.63220 11.741 11.712 11.743 11.763 11.782    0.029 0.036 0.023 0.025 0.029  A 118801
   3356.60491 11.695 11.705 11.705 11.698 11.666    0.051 0.097 0.045 0.048 0.049  D 124463
   3359.59451 11.925 11.948 11.930 11.941 11.948    0.047 0.092 0.040 0.044 0.047  D 124793
   3362.62143 11.908 11.930 11.907 11.914 11.924    0.038 0.050 0.036 0.039 0.043  A 124832
   3366.60664 11.700 11.785 11.684 11.683 11.679    0.043 0.078 0.037 0.042 0.049  A 125161
   3385.54186 11.630 11.615 11.647 11.651 11.643    0.032 0.061 0.029 0.032 0.036  A 126002
   3387.56889 11.691 11.748 11.707 11.727 11.711    0.037 0.067 0.033 0.037 0.042  A 126295
   3390.55951 11.526 11.533 11.548 11.564 11.565    0.030 0.041 0.028 0.033 0.039  A 126695
   3394.55955 11.598 11.609 11.588 11.584 11.583    0.027 0.031 0.029 0.034 0.038  A 127114
   3397.55044 11.634 11.673 11.636 11.634 11.626    0.026 0.043 0.027 0.031 0.036  A 127472
   3400.54587 11.812 11.801 11.825 11.838 11.870    0.023 0.031 0.022 0.024 0.028  A 127879
   3404.53517 11.802 11.827 11.786 11.772 11.762    0.023 0.031 0.023 0.025 0.029  A 128371
   3411.51912 11.663 11.680 11.647 11.626 11.616    0.030 0.037 0.032 0.039 0.044  A 129439
   3512.89061 11.669 11.681 11.678 11.692 11.712    0.031 0.045 0.027 0.032 0.037  A 143945
   3526.88496 11.831 11.844 11.841 11.854 11.858    0.033 0.042 0.033 0.037 0.042  A 145765
   3541.88309 11.565 11.592 11.566 11.560 11.557    0.026 0.030 0.025 0.030 0.035  A 147324
   3544.90053 99.999 99.999 99.999 99.999 99.999    0.027 0.037 0.028 0.034 0.039  C 147788
   3552.86475 12.004 12.006 12.020 12.026 12.038    0.029 0.036 0.028 0.031 0.036  A 148544
   3560.82651 11.641 11.634 11.647 11.663 11.679    0.036 0.047 0.032 0.034 0.037  A 149625
   3563.84612 11.777 11.744 11.771 11.766 11.753    0.025 0.031 0.025 0.028 0.031  A 150155
   3568.90452 11.637 11.624 11.623 11.629 11.625    0.030 0.033 0.023 0.025 0.028  A 150470
   3570.88334 11.714 11.709 11.728 11.751 11.768    0.026 0.032 0.024 0.027 0.030  A 150839
   3573.84055 11.767 11.744 11.779 11.771 11.757    0.034 0.038 0.027 0.031 0.035  A 151179
   3576.82620 11.649 11.626 11.627 11.617 11.638    0.027 0.032 0.025 0.029 0.033  A 151710
   3579.87887 11.638 11.623 11.650 11.654 11.659    0.038 0.058 0.034 0.036 0.041  A 152237
   3583.83963 11.595 11.609 11.589 11.587 11.603    0.031 0.049 0.026 0.028 0.030  A 152904
   3586.80074 11.926 11.988 11.921 11.923 11.910    0.040 0.068 0.034 0.036 0.038  A 153404
   3589.79317 12.610 12.626 12.600 12.593 12.604    0.031 0.048 0.025 0.026 0.029  A 153895
   3592.78139 11.920 11.920 11.931 11.935 11.958    0.035 0.065 0.031 0.033 0.035  A 154408
   3596.82908 11.985 12.003 11.958 11.931 11.914    0.035 0.045 0.036 0.044 0.051  A 155023
   3603.73618 11.615 11.658 11.612 11.602 11.610    0.028 0.034 0.026 0.029 0.034  A 155916
   3615.87431 11.683 11.716 11.674 11.653 11.645    0.037 0.060 0.035 0.041 0.048  A 156981
   3618.71942 11.662 11.603 11.668 11.672 11.681    0.040 0.066 0.037 0.040 0.045  A 157310
   3621.70963 11.706 11.692 11.690 11.650 11.614    0.042 0.071 0.040 0.045 0.053  A 157763
   3624.75457 11.675 11.692 11.659 11.652 11.654    0.033 0.034 0.023 0.025 0.027  A 158084
   3626.75112 11.707 11.732 11.705 11.701 11.701    0.032 0.032 0.026 0.030 0.033  A 158357
   3629.70916 12.628 12.599 12.592 12.564 12.602    0.033 0.037 0.029 0.034 0.039  A 158641
   3631.72787 12.476 12.512 12.441 12.358 12.327    0.036 0.059 0.032 0.039 0.046  A 158985
   3633.76520 12.558 12.551 12.506 12.464 12.440    0.028 0.033 0.027 0.032 0.038  A 159259
   3636.75397 11.969 11.984 11.978 11.983 11.985    0.031 0.040 0.029 0.033 0.040  A 159621
   3639.66020 11.649 11.622 11.641 11.637 11.637    0.040 0.051 0.035 0.036 0.040  A 159944
   3641.85006 12.606 12.639 12.583 12.572 12.577    0.027 0.030 0.024 0.027 0.031  A 160245
   3644.64859 11.817 11.857 11.806 11.793 11.785    0.039 0.068 0.038 0.044 0.050  A 160610
   3647.82070 11.633 11.639 11.633 11.637 11.642    0.027 0.028 0.021 0.024 0.027  A 160936
   3650.63778 11.725 11.694 11.728 11.726 11.730    0.026 0.034 0.020 0.022 0.024  A 161310
   3652.67104 11.704 11.687 11.741 11.761 11.799    0.041 0.081 0.035 0.037 0.040  B 161614
   3654.66971 11.668 11.608 11.671 11.659 11.664    0.036 0.070 0.032 0.034 0.038  A 161890
   3656.64938 11.657 11.642 11.663 11.673 11.703    0.026 0.032 0.024 0.026 0.029  A 162181
   3658.66432 11.662 11.663 11.656 11.648 11.640    0.027 0.035 0.028 0.032 0.035  A 162482
   3660.69249 11.732 11.714 11.731 11.735 11.730    0.037 0.054 0.034 0.041 0.047  A 162800
   3662.75460 11.731 11.769 11.721 11.707 11.694    0.039 0.053 0.041 0.049 0.059  B 163105
   3664.77030 11.663 11.632 11.659 11.655 11.626    0.034 0.057 0.031 0.033 0.037  A 163400
   3668.65177 12.177 12.153 12.173 12.184 12.199    0.027 0.032 0.022 0.023 0.025  A 163834
   3670.68778 11.908 11.932 11.920 11.926 11.941    0.026 0.032 0.022 0.024 0.027  A 164130
   3672.76837 11.613 11.653 11.624 11.621 11.629    0.027 0.035 0.025 0.029 0.033  A 164442
   3675.60522 11.614 11.594 11.614 11.622 11.630    0.023 0.031 0.022 0.025 0.027  A 164821
   3677.72501 12.623 12.630 12.635 12.672 12.683    0.035 0.058 0.028 0.029 0.032  A 165144
   3700.59644 11.625 11.581 11.606 11.593 11.582    0.034 0.048 0.032 0.034 0.039  A 168027
   3702.72969 11.951 11.955 11.950 11.944 11.966    0.030 0.046 0.027 0.030 0.034  A 168331
   3705.61586 11.646 11.664 11.649 11.644 11.643    0.044 0.084 0.038 0.040 0.042  B 168700
   3707.69493 11.688 11.703 11.682 11.674 11.684    0.031 0.054 0.025 0.027 0.029  A 169002
   3711.69718 11.685 11.733 11.687 11.689 11.708    0.031 0.056 0.027 0.028 0.032  A 169284
   3713.65089 11.808 11.834 11.789 11.776 11.756    0.035 0.063 0.031 0.034 0.038  A 169544
   3715.68889 11.734 11.812 11.721 11.716 11.688    0.036 0.063 0.036 0.042 0.048  A 169843
   3718.58124 11.786 11.787 11.771 11.759 11.777    0.032 0.050 0.032 0.037 0.041  A 170181
   3720.66563 12.464 12.428 12.417 12.379 12.392    0.032 0.049 0.032 0.039 0.045  A 170447
   3726.57617 11.692 11.714 11.679 11.672 11.648    0.042 0.055 0.043 0.046 0.045  A 171116
   3728.63190 11.696 11.710 11.690 11.691 11.655    0.031 0.046 0.031 0.036 0.041  A 171410
   3732.59624 11.768 11.778 11.780 11.796 11.813    0.033 0.038 0.034 0.039 0.043  A 171808
   3735.59563 11.907 11.896 11.902 11.897 11.900    0.023 0.034 0.022 0.026 0.029  A 172198
   3738.56540 11.698 11.736 11.692 11.685 11.679    0.030 0.050 0.025 0.027 0.030  A 172605
   3740.61708 11.825 11.792 11.830 11.845 11.848    0.026 0.035 0.024 0.027 0.031  A 172900
   3743.59884 11.638 11.683 11.649 11.664 11.671    0.029 0.049 0.027 0.031 0.034  A 173266
   3747.57386 11.983 12.058 11.945 11.928 11.907    0.027 0.037 0.029 0.035 0.041  A 173793
   3750.56894 11.690 11.761 11.672 11.682 11.685    0.035 0.053 0.034 0.040 0.048  A 174216
   3753.56961 11.922 11.933 11.943 11.957 11.962    0.034 0.050 0.033 0.037 0.040  A 174633
   3756.56205 12.625 12.668 12.683 12.738 12.682    0.033 0.049 0.033 0.039 0.048  A 175038
   3759.55283 11.869 11.921 11.838 11.817 11.811    0.032 0.047 0.034 0.039 0.043  A 175455
   3762.55480 11.698 11.700 11.689 11.677 11.674    0.035 0.048 0.038 0.043 0.048  A 175849
   3765.54798 11.719 11.714 11.722 11.727 11.738    0.034 0.039 0.035 0.038 0.043  A 176265
   3768.54167 11.621 11.587 11.607 11.593 11.580    0.040 0.073 0.040 0.045 0.051  A 176681
   3772.53433 11.725 11.769 11.726 11.707 11.711    0.028 0.043 0.026 0.029 0.033  A 177187
   3776.52344 11.886 11.848 11.902 11.894 11.887    0.034 0.057 0.034 0.041 0.048  A 177758
   3860.92755 11.820 11.854 11.829 11.832 11.865    0.034 0.040 0.032 0.037 0.044  A 188929
   3866.91532 11.670 11.673 11.662 11.657 11.664    0.025 0.034 0.026 0.030 0.034  A 189975
   3871.91412 11.647 11.583 11.645 11.636 11.656    0.037 0.066 0.034 0.038 0.044  A 190836
   3877.90329 11.799 11.777 11.807 11.815 11.809    0.028 0.032 0.026 0.028 0.031  A 191581
   3892.88198 11.604 11.645 11.604 11.615 11.624    0.035 0.059 0.031 0.035 0.039  A 193608
   3898.92864 11.665 11.700 11.657 11.660 11.652    0.032 0.052 0.028 0.032 0.036  A 194451
   3902.90667 11.777 11.738 11.780 11.776 11.754    0.031 0.047 0.026 0.029 0.034  A 195125
   3909.92138 11.850 11.844 11.855 11.869 11.876    0.024 0.035 0.025 0.030 0.034  A 196470
   4090.60558 12.596 12.579 12.612 12.629 12.627    0.031 0.049 0.030 0.035 0.041  A 209248
   4104.62332 11.560 11.603 11.521 11.502 11.474    0.032 0.047 0.031 0.036 0.044  A 210695
   4107.56182 11.812 11.818 11.829 11.857 11.860    0.033 0.065 0.027 0.029 0.033  A 211074
   4111.56639 11.940 11.932 11.908 11.881 11.865    0.044 0.092 0.036 0.038 0.040  D 211360
   4126.54269 11.693 11.741 11.699 11.712 11.713    0.037 0.046 0.039 0.042 0.044  A 211633
   4128.55685 11.819 11.791 11.820 11.834 11.834    0.031 0.038 0.028 0.029 0.032  A 211905
   4131.55113 12.482 12.487 12.487 12.481 12.432    0.029 0.042 0.028 0.033 0.039  A 212287
   4135.52238 11.739 11.752 11.739 11.708 11.644    0.039 0.051 0.042 0.053 0.061  B 212818
   4146.51504 11.737 11.764 11.662 11.555 11.539    0.065 0.062 0.086 0.128 0.143  D 214373
   4231.91172 11.635 11.657 11.647 11.646 11.664    0.039 0.059 0.031 0.035 0.039  A 223969
   4235.91556 11.857 11.798 11.887 11.928 11.929    0.043 0.041 0.043 0.052 0.060  B 224682
   4255.93380 11.730 11.710 11.726 11.713 11.702    0.035 0.037 0.033 0.038 0.044  A 227178
   4268.93854 11.714 11.704 11.722 11.736 11.746    0.041 0.051 0.036 0.039 0.043  A 228086
   4273.87500 11.681 11.673 11.656 11.638 11.639    0.038 0.042 0.030 0.031 0.032  A 228578
   4278.91890 11.710 11.734 11.706 11.686 11.670    0.054 0.059 0.055 0.058 0.061  B 229232
   4284.90995 11.825 11.850 11.816 11.793 11.782    0.034 0.043 0.028 0.030 0.034  A 229899
   4289.92977 11.677 11.704 11.695 11.673 11.669    0.055 0.058 0.054 0.061 0.070  D 230441
   4292.86862 11.615 11.617 11.610 11.604 11.591    0.034 0.037 0.026 0.028 0.030  A 230955
   4295.85369 11.708 11.709 11.712 11.720 11.712    0.037 0.042 0.032 0.034 0.037  A 231469
   4298.84443 12.258 12.223 12.256 12.248 12.231    0.044 0.045 0.044 0.050 0.057  A 231999
   4301.80003 11.836 11.799 11.841 11.863 11.870    0.038 0.046 0.032 0.033 0.038  A 232525
   4303.85938 12.555 12.534 12.568 12.558 12.526    0.041 0.043 0.038 0.041 0.043  A 232845
   4305.85223 11.946 11.953 11.974 11.984 12.001    0.034 0.039 0.027 0.029 0.030  A 233206
   4307.82899 11.682 11.719 11.700 11.721 11.724    0.050 0.053 0.054 0.056 0.059  B 233543
   4309.81623 99.999 99.999 99.999 99.999 99.999    0.035 0.039 0.030 0.034 0.038  C 233852
   4311.86360 11.688 11.718 11.622 11.580 11.587    0.045 0.047 0.041 0.045 0.049  A 234136
   4314.84423 11.610 11.570 11.604 11.632 11.672    0.058 0.052 0.057 0.060 0.063  D 234448
   4329.82548 11.592 11.559 11.579 11.585 11.585    0.042 0.041 0.037 0.039 0.042  A 235203
   4331.80087 11.537 11.544 11.548 11.556 11.554    0.033 0.036 0.024 0.025 0.027  A 235553
   4333.77250 11.615 11.591 11.578 11.552 11.541    0.058 0.049 0.062 0.065 0.068  D 235903
   4336.77495 11.721 11.738 11.738 11.714 11.741    0.036 0.038 0.032 0.035 0.038  A 236249
   4339.72946 12.160 12.240 12.168 12.162 12.144    0.036 0.039 0.030 0.034 0.038  A 236620
   4341.75758 12.336 12.365 12.345 12.318 12.272    0.034 0.037 0.029 0.031 0.035  A 236965
   4343.77966 12.390 12.350 12.404 12.410 12.429    0.041 0.049 0.043 0.048 0.053  A 237326
   4345.78297 12.066 12.120 12.083 12.119 12.124    0.059 0.072 0.061 0.065 0.067  D 237653
   4350.70948 11.713 11.723 11.701 11.690 11.694    0.041 0.065 0.035 0.036 0.040  A 238473
   4353.70050 11.725 11.702 11.705 11.697 11.700    0.029 0.031 0.023 0.024 0.027  A 238878
   4355.75077 11.709 11.684 11.692 11.691 11.679    0.031 0.036 0.024 0.026 0.029  A 239212
   4358.69267 11.870 11.841 11.836 11.812 11.799    0.038 0.040 0.033 0.034 0.036  A 239649
   4361.67680 11.639 11.665 11.659 11.648 11.653    0.046 0.076 0.039 0.033 0.036  A 240038
   4363.70317 11.675 11.669 11.656 11.646 11.640    0.032 0.032 0.025 0.027 0.028  A 240360
   4365.70455 11.604 11.626 11.605 11.598 11.589    0.031 0.033 0.025 0.027 0.030  A 240672
   4367.77973 11.863 11.808 11.854 11.848 11.837    0.040 0.044 0.035 0.039 0.046  A 240893
   4369.74510 11.583 11.583 11.611 11.635 11.652    0.039 0.041 0.035 0.041 0.048  A 241179
   4371.76147 11.700 11.674 11.700 11.746 11.782    0.041 0.071 0.036 0.040 0.046  A 241514
   4373.77768 11.580 11.502 11.597 11.608 11.634    0.042 0.076 0.036 0.039 0.044  A 241813
   4376.76994 11.582 11.555 11.586 11.591 11.565    0.039 0.047 0.037 0.041 0.046  A 242168
   4379.63014 11.855 11.863 11.862 11.871 11.877    0.031 0.040 0.028 0.029 0.032  A 242570
   4381.68560 12.669 12.595 12.670 12.629 12.610    0.039 0.042 0.036 0.038 0.043  A 242889
   4383.77546 11.730 11.776 11.770 11.799 11.796    0.041 0.048 0.038 0.042 0.046  A 243224
   4385.72365 12.435 12.384 12.407 12.406 12.425    0.037 0.045 0.027 0.029 0.029  A 243521
   4387.76295 12.689 12.733 12.711 12.732 12.706    0.038 0.049 0.031 0.031 0.034  A 243850
   4393.67331 11.565 11.570 11.588 11.602 11.618    0.041 0.049 0.042 0.049 0.056  A 244660
   4398.77369 11.651 11.613 11.636 11.626 11.599    0.040 0.064 0.038 0.042 0.048  A 244761
   4400.75500 11.541 11.547 11.540 11.549 11.557    0.061 0.087 0.061 0.073 0.086  D 245009
   4403.78359 99.999 99.999 99.999 99.999 99.999    0.034 0.045 0.029 0.032 0.036  C 245309
   4407.77203 11.714 11.749 11.714 11.713 11.703    0.038 0.050 0.033 0.038 0.043  A 245625
   4410.62705 11.542 11.528 11.558 11.558 11.548    0.042 0.074 0.035 0.037 0.040  A 245965
   4413.66887 11.606 11.644 11.623 11.632 11.645    0.038 0.041 0.036 0.039 0.041  A 246259
   4419.63251 12.056 12.066 12.074 12.095 12.111    0.044 0.071 0.036 0.041 0.048  A 246399
   4422.60584 12.075 12.132 12.064 12.068 12.105    0.038 0.069 0.030 0.033 0.036  A 246645
   4426.60828 11.659 11.705 11.640 11.627 11.623    0.035 0.052 0.034 0.041 0.049  A 246937
   4428.65594 11.837 11.855 11.832 11.835 11.831    0.033 0.042 0.033 0.040 0.047  A 247182
   4431.57054 11.546 11.567 11.558 11.563 11.591    0.034 0.045 0.031 0.034 0.039  A 247509
   4433.64697 11.520 11.574 11.531 11.524 11.525    0.029 0.035 0.026 0.031 0.036  A 247796
   4435.71165 11.626 11.614 11.628 11.620 11.608    0.038 0.067 0.032 0.034 0.038  A 248055
   4438.61930 11.601 11.631 11.596 11.581 11.576    0.037 0.052 0.035 0.038 0.042  A 248399
   4440.70941 11.578 11.615 11.583 11.576 11.555    0.031 0.032 0.028 0.030 0.034  A 248687
   4443.62902 11.778 11.797 11.809 11.819 11.831    0.036 0.043 0.031 0.032 0.034  A 248981
   4453.62262 11.634 11.643 11.616 11.606 11.589    0.043 0.046 0.047 0.052 0.059  B 250119
   4456.59693 11.600 11.608 11.609 11.634 11.650    0.035 0.042 0.038 0.047 0.057  A 250437
   4459.58154 11.682 11.686 11.670 11.664 11.677    0.033 0.040 0.031 0.038 0.048  A 250790
   4462.57690 12.308 12.273 12.313 12.338 12.343    0.027 0.029 0.025 0.029 0.033  A 251155
   4464.62972 11.790 11.826 11.828 11.858 11.881    0.039 0.055 0.033 0.035 0.040  A 251413
   4467.59126 12.204 12.235 12.179 12.178 12.183    0.065 0.067 0.069 0.072 0.076  D 251740
   4470.59276 11.741 11.665 11.732 11.725 11.709    0.038 0.049 0.028 0.031 0.034  A 252085
   4474.59409 11.635 11.613 11.618 11.612 11.624    0.047 0.054 0.051 0.057 0.063  B 252461
   4477.56701 11.585 11.634 11.614 11.631 11.653    0.028 0.031 0.025 0.028 0.032  A 252754
   4480.55491 11.670 11.742 11.657 11.653 11.646    0.047 0.052 0.053 0.060 0.067  B 253109
   4483.57008 11.745 11.779 11.736 11.733 11.725    0.031 0.041 0.029 0.033 0.039  A 253436
   4486.58102 11.796 11.758 11.777 11.755 11.752    0.038 0.044 0.038 0.045 0.053  A 253690
   4489.56250 11.784 11.789 11.786 11.785 11.761    0.031 0.036 0.030 0.035 0.041  A 254037
   4492.55759 11.625 11.669 11.621 11.617 11.622    0.033 0.039 0.031 0.036 0.042  A 254373
   4497.54491 11.594 11.578 11.584 11.583 11.598    0.050 0.066 0.052 0.063 0.075  D 254738
   4500.54131 11.630 11.633 11.634 11.675 11.712    0.033 0.041 0.029 0.032 0.037  A 255121
   4504.53654 11.870 11.911 11.899 11.950 11.919    0.068 0.062 0.070 0.088 0.106  D 255676
   4507.52150 12.475 12.423 12.504 12.523 12.539    0.037 0.040 0.038 0.045 0.052  A 256103
#ndata= 8
#dataset= 4 ; 1 F0112-32_160
#desig= 003513-3256.1
#cra=    0.586826  00:35:12.6
#cdec= -32.934997 -32:56:06.0
#class= 0
#cmag_0= 11.648
#cmer_0=  0.052
#nskip_0= 1
#cmag_1= 11.684
#cmer_1=  0.115
#nskip_1= 0
#cmag_2= 11.629
#cmer_2=  0.056
#nskip_2= 1
#cmag_3= 11.642
#cmer_3=  0.059
#nskip_3= 1
#cmag_4= 11.646
#cmer_4=  0.055
#nskip_4= 1
#ra=    0.586826  00:35:12.6
#dec= -32.934997 -32:56:06.0
#     HJD      MAG_1  MAG_0  MAG_2  MAG_3  MAG_4    MER_1 MER_0 MER_2 MER_3 MER_4 GRADE FRAME
   2143.77049 11.574 11.611 11.568 11.578 11.574    0.032 0.063 0.029 0.031 0.034  A 30856
   2473.79762 11.504 11.441 11.493 11.504 11.497    0.039 0.036 0.032 0.038 0.031  A 12753
   2486.80463 11.827 11.957 11.702 11.742 11.728    0.038 0.042 0.032 0.039 0.038  A 13396
   2490.81491 11.584 11.610 11.597 11.585 11.616    0.038 0.035 0.032 0.037 0.030  A 14143
   2558.75325 11.640 11.655 11.642 11.647 11.652    0.032 0.038 0.026 0.025 0.027  A 22095
   2783.90398 11.692 11.631 11.660 11.636 11.630    0.036 0.035 0.031 0.035 0.039  A 56044
   2894.69919 11.620 11.631 11.571 11.633 11.644    0.042 0.033 0.034 0.042 0.042  A 71103
   3177.93468 11.952 11.994 11.965 11.994 11.997    0.046 0.043 0.048 0.055 0.063  B 106999
