#ndata= 188
#dataset= 1 ; 1 F0032-24_199
#desig= 003647-1958.2
#cra=    0.612960  00:36:46.7
#cdec= -19.969287 -19:58:09.4
#class= 0
#cmag_0= 13.931
#cmer_0=  0.229
#nskip_0= 0
#cmag_1= 13.974
#cmer_1=  0.251
#nskip_1= 0
#cmag_2= 14.009
#cmer_2=  0.295
#nskip_2= 0
#cmag_3= 13.988
#cmer_3=  0.313
#nskip_3= 2
#cmag_4= 13.864
#cmer_4=  0.348
#nskip_4= 1
#ra=    0.612960  00:36:46.7
#dec= -19.969287 -19:58:09.4
#     HJD      MAG_0  MAG_1  MAG_2  MAG_3  MAG_4    MER_0 MER_1 MER_2 MER_3 MER_4 GRADE FRAME
   1869.54698 13.874 13.861 13.881 13.798 13.513    0.053 0.022 0.020 0.023 0.025  A 203
   1871.59516 13.987 13.897 13.867 13.844 13.701    0.070 0.028 0.022 0.024 0.027  A 501
   1873.57442 13.908 14.040 14.163 14.140 13.981    0.070 0.029 0.023 0.025 0.027  A 815
   1875.56208 14.151 14.141 14.098 14.127 14.087    0.062 0.024 0.021 0.023 0.024  A 1132
   1879.55024 13.813 13.885 13.851 13.776 13.557    0.043 0.023 0.020 0.022 0.024  A 1762
   1886.58195 29.999 29.999 29.999 29.999 29.999    0.040 0.027 0.022 0.026 0.028  C 2559
   1888.59100 13.817 13.934 13.837 13.899 13.987    0.057 0.027 0.025 0.027 0.031  A 2883
   1904.53408 29.999 29.999 29.999 29.999 29.999    0.053 0.023 0.020 0.022 0.025  C 3784
   1907.55342 29.999 29.999 29.999 29.999 29.999    0.041 0.024 0.019 0.020 0.022  C 4276
   1915.53329 29.999 29.999 29.999 29.999 29.999    0.044 0.026 0.023 0.024 0.027  C 4885
   1920.54420 29.999 29.999 29.999 29.999 29.999    0.043 0.025 0.019 0.021 0.023  C 5423
   1924.52826 29.999 29.999 29.999 29.999 29.999    0.044 0.029 0.025 0.028 0.031  C 6062
   2031.92253 14.011 13.993 13.793 13.579 13.280    0.049 0.026 0.025 0.028 0.032  A 18140
   2034.91785 13.919 13.991 14.214 14.552 14.712    0.045 0.027 0.024 0.026 0.030  A 18777
   2039.89825 13.864 13.839 13.886 13.950 13.733    0.070 0.032 0.031 0.034 0.035  A 19350
   2053.86980 13.968 13.966 14.056 14.016 13.788    0.057 0.027 0.024 0.027 0.030  A 20125
   2054.94515 29.999 29.999 29.999 29.999 29.999    0.076 0.041 0.044 0.055 0.062  C 20383
   2056.90302 14.152 14.393 14.378 14.210 14.001    0.072 0.030 0.025 0.028 0.031  A 20813
   2067.85616 14.214 14.578 14.920 15.052 14.561    0.066 0.033 0.028 0.030 0.034  A 21945
   2068.85902 14.185 14.333 14.731 15.198 14.327    0.070 0.033 0.030 0.034 0.039  A 22172
   2069.85644 14.203 14.309 14.410 14.550 14.577    0.076 0.037 0.030 0.033 0.035  A 22394
   2070.86036 29.999 29.999 29.999 29.999 29.999    0.067 0.031 0.025 0.027 0.030  C 22615
   2080.85939 13.894 14.037 14.005 13.916 13.717    0.061 0.028 0.023 0.025 0.027  A 22995
   2082.90620 29.999 29.999 29.999 29.999 29.999    0.055 0.027 0.021 0.023 0.026  C 23481
   2085.90750 29.999 29.999 29.999 29.999 29.999    0.043 0.026 0.022 0.024 0.028  C 23936
   2087.86237 14.152 14.203 14.175 14.026 13.693    0.059 0.029 0.027 0.030 0.036  A 24361
   2088.92092 13.911 14.080 14.233 14.335 14.376    0.064 0.027 0.023 0.025 0.027  A 24615
   2093.88251 29.999 29.999 29.999 29.999 29.999    0.042 0.024 0.022 0.024 0.027  C 24881
   2094.82337 29.999 29.999 29.999 29.999 29.999    0.051 0.028 0.024 0.026 0.030  C 25080
   2103.91330 13.700 13.739 13.855 14.103 13.976    0.034 0.035 0.026 0.026 0.028  A 25927
   2104.84827 14.371 14.530 14.545 14.378 14.411    0.047 0.026 0.021 0.022 0.025  A 26099
   2105.83289 29.999 29.999 29.999 29.999 29.999    0.047 0.023 0.020 0.024 0.026  C 26315
   2106.85230 29.999 29.999 29.999 29.999 29.999    0.058 0.026 0.021 0.024 0.026  C 26526
   2113.85382 13.667 13.670 13.680 13.646 13.516    0.042 0.026 0.021 0.022 0.024  A 26642
   2115.76299 29.999 29.999 29.999 29.999 29.999    0.044 0.027 0.023 0.025 0.028  C 26919
   2116.80096 29.999 29.999 29.999 29.999 29.999    0.046 0.027 0.022 0.024 0.027  C 27158
   2117.80195 29.999 29.999 29.999 29.999 29.999    0.049 0.027 0.022 0.024 0.025  C 27377
   2130.84268 13.811 13.864 13.935 14.090 14.193    0.041 0.025 0.019 0.020 0.023  A 28458
   2131.76992 14.044 13.972 13.978 13.985 13.967    0.058 0.024 0.020 0.022 0.025  A 28627
   2132.77695 13.971 14.239 14.389 14.469 14.129    0.056 0.024 0.021 0.023 0.026  A 28842
   2133.76346 29.999 29.999 29.999 29.999 29.999    0.043 0.024 0.021 0.022 0.025  C 29052
   2134.76355 29.999 29.999 29.999 29.999 29.999    0.052 0.028 0.024 0.026 0.029  C 29266
   2135.76661 13.620 13.804 13.881 13.864 13.587    0.057 0.036 0.035 0.039 0.046  A 29482
   2140.77104 13.738 13.815 13.810 13.768 13.665    0.060 0.032 0.030 0.033 0.038  A 30240
   2141.74796 14.358 14.331 14.326 14.343 14.287    0.045 0.026 0.022 0.025 0.028  A 30442
   2144.73729 14.231 14.285 14.398 14.563 14.483    0.051 0.026 0.023 0.026 0.029  A 31047
   2145.73525 13.855 13.746 13.661 13.539 13.380    0.042 0.025 0.021 0.023 0.027  A 31250
   2151.69213 13.719 13.927 13.814 13.593 13.318    0.058 0.040 0.043 0.052 0.061  B 31409
   2442.86171 29.999 29.999 29.999 29.999 29.999    0.040 0.042 0.035 0.037 0.037  C 8584
   2446.84913 29.999 29.999 29.999 29.999 29.999    0.034 0.035 0.024 0.023 0.023  C 9348
   2465.85049 29.999 29.999 29.999 29.999 29.999    0.045 0.045 0.037 0.040 0.034  C 11152
   2466.87883 29.999 29.999 29.999 29.999 29.999    0.031 0.034 0.022 0.022 0.020  C 11383
   2467.83624 14.137 14.238 14.319 14.265 14.046    0.023 0.028 0.019 0.019 0.018  A 11583
   2468.90863 13.682 13.886 13.986 14.020 13.714    0.026 0.031 0.024 0.028 0.027  A 11831
   2470.81258 29.999 29.999 29.999 29.999 29.999    0.033 0.037 0.030 0.036 0.029  C 12072
   2471.89090 29.999 29.999 29.999 29.999 29.999    0.031 0.035 0.030 0.035 0.028  C 12585
   2473.81152 13.580 13.786 13.750 13.678 13.526    0.032 0.037 0.031 0.036 0.029  A 12759
   2489.76798 29.999 29.999 29.999 29.999 29.999    0.032 0.034 0.027 0.033 0.033  C 13904
   2490.80827 29.999 29.999 29.999 29.999 29.999    0.031 0.034 0.030 0.038 0.031  C 14140
   2493.78413 29.999 29.999 29.999 29.999 29.999    0.046 0.045 0.040 0.045 0.040  C 14537
   2495.72409 29.999 29.999 29.999 29.999 29.999    0.035 0.037 0.033 0.042 0.035  C 14838
   2496.76918 29.999 29.999 29.999 29.999 29.999    0.035 0.038 0.032 0.036 0.033  C 15068
   2498.76555 29.999 29.999 29.999 29.999 29.999    0.026 0.028 0.023 0.027 0.024  C 15492
   2499.76456 29.999 29.999 29.999 29.999 29.999    0.028 0.030 0.023 0.027 0.024  C 15701
   2501.76550 29.999 29.999 29.999 29.999 29.999    0.030 0.031 0.022 0.026 0.023  C 16064
   2502.75648 29.999 29.999 29.999 29.999 29.999    0.033 0.034 0.031 0.039 0.030  C 16272
   2503.75674 29.999 29.999 29.999 29.999 29.999    0.056 0.050 0.044 0.052 0.052  C 16476
   2520.69778 13.674 13.631 13.727 13.766 13.711    0.030 0.028 0.019 0.019 0.020  A 18225
   2526.78418 13.933 14.056 14.050 13.938 13.775    0.051 0.047 0.034 0.028 0.024  A 18904
   2529.68694 29.999 29.999 29.999 29.999 29.999    0.054 0.044 0.032 0.035 0.031  C 19097
   2539.79744 29.999 29.999 29.999 29.999 29.999    0.085 0.066 0.060 0.071 0.073  D 19587
   2540.84870 99.999 99.999 99.999 99.999 99.999    0.044 0.024 0.024 0.029 0.032  C 19799
   2544.83465 13.704 13.678 13.662 13.607 13.477    0.023 0.021 0.018 0.020 0.022  A 20065
   2548.66188 14.157 14.097 14.072 14.016 13.831    0.026 0.030 0.021 0.024 0.022  A 20602
   2553.60709 13.888 13.942 13.986 13.937 13.783    0.056 0.043 0.030 0.025 0.023  A 21311
   2554.69033 29.999 29.999 29.999 29.999 29.999    0.043 0.034 0.028 0.037 0.039  C 21530
   2556.71022 29.999 29.999 29.999 29.999 29.999    0.028 0.032 0.024 0.026 0.022  C 21721
   2559.68069 13.576 13.575 13.662 13.747 13.619    0.023 0.025 0.019 0.020 0.021  A 22245
   2560.67025 29.999 29.999 29.999 29.999 29.999    0.026 0.026 0.023 0.024 0.025  C 22419
   2561.65219 14.044 13.958 13.966 13.997 13.927    0.040 0.021 0.020 0.022 0.024  A 22559
   2562.65096 14.081 14.067 14.022 14.043 13.854    0.028 0.019 0.017 0.019 0.021  A 22739
   2568.54834 29.999 29.999 29.999 29.999 29.999    0.055 0.055 0.048 0.045 0.042  C 23563
   2578.69110 13.848 13.812 13.946 14.050 13.953    0.031 0.033 0.022 0.023 0.021  A 24968
   2623.59276 29.999 29.999 29.999 29.999 29.999    0.040 0.032 0.024 0.025 0.027  C 30112
   2625.62623 29.999 29.999 29.999 29.999 29.999    0.041 0.041 0.024 0.027 0.027  C 30409
   2628.62531 29.999 29.999 29.999 29.999 29.999    0.057 0.050 0.031 0.033 0.036  C 30716
   2635.57301 14.007 13.950 13.955 13.955 13.852    0.032 0.027 0.021 0.020 0.022  A 32200
   2637.59476 13.792 13.774 13.743 13.673 13.402    0.029 0.022 0.019 0.020 0.023  A 32501
   2639.59478 13.961 13.898 13.882 13.932 13.894    0.031 0.034 0.020 0.019 0.020  A 32809
   2641.60200 29.999 29.999 29.999 29.999 29.999    0.030 0.028 0.018 0.020 0.022  C 33095
   2643.59793 14.348 14.354 14.459 14.396 14.200    0.024 0.020 0.017 0.018 0.021  A 33405
   2649.54069 29.999 29.999 29.999 29.999 29.999    0.026 0.027 0.020 0.021 0.023  C 34086
   2651.55526 13.789 13.735 13.960 14.152 14.171    0.035 0.039 0.023 0.025 0.027  A 34402
   2653.57343 14.083 13.989 14.033 14.089 14.052    0.033 0.023 0.021 0.024 0.027  A 34717
   2657.54107 29.999 29.999 29.999 29.999 29.999    0.033 0.040 0.025 0.027 0.029  C 35386
   2659.55912 14.052 13.983 13.881 13.743 13.610    0.024 0.023 0.021 0.024 0.027  A 35736
   2661.55592 14.016 13.967 14.009 14.095 14.105    0.023 0.020 0.019 0.021 0.024  A 36077
   2663.55468 13.781 13.880 13.980 14.050 13.886    0.028 0.024 0.023 0.025 0.028  A 36415
   2668.53858 29.999 29.999 29.999 29.999 29.999    0.030 0.034 0.028 0.032 0.035  C 37233
   2671.52782 14.432 14.630 14.910 15.368 19.831    0.027 0.025 0.024 0.028 0.032  A 37715
   2676.52060 29.999 29.999 29.999 29.999 29.999    0.025 0.028 0.028 0.033 0.037  C 38585
   2764.92127 29.999 29.999 29.999 29.999 29.999    0.027 0.027 0.028 0.032 0.038  C 54370
   2786.89092 14.264 14.324 14.349 14.291 13.936    0.027 0.028 0.021 0.023 0.024  A 56676
   2809.86086 13.658 13.784 13.834 13.831 13.763    0.026 0.036 0.026 0.033 0.031  A 59599
   2813.83228 29.999 29.999 29.999 29.999 29.999    0.028 0.026 0.023 0.025 0.026  C 60495
   2819.93145 29.999 29.999 29.999 29.999 29.999    0.030 0.030 0.024 0.027 0.030  C 61415
   2829.93248 29.999 29.999 29.999 29.999 29.999    0.025 0.027 0.020 0.021 0.022  C 62410
   2831.84826 29.999 29.999 29.999 29.999 29.999    0.024 0.027 0.020 0.023 0.026  C 62820
   2836.87021 29.999 29.999 29.999 29.999 29.999    0.038 0.039 0.037 0.043 0.050  C 63773
   2840.89582 29.999 29.999 29.999 29.999 29.999    0.025 0.029 0.022 0.026 0.028  C 64440
   2843.83663 29.999 29.999 29.999 29.999 29.999    0.024 0.026 0.021 0.023 0.024  C 64995
   2851.87441 29.999 29.999 29.999 29.999 29.999    0.021 0.025 0.018 0.020 0.021  C 65541
   2854.75484 29.999 29.999 29.999 29.999 29.999    0.022 0.025 0.019 0.020 0.019  C 65931
   2859.77972 29.999 29.999 29.999 29.999 29.999    0.022 0.025 0.019 0.020 0.020  C 66600
   2861.76018 29.999 29.999 29.999 29.999 29.999    0.024 0.031 0.025 0.030 0.034  C 67013
   2867.82516 29.999 29.999 29.999 29.999 29.999    0.032 0.025 0.020 0.021 0.023  C 67840
   2872.80472 13.752 13.805 13.828 13.821 13.710    0.023 0.023 0.016 0.018 0.019  A 68230
   2875.81329 13.849 13.923 13.953 14.005 13.743    0.027 0.020 0.015 0.016 0.018  A 68625
   2877.77358 29.999 29.999 29.999 29.999 29.999    0.022 0.021 0.016 0.018 0.019  C 69005
   2880.74254 29.999 29.999 29.999 29.999 29.999    0.025 0.024 0.019 0.021 0.023  C 69408
   2883.77397 29.999 29.999 29.999 29.999 29.999    0.020 0.026 0.016 0.016 0.018  C 69677
   2885.70672 14.380 14.326 14.297 14.296 14.161    0.026 0.024 0.017 0.020 0.019  A 70054
   2886.81093 29.999 29.999 29.999 29.999 29.999    0.029 0.027 0.021 0.022 0.024  C 70310
   2894.75137 13.681 13.711 13.728 13.588 13.470    0.028 0.028 0.023 0.025 0.028  A 71122
   2896.70799 29.999 29.999 29.999 29.999 29.999    0.025 0.027 0.023 0.024 0.026  C 71500
   2898.70243 13.979 14.321 14.348 14.081 13.835    0.044 0.019 0.018 0.019 0.021  A 71896
   2903.77868 13.885 13.871 13.815 13.722 13.652    0.023 0.025 0.018 0.019 0.020  A 72724
   2905.75465 29.999 29.999 29.999 29.999 29.999    0.024 0.021 0.015 0.016 0.018  C 73029
   2908.69074 13.998 14.091 14.013 13.859 13.629    0.023 0.025 0.017 0.018 0.019  A 73432
   2910.72233 13.844 13.899 13.960 13.977 13.878    0.025 0.034 0.022 0.026 0.023  A 73758
   2915.66246 29.999 29.999 29.999 29.999 29.999    0.026 0.023 0.018 0.019 0.020  C 74394
   2916.75223 29.999 29.999 29.999 29.999 29.999    0.038 0.051 0.034 0.035 0.033  C 74625
   2922.67518 29.999 29.999 29.999 29.999 29.999    0.026 0.029 0.025 0.029 0.032  C 75284
   2924.74058 29.999 29.999 29.999 29.999 29.999    0.032 0.038 0.032 0.034 0.039  C 75669
   2927.67034 13.787 13.884 13.857 13.794 13.681    0.020 0.025 0.018 0.020 0.022  A 76015
   2929.67628 29.999 29.999 29.999 29.999 29.999    0.024 0.027 0.020 0.023 0.023  C 76374
   2931.68252 29.999 29.999 29.999 29.999 29.999    0.021 0.027 0.020 0.021 0.023  C 76737
   2933.67224 29.999 29.999 29.999 29.999 29.999    0.023 0.030 0.021 0.022 0.024  C 77087
   2935.66700 13.871 13.763 13.858 13.991 13.796    0.023 0.034 0.022 0.026 0.024  A 77445
   2937.67388 29.999 29.999 29.999 29.999 29.999    0.024 0.027 0.021 0.024 0.026  C 77718
   2940.70017 13.973 13.963 13.908 13.848 13.866    0.023 0.020 0.018 0.019 0.021  A 78028
   2942.62084 29.999 29.999 29.999 29.999 29.999    0.039 0.028 0.026 0.029 0.033  C 78194
   2943.66509 13.810 13.812 13.758 13.674 13.539    0.029 0.020 0.018 0.020 0.022  A 78373
   2944.77653 29.999 29.999 29.999 29.999 29.999    0.037 0.041 0.040 0.044 0.049  C 78585
   2949.59927 29.999 29.999 29.999 29.999 29.999    0.042 0.041 0.045 0.049 0.053  C 79267
   2950.73448 29.999 29.999 29.999 29.999 29.999    0.025 0.027 0.027 0.033 0.040  C 79483
   2953.56081 29.999 29.999 29.999 29.999 29.999    0.034 0.028 0.027 0.030 0.036  C 79801
   2955.57480 29.999 29.999 29.999 29.999 29.999    0.023 0.027 0.019 0.021 0.025  C 80062
   2957.58122 29.999 29.999 29.999 29.999 29.999    0.034 0.034 0.031 0.035 0.042  C 80353
   2959.58084 29.999 29.999 29.999 29.999 29.999    0.035 0.032 0.033 0.039 0.044  C 80643
   2961.57621 13.746 13.810 13.923 13.943 13.761    0.029 0.021 0.019 0.021 0.023  A 80897
   2963.59269 13.862 13.840 13.832 13.780 13.524    0.023 0.023 0.019 0.022 0.025  A 81182
   2965.61286 29.999 29.999 29.999 29.999 29.999    0.031 0.031 0.030 0.037 0.045  C 81476
   2967.60322 29.999 29.999 29.999 29.999 29.999    0.062 0.062 0.061 0.062 0.064  D 81754
   2969.58384 13.856 13.944 14.050 14.335 14.743    0.027 0.024 0.022 0.024 0.026  A 82029
   2971.60882 13.842 13.827 13.820 13.742 13.476    0.026 0.022 0.020 0.023 0.026  A 82234
   2976.54617 13.622 13.554 13.480 13.335 13.039    0.024 0.026 0.020 0.023 0.027  A 82815
   2978.58586 29.999 29.999 29.999 29.999 29.999    0.025 0.023 0.022 0.025 0.029  C 83108
   2980.61991 29.999 29.999 29.999 29.999 29.999    0.026 0.024 0.026 0.030 0.035  C 83370
   2982.62909 29.999 29.999 29.999 29.999 29.999    0.033 0.034 0.037 0.047 0.058  C 83647
   2984.62792 13.712 13.856 14.023 14.230 14.174    0.030 0.026 0.023 0.027 0.029  A 83903
   2989.61361 13.931 13.969 14.016 14.044 13.863    0.027 0.022 0.020 0.023 0.025  A 84514
   2991.62995 29.999 29.999 29.999 29.999 29.999    0.025 0.023 0.021 0.024 0.028  C 84777
   2994.59241 14.380 14.500 14.497 14.380 13.918    0.025 0.022 0.020 0.020 0.024  A 85165
   2996.63299 29.999 29.999 29.999 29.999 29.999    0.025 0.025 0.022 0.024 0.028  C 85443
   2998.62410 13.696 13.791 13.876 13.823 13.613    0.024 0.023 0.020 0.024 0.026  A 85715
   3006.56906 14.174 14.142 14.051 13.923 13.998    0.027 0.024 0.023 0.027 0.031  A 86562
   3008.60268 29.999 29.999 29.999 29.999 29.999    0.030 0.028 0.030 0.038 0.045  C 86829
   3011.57598 29.999 29.999 29.999 29.999 29.999    0.029 0.030 0.031 0.038 0.043  C 87225
   3013.58634 29.999 29.999 29.999 29.999 29.999    0.031 0.026 0.026 0.031 0.036  C 87493
   3017.57367 13.813 13.823 13.811 13.819 13.850    0.023 0.024 0.022 0.025 0.027  A 87851
   3019.57781 13.771 13.864 13.967 13.983 13.954    0.023 0.024 0.022 0.025 0.028  A 88118
   3025.54693 14.061 13.949 13.924 13.918 13.727    0.025 0.023 0.022 0.024 0.027  A 88393
   3157.91936 29.999 29.999 29.999 29.999 29.999    0.053 0.051 0.050 0.053 0.057  C 104324
   3163.91547 13.776 13.819 13.807 13.779 13.759    0.029 0.027 0.024 0.028 0.033  A 105118
   3168.90872 29.999 29.999 29.999 29.999 29.999    0.030 0.030 0.031 0.037 0.044  C 105844
   3177.93700 29.999 29.999 29.999 29.999 29.999    0.053 0.054 0.053 0.061 0.070  D 107000
   3180.90318 13.723 13.751 13.849 13.922 13.945    0.027 0.024 0.021 0.023 0.025  A 107433
   3185.87352 29.999 29.999 29.999 29.999 29.999    0.032 0.029 0.028 0.032 0.037  C 108014
   3189.89297 29.999 29.999 29.999 29.999 29.999    0.036 0.034 0.035 0.042 0.048  C 108515
   3194.92617 29.999 29.999 29.999 29.999 29.999    0.040 0.033 0.025 0.027 0.032  C 109158
   3276.79613 29.999 29.999 29.999 29.999 29.999    0.052 0.037 0.035 0.041 0.047  C 116618
   3279.64875 29.999 29.999 29.999 29.999 29.999    0.053 0.033 0.026 0.028 0.031  C 116971
   3281.75974 29.999 29.999 29.999 29.999 29.999    0.064 0.076 0.080 0.083 0.088  D 117229
   3291.82450 14.011 14.070 14.073 14.198 14.224    0.038 0.033 0.023 0.024 0.025  A 118200
   3295.60526 29.999 29.999 29.999 29.999 29.999    0.055 0.058 0.054 0.056 0.057  D 118514
   3298.63530 14.212 14.333 14.500 14.749 14.542    0.044 0.029 0.021 0.024 0.027  A 118802
   3403.52843 13.834 13.745 13.708 13.703 13.632    0.034 0.022 0.024 0.029 0.034  A 128212
#ndata= 10
#dataset= 2 ; 1 F0104-24_200
#desig= 003647-1958.2
#cra=    0.612919  00:36:46.5
#cdec= -19.969884 -19:58:11.6
#class= 0
#cmag_0= 13.660
#cmer_0=  0.412
#nskip_0= 0
#cmag_1= 13.823
#cmer_1=  0.468
#nskip_1= 0
#cmag_2= 13.910
#cmer_2=  0.531
#nskip_2= 0
#cmag_3= 13.925
#cmer_3=  0.561
#nskip_3= 0
#cmag_4= 13.716
#cmer_4=  0.448
#nskip_4= 0
#ra=    0.612919  00:36:46.5
#dec= -19.969884 -19:58:11.6
#     HJD      MAG_0  MAG_1  MAG_2  MAG_3  MAG_4    MER_0 MER_1 MER_2 MER_3 MER_4 GRADE FRAME
   2143.76137 14.255 14.290 14.246 14.149 14.222    0.051 0.033 0.028 0.030 0.034  A 30853
   2468.90863 13.614 13.852 13.967 13.998 13.704    0.038 0.039 0.033 0.037 0.038  A 11831
   2470.83460 13.665 13.829 13.945 13.992 13.834    0.032 0.035 0.029 0.034 0.028  A 12082
   2473.81152 13.515 13.754 13.729 13.648 13.507    0.038 0.039 0.033 0.039 0.032  A 12759
   2490.80827 29.999 29.999 29.999 29.999 29.999    0.041 0.040 0.036 0.042 0.036  C 14140
   2628.62531 29.999 29.999 29.999 29.999 29.999    0.056 0.046 0.029 0.031 0.034  C 30716
   2834.85966 29.999 29.999 29.999 29.999 29.999    0.049 0.050 0.048 0.054 0.062  C 63430
   2886.83121 29.999 29.999 29.999 29.999 29.999    0.030 0.031 0.025 0.026 0.028  C 70319
   3177.93700 29.999 29.999 29.999 29.999 29.999    0.057 0.057 0.056 0.066 0.074  D 107000
   3367.59061 13.730 13.608 13.400 13.223 12.982    0.040 0.038 0.036 0.041 0.048  A 125246
#ndata= 241
#dataset= 3 ; 1 F0032-16_244
#desig= 003647-1958.2
#cra=    0.612971  00:36:46.7
#cdec= -19.969302 -19:58:09.5
#class= 0
#cmag_0= 14.016
#cmer_0=  0.259
#nskip_0= 0
#cmag_1= 14.071
#cmer_1=  0.287
#nskip_1= 2
#cmag_2= 14.122
#cmer_2=  0.349
#nskip_2= 1
#cmag_3= 14.171
#cmer_3=  0.444
#nskip_3= 1
#cmag_4= 14.051
#cmer_4=  0.457
#nskip_4= 3
#ra=    0.612971  00:36:46.7
#dec= -19.969302 -19:58:09.5
#     HJD      MAG_0  MAG_1  MAG_2  MAG_3  MAG_4    MER_0 MER_1 MER_2 MER_3 MER_4 GRADE FRAME
   1868.55397 14.024 14.121 14.166 14.159 13.890    0.056 0.026 0.022 0.025 0.026  A 44
   1873.57707 14.053 13.957 13.898 13.873 13.601    0.064 0.029 0.024 0.027 0.028  A 816
   1875.56471 29.999 29.999 29.999 29.999 29.999    0.063 0.027 0.023 0.025 0.027  C 1133
   1877.57007 14.377 14.387 14.429 14.564 14.406    0.045 0.026 0.021 0.024 0.028  A 1457
   1889.59169 13.707 13.602 13.517 13.476 13.374    0.045 0.030 0.025 0.028 0.034  A 3043
   2040.93749 14.415 15.163 14.971 14.713 14.192    0.078 0.044 0.047 0.056 0.067  B 19592
   2067.86707 29.999 29.999 29.999 29.999 29.999    0.061 0.033 0.027 0.030 0.034  C 21950
   2068.86771 29.999 29.999 29.999 29.999 29.999    0.070 0.037 0.033 0.038 0.044  C 22176
   2069.86290 29.999 29.999 29.999 29.999 29.999    0.067 0.031 0.028 0.032 0.035  C 22397
   2082.90810 13.681 13.783 13.831 13.774 13.822    0.063 0.030 0.025 0.026 0.029  A 23482
   2088.93941 13.906 13.870 13.922 13.988 14.068    0.056 0.026 0.024 0.026 0.030  A 24623
   2095.83080 29.999 29.999 29.999 29.999 29.999    0.067 0.032 0.028 0.031 0.036  C 25310
   2136.76688 13.519 13.503 13.487 13.466 13.369    0.054 0.036 0.035 0.038 0.041  A 29696
   2164.70271 13.863 13.767 13.739 13.751 13.835    0.044 0.033 0.027 0.027 0.031  A 31935
   2167.67772 14.066 14.095 14.179 14.335 14.316    0.055 0.030 0.025 0.028 0.032  A 32114
   2168.69861 13.983 14.057 14.135 14.190 14.105    0.046 0.027 0.023 0.026 0.029  A 32291
   2169.71025 13.841 13.869 13.887 13.883 13.820    0.043 0.031 0.025 0.027 0.029  A 32449
   2171.67435 14.261 14.144 14.027 13.976 13.706    0.050 0.030 0.025 0.027 0.030  A 32617
   2172.69536 14.196 14.266 14.377 14.287 14.226    0.045 0.031 0.025 0.029 0.033  A 32814
   2173.68085 13.991 14.037 14.097 14.210 14.011    0.054 0.031 0.025 0.028 0.030  A 32996
   2174.67640 13.799 13.709 13.627 13.578 13.402    0.046 0.031 0.027 0.031 0.035  A 33169
   2175.66784 13.814 13.938 13.930 13.797 13.684    0.044 0.040 0.029 0.029 0.033  A 33310
   2177.64624 13.845 13.805 13.721 13.672 13.481    0.053 0.033 0.027 0.030 0.034  A 33429
   2178.65551 13.783 13.859 13.868 13.802 13.858    0.032 0.031 0.025 0.027 0.030  A 33608
   2185.69611 29.999 29.999 29.999 29.999 29.999    0.043 0.036 0.030 0.035 0.038  C 34291
   2188.66823 14.188 14.185 14.170 14.145 13.922    0.043 0.034 0.026 0.028 0.029  A 34704
   2190.61910 14.123 14.124 14.187 14.288 14.068    0.044 0.032 0.024 0.027 0.030  A 34930
   2191.65732 13.843 13.856 13.908 13.904 13.854    0.047 0.032 0.024 0.026 0.029  A 35122
   2192.63842 13.918 13.928 13.990 14.030 14.003    0.046 0.029 0.023 0.025 0.028  A 35288
   2193.64175 13.786 13.722 13.836 14.028 13.961    0.043 0.030 0.024 0.026 0.029  A 35472
   2194.63970 13.763 13.763 13.774 13.742 13.579    0.042 0.031 0.024 0.025 0.028  A 35650
   2195.64175 13.868 14.092 14.291 14.540 14.505    0.046 0.033 0.027 0.028 0.031  A 35828
   2196.63636 29.999 29.999 29.999 29.999 29.999    0.045 0.032 0.027 0.030 0.034  C 35958
   2197.63601 14.281 14.478 14.323 14.217 14.238    0.043 0.031 0.024 0.027 0.029  A 36142
   2198.63037 14.379 14.429 14.461 14.360 14.270    0.045 0.033 0.026 0.027 0.029  A 36311
   2199.62428 29.999 29.999 29.999 29.999 29.999    0.048 0.036 0.027 0.028 0.029  C 36488
   2201.61978 13.902 13.945 13.968 13.999 13.953    0.045 0.033 0.026 0.027 0.029  A 36735
   2202.62728 13.921 13.875 13.789 13.590 13.463    0.052 0.041 0.036 0.038 0.041  A 36906
   2203.61233 13.664 13.705 13.663 13.630 13.566    0.052 0.038 0.032 0.034 0.038  A 37073
   2204.61025 13.866 13.818 13.760 13.697 13.497    0.048 0.035 0.027 0.029 0.032  A 37199
   2205.60835 29.999 29.999 29.999 29.999 29.999    0.077 0.070 0.068 0.075 0.086  D 37330
   2206.61356 13.696 13.731 13.764 13.797 13.749    0.046 0.035 0.027 0.030 0.031  A 37476
   2207.60563 14.022 14.036 14.031 14.045 13.978    0.047 0.039 0.028 0.030 0.031  A 37645
   2213.61593 29.999 29.999 29.999 29.999 29.999    0.047 0.037 0.030 0.035 0.037  C 38078
   2214.59809 29.999 29.999 29.999 29.999 29.999    0.045 0.040 0.032 0.035 0.036  C 38218
   2216.60043 13.663 13.788 13.833 13.745 13.615    0.048 0.040 0.031 0.037 0.035  A 38556
   2217.60230 13.878 13.925 13.907 13.844 13.589    0.046 0.040 0.032 0.036 0.035  A 38724
   2219.57317 13.883 13.804 13.725 13.658 13.497    0.046 0.040 0.031 0.035 0.033  A 38885
   2221.57856 13.786 13.904 13.892 13.968 13.833    0.045 0.035 0.028 0.032 0.031  A 39004
   2222.58557 14.145 14.216 14.285 14.260 14.180    0.043 0.036 0.030 0.036 0.034  A 39162
   2224.57610 29.999 29.999 29.999 29.999 29.999    0.047 0.041 0.032 0.036 0.033  C 39319
   2226.55611 14.250 14.286 14.297 14.344 14.135    0.044 0.037 0.030 0.037 0.033  A 39628
   2227.57509 14.262 14.429 14.620 14.785 14.520    0.042 0.036 0.028 0.033 0.032  A 39789
   2229.54839 29.999 29.999 29.999 29.999 29.999    0.045 0.039 0.032 0.035 0.034  C 40103
   2230.58306 13.956 14.045 14.168 14.252 14.105    0.049 0.039 0.032 0.039 0.038  A 40283
   2233.54425 13.984 13.890 13.922 14.006 13.826    0.043 0.037 0.030 0.035 0.034  A 40594
   2234.55216 13.760 13.847 13.852 13.802 13.757    0.050 0.044 0.035 0.042 0.040  A 40752
   2236.53428 29.999 29.999 29.999 29.999 29.999    0.047 0.040 0.033 0.038 0.036  C 41062
   2240.53904 29.999 29.999 29.999 29.999 29.999    0.047 0.043 0.035 0.042 0.040  C 41538
   2242.54868 13.975 14.067 14.171 14.431 14.649    0.052 0.045 0.038 0.046 0.046  A 41861
   2244.59444 29.999 29.999 29.999 29.999 29.999    0.061 0.048 0.040 0.047 0.049  C 42160
   2248.55816 29.999 29.999 29.999 29.999 29.999    0.056 0.042 0.034 0.043 0.044  C 42463
   2253.57697 29.999 29.999 29.999 29.999 29.999    0.054 0.042 0.035 0.042 0.041  C 43314
   2256.53240 29.999 29.999 29.999 29.999 29.999    0.055 0.045 0.040 0.047 0.045  C 43741
   2260.52652 29.999 29.999 29.999 29.999 29.999    0.075 0.056 0.047 0.059 0.062  C 44190
   2262.58668 29.999 29.999 29.999 29.999 29.999    0.066 0.055 0.046 0.052 0.052  C 44522
   2271.55863 29.999 29.999 29.999 29.999 29.999    0.078 0.065 0.055 0.060 0.060  D 45531
   2452.84560 29.999 29.999 29.999 29.999 29.999    0.031 0.033 0.026 0.028 0.028  C 9539
   2465.85957 29.999 29.999 29.999 29.999 29.999    0.040 0.041 0.035 0.039 0.035  C 11156
   2467.84279 14.056 14.372 14.573 14.746 14.778    0.024 0.029 0.020 0.021 0.021  A 11586
   2470.82145 13.863 13.930 14.139 14.409 14.061    0.031 0.036 0.030 0.035 0.028  A 12076
   2471.89296 29.999 29.999 29.999 29.999 29.999    0.030 0.034 0.029 0.034 0.028  C 12586
   2473.81585 29.999 29.999 29.999 29.999 29.999    0.034 0.040 0.035 0.041 0.033  C 12761
   2489.77244 29.999 29.999 29.999 29.999 29.999    0.030 0.033 0.029 0.031 0.032  C 13906
   2490.81269 29.999 29.999 29.999 29.999 29.999    0.035 0.039 0.034 0.041 0.036  C 14142
   2493.79082 29.999 29.999 29.999 29.999 29.999    0.037 0.040 0.035 0.040 0.034  C 14540
   2495.73311 29.999 29.999 29.999 29.999 29.999    0.035 0.036 0.032 0.039 0.033  C 14842
   2496.77139 29.999 29.999 29.999 29.999 29.999    0.033 0.038 0.030 0.033 0.029  C 15069
   2499.76681 29.999 29.999 29.999 29.999 29.999    0.027 0.033 0.026 0.031 0.025  C 15702
   2500.74505 29.999 29.999 29.999 29.999 29.999    0.027 0.031 0.023 0.025 0.022  C 15907
   2501.77000 13.681 13.740 13.752 13.736 13.532    0.028 0.032 0.025 0.028 0.025  A 16066
   2502.76098 29.999 29.999 29.999 29.999 29.999    0.032 0.034 0.031 0.040 0.031  C 16274
   2503.76353 29.999 29.999 29.999 29.999 29.999    0.058 0.054 0.049 0.057 0.053  C 16479
   2519.75765 29.999 29.999 29.999 29.999 29.999    0.026 0.031 0.024 0.024 0.025  C 18048
   2544.71454 29.999 29.999 29.999 29.999 29.999    0.027 0.030 0.022 0.023 0.024  C 20014
   2558.74223 29.999 29.999 29.999 29.999 29.999    0.044 0.031 0.024 0.024 0.026  C 22090
   2578.65973 29.999 29.999 29.999 29.999 29.999    0.034 0.037 0.028 0.032 0.028  C 24954
   2765.92037 29.999 29.999 29.999 29.999 29.999    0.031 0.029 0.027 0.030 0.034  C 54441
   2787.88247 29.999 29.999 29.999 29.999 29.999    0.031 0.033 0.023 0.025 0.027  C 56901
   3271.72113 29.999 29.999 29.999 29.999 29.999    0.038 0.032 0.025 0.027 0.031  C 115962
   3273.73501 29.999 29.999 29.999 29.999 29.999    0.044 0.031 0.026 0.029 0.033  C 116229
   3277.70861 29.999 29.999 29.999 29.999 29.999    0.042 0.039 0.042 0.050 0.056  C 116721
   3279.71138 29.999 29.999 29.999 29.999 29.999    0.049 0.032 0.026 0.028 0.031  C 116993
   3294.78572 13.853 14.077 14.293 14.530 14.444    0.049 0.039 0.025 0.024 0.025  A 118432
   3298.60627 29.999 29.999 29.999 29.999 29.999    0.035 0.029 0.025 0.028 0.031  C 118792
   3326.64482 14.310 14.600 14.942 15.498 15.444    0.091 0.042 0.036 0.037 0.038  B 121108
   3359.55198 13.892 13.951 14.067 14.249 14.393    0.037 0.026 0.026 0.029 0.033  A 124780
   3362.57491 99.999 99.999 99.999 99.999 99.999    0.044 0.030 0.028 0.033 0.038  C 124820
   3366.57536 13.864 13.823 13.887 14.030 13.819    0.078 0.049 0.051 0.058 0.062  B 125152
   3387.53490 14.366 14.495 14.735 14.904 14.449    0.043 0.032 0.031 0.035 0.041  A 126283
   3390.54946 13.959 13.951 13.959 14.066 13.983    0.045 0.029 0.030 0.034 0.041  A 126691
   3397.53154 14.373 14.406 99.999 99.999 99.999    0.041 0.031 0.029 0.032 0.036  C 127465
   3403.52594 13.934 14.188 14.483 14.906 14.773    0.045 0.028 0.028 0.032 0.039  A 128211
   3512.91066 29.999 29.999 29.999 29.999 29.999    0.068 0.038 0.037 0.041 0.049  C 143952
   3524.92068 29.999 29.999 29.999 29.999 29.999    0.058 0.046 0.049 0.055 0.062  C 145436
   3529.89887 29.999 29.999 29.999 29.999 29.999    0.052 0.035 0.036 0.041 0.047  C 146281
   3541.90237 14.124 14.210 14.196 14.131 13.989    0.040 0.032 0.033 0.037 0.043  A 147330
   3544.91019 14.132 14.175 14.064 13.827 13.804    0.079 0.039 0.035 0.039 0.043  A 147792
   3552.88290 29.999 29.999 29.999 29.999 29.999    0.042 0.034 0.035 0.039 0.044  C 148550
   3556.86523 13.897 13.938 13.910 13.855 13.746    0.031 0.023 0.023 0.026 0.030  A 149142
   3560.83919 14.182 14.249 14.451 14.585 14.250    0.047 0.029 0.030 0.035 0.038  A 149629
   3563.86452 14.048 14.089 14.087 14.024 14.042    0.034 0.024 0.022 0.025 0.028  A 150161
   3569.89886 29.999 29.999 29.999 29.999 29.999    0.035 0.031 0.026 0.030 0.033  C 150662
   3577.88393 29.999 29.999 29.999 29.999 29.999    0.077 0.040 0.036 0.040 0.045  C 151887
   3582.92081 13.880 13.728 13.603 13.457 13.362    0.072 0.037 0.034 0.038 0.043  A 152745
   3585.81537 13.924 13.916 13.836 13.750 13.637    0.067 0.038 0.031 0.034 0.036  A 153240
   3588.80777 14.176 14.167 14.003 13.865 13.710    0.059 0.031 0.028 0.030 0.033  A 153720
   3591.78792 14.399 14.370 14.257 14.127 13.978    0.034 0.025 0.024 0.027 0.029  A 154235
   3595.79927 29.999 29.999 29.999 29.999 29.999    0.067 0.051 0.058 0.072 0.084  D 154874
   3597.80429 13.883 13.986 14.074 14.151 13.875    0.038 0.028 0.025 0.027 0.030  A 155185
   3600.88440 29.999 29.999 29.999 29.999 29.999    0.043 0.033 0.031 0.035 0.041  C 155470
   3617.75337 13.593 13.823 13.951 14.002 14.156    0.041 0.033 0.029 0.032 0.037  A 157172
   3620.71341 14.485 14.578 14.518 14.356 13.984    0.074 0.041 0.037 0.038 0.042  A 157613
   3622.76440 29.999 29.999 29.999 29.999 29.999    0.060 0.036 0.029 0.032 0.037  C 157945
   3625.77436 14.512 14.712 14.803 14.809 14.457    0.043 0.035 0.031 0.033 0.036  A 158212
   3628.72655 13.792 14.051 14.133 14.176 13.966    0.031 0.030 0.025 0.029 0.033  A 158479
   3632.73217 29.999 29.999 29.999 29.999 29.999    0.071 0.037 0.034 0.039 0.043  C 159129
   3634.77840 14.160 14.405 14.852 15.772 16.217    0.045 0.032 0.030 0.035 0.041  A 159422
   3637.75141 29.999 29.999 29.999 29.999 29.999    0.039 0.034 0.028 0.030 0.036  C 159748
   3640.72455 14.072 14.121 14.159 14.255 14.372    0.035 0.026 0.023 0.025 0.029  A 160042
   3642.78051 29.999 29.999 29.999 29.999 29.999    0.043 0.041 0.032 0.036 0.040  C 160365
   3645.74407 29.999 29.999 29.999 29.999 29.999    0.033 0.032 0.027 0.030 0.033  C 160719
   3651.62748 13.996 14.014 13.971 13.922 13.956    0.054 0.029 0.025 0.028 0.031  A 161441
   3653.65195 13.774 14.082 14.278 14.469 14.133    0.077 0.042 0.037 0.042 0.048  B 161761
   3655.64471 13.878 13.999 14.046 14.111 14.035    0.072 0.037 0.031 0.033 0.036  A 162020
   3660.65527 29.999 29.999 29.999 29.999 29.999    0.069 0.040 0.036 0.044 0.050  C 162788
   3662.67608 29.999 29.999 29.999 29.999 29.999    0.085 0.050 0.046 0.054 0.063  C 163077
   3664.71407 29.999 29.999 29.999 29.999 29.999    0.069 0.038 0.032 0.034 0.037  C 163380
   3666.79841 29.999 29.999 29.999 29.999 29.999    0.058 0.038 0.034 0.039 0.044  C 163707
   3670.57520 14.591 14.742 14.878 14.848 14.416    0.044 0.030 0.024 0.025 0.027  A 164092
   3672.66307 13.705 13.695 13.772 13.875 13.814    0.050 0.029 0.023 0.025 0.029  A 164407
   3674.73383 13.984 13.920 13.880 13.847 13.677    0.067 0.035 0.029 0.031 0.034  A 164718
   3680.63314 14.206 14.246 14.293 14.338 13.939    0.065 0.035 0.028 0.029 0.031  A 165346
   3700.58799 13.880 13.774 13.697 13.625 13.615    0.085 0.043 0.038 0.040 0.044  A 168024
   3703.57146 14.272 14.405 14.597 14.984 15.668    0.077 0.038 0.032 0.035 0.040  A 168404
   3705.64233 14.230 14.347 14.537 14.789 14.713    0.058 0.032 0.030 0.036 0.041  A 168708
   3708.59719 14.125 14.115 14.191 14.132 14.099    0.083 0.040 0.033 0.034 0.038  A 169107
   3714.62289 13.635 13.611 13.600 13.603 13.780    0.085 0.047 0.041 0.043 0.045  A 169685
   3717.58575 13.829 13.888 13.881 13.860 13.952    0.089 0.047 0.043 0.047 0.053  B 170066
   3720.58106 29.999 29.999 29.999 29.999 29.999    0.069 0.037 0.032 0.037 0.042  C 170418
   3722.64004 29.999 29.999 29.999 29.999 29.999    0.074 0.042 0.038 0.043 0.049  C 170696
   3725.61464 29.999 29.999 29.999 29.999 29.999    0.063 0.039 0.039 0.042 0.046  C 170994
   3727.63402 29.999 29.999 29.999 29.999 29.999    0.042 0.029 0.030 0.036 0.042  C 171274
   3731.58032 29.999 29.999 29.999 29.999 29.999    0.051 0.042 0.039 0.043 0.046  C 171666
   3734.61355 29.999 29.999 29.999 29.999 29.999    0.057 0.043 0.048 0.058 0.070  C 172066
   3737.60340 14.032 14.087 14.042 13.888 13.667    0.036 0.028 0.025 0.028 0.032  A 172476
   3742.58025 29.999 29.999 29.999 29.999 29.999    0.036 0.028 0.027 0.031 0.036  C 173125
   3745.58071 29.999 29.999 29.999 29.999 29.999    0.035 0.029 0.030 0.035 0.040  C 173538
   3749.56082 29.999 29.999 29.999 29.999 29.999    0.038 0.032 0.036 0.045 0.054  C 174069
   3753.55151 29.999 29.999 29.999 29.999 29.999    0.040 0.036 0.038 0.042 0.048  C 174626
   3756.54371 13.874 13.851 13.930 14.113 13.795    0.052 0.034 0.035 0.043 0.052  B 175031
   3759.53576 13.826 13.963 13.948 13.888 13.667    0.036 0.033 0.035 0.040 0.045  A 175449
   3762.53698 13.948 14.060 14.143 14.322 14.518    0.045 0.029 0.029 0.034 0.039  A 175843
   3866.92638 29.999 29.999 29.999 29.999 29.999    0.032 0.027 0.026 0.033 0.036  C 189979
   3872.91368 29.999 29.999 29.999 29.999 29.999    0.053 0.039 0.044 0.053 0.062  C 191027
   3889.90598 29.999 29.999 29.999 29.999 29.999    0.040 0.032 0.028 0.031 0.035  C 193080
   3893.89422 29.999 29.999 29.999 29.999 29.999    0.034 0.027 0.025 0.028 0.031  C 193797
   3898.93834 13.789 14.020 14.114 14.197 14.407    0.053 0.031 0.032 0.037 0.044  A 194455
   3902.91123 29.999 29.999 29.999 29.999 29.999    0.048 0.029 0.027 0.031 0.036  C 195127
   3906.91122 13.947 13.899 13.992 14.114 13.943    0.049 0.028 0.026 0.029 0.032  A 195886
   3913.93502 14.037 14.132 14.227 14.275 14.420    0.061 0.036 0.034 0.035 0.038  A 197036
   3981.68615 29.999 29.999 29.999 29.999 29.999    0.037 0.026 0.024 0.027 0.031  C 203360
   4089.60908 14.908 15.232 15.869 18.352 16.408    0.060 0.032 0.027 0.030 0.032  A 209121
   4092.58675 14.459 14.544 14.607 14.773 15.131    0.099 0.057 0.044 0.036 0.039  D 209497
   4103.58781 29.999 29.999 29.999 29.999 29.999    0.084 0.043 0.039 0.043 0.049  C 210575
   4106.57776 14.222 14.228 14.106 13.894 13.990    0.089 0.047 0.045 0.051 0.055  B 210940
   4129.53160 14.176 14.177 14.153 14.142 14.057    0.042 0.030 0.029 0.033 0.038  A 212026
   4133.52299 29.999 29.999 29.999 29.999 29.999    0.071 0.048 0.046 0.053 0.060  C 212548
   4256.90684 29.999 29.999 29.999 29.999 29.999    0.042 0.036 0.037 0.043 0.053  C 227346
   4273.90831 29.999 29.999 29.999 29.999 29.999    0.042 0.041 0.035 0.035 0.036  C 228589
   4278.92084 13.819 13.957 14.072 14.166 14.028    0.040 0.032 0.030 0.033 0.037  A 229233
   4285.86430 29.999 29.999 29.999 29.999 29.999    0.054 0.047 0.048 0.053 0.059  C 230059
   4289.94106 29.999 29.999 29.999 29.999 29.999    0.053 0.042 0.037 0.043 0.049  C 230445
   4292.86581 13.905 14.052 13.868 13.781 13.697    0.063 0.055 0.048 0.049 0.052  B 230954
   4295.86562 14.270 14.284 14.274 14.361 14.701    0.055 0.037 0.030 0.033 0.036  A 231473
   4298.85302 29.999 29.999 29.999 29.999 29.999    0.058 0.054 0.055 0.062 0.071  C 232002
   4301.81253 13.901 13.894 13.806 13.657 13.488    0.048 0.035 0.030 0.034 0.040  A 232530
   4303.85096 29.999 29.999 29.999 29.999 29.999    0.062 0.058 0.053 0.054 0.057  D 232842
   4305.87126 29.999 29.999 29.999 29.999 29.999    0.068 0.062 0.061 0.064 0.066  D 233213
   4307.82398 29.999 29.999 29.999 29.999 29.999    0.038 0.032 0.028 0.029 0.032  C 233541
   4309.83238 29.999 29.999 29.999 29.999 29.999    0.035 0.031 0.025 0.029 0.034  C 233857
   4311.83943 14.206 14.225 14.380 14.636 14.722    0.052 0.038 0.030 0.032 0.037  A 234127
   4316.85894 29.999 29.999 29.999 29.999 29.999    0.041 0.035 0.028 0.031 0.034  C 234719
   4319.85353 14.250 14.362 14.525 14.998 15.249    0.043 0.035 0.029 0.031 0.037  A 235058
   4330.72670 14.329 14.544 14.459 14.407 14.200    0.061 0.052 0.049 0.050 0.052  B 235344
   4332.74222 13.988 14.026 14.105 14.193 14.398    0.038 0.028 0.025 0.027 0.031  A 235712
   4334.73844 29.999 29.999 29.999 29.999 29.999    0.054 0.052 0.052 0.056 0.060  C 236068
   4338.71980 29.999 29.999 29.999 29.999 29.999    0.037 0.037 0.029 0.032 0.034  C 236457
   4340.77501 29.999 29.999 29.999 29.999 29.999    0.037 0.034 0.030 0.034 0.039  C 236815
   4345.78833 29.999 29.999 29.999 29.999 29.999    0.071 0.083 0.085 0.086 0.088  D 237655
   4347.81294 13.781 13.923 14.028 14.080 13.950    0.084 0.089 0.112 0.131 0.138  D 238017
   4350.70663 14.163 14.308 14.522 14.788 14.945    0.052 0.037 0.033 0.035 0.039  A 238472
   4353.70754 14.094 14.086 13.994 13.921 13.842    0.031 0.031 0.025 0.027 0.030  A 238880
   4355.74639 14.245 14.216 14.120 14.111 13.824    0.039 0.031 0.025 0.027 0.030  A 239210
   4358.68819 13.913 13.893 13.900 13.875 13.727    0.041 0.034 0.028 0.031 0.036  A 239647
   4361.67492 29.999 29.999 29.999 29.999 29.999    0.034 0.033 0.024 0.025 0.028  C 240037
   4363.71124 14.206 14.240 14.533 14.838 14.253    0.037 0.033 0.026 0.028 0.030  A 240363
   4365.69932 14.727 15.085 15.359 15.489 15.678    0.036 0.034 0.029 0.030 0.034  A 240670
   4372.71428 14.204 14.484 14.732 14.893 14.594    0.042 0.036 0.036 0.043 0.049  B 241656
   4375.71416 13.911 14.142 14.253 14.130 14.018    0.037 0.033 0.031 0.034 0.039  A 241983
   4377.77460 29.999 29.999 29.999 29.999 29.999    0.063 0.043 0.038 0.042 0.052  C 242305
   4380.62788 29.999 29.999 29.999 29.999 29.999    0.048 0.035 0.033 0.036 0.041  C 242715
   4382.67637 13.992 13.967 13.931 13.940 13.898    0.033 0.031 0.024 0.026 0.029  A 243036
   4384.70828 14.014 14.108 14.401 14.893 14.451    0.033 0.031 0.027 0.031 0.034  A 243352
   4386.69961 13.995 13.955 13.959 13.957 13.898    0.042 0.034 0.025 0.027 0.029  A 243672
   4388.66319 13.694 13.784 13.841 13.863 13.878    0.046 0.036 0.026 0.028 0.031  A 243972
   4392.63796 29.999 29.999 29.999 29.999 29.999    0.071 0.041 0.033 0.034 0.037  C 244516
   4399.77865 13.832 13.890 13.760 13.652 13.526    0.051 0.040 0.037 0.045 0.053  B 244879
   4403.58606 14.311 14.181 14.088 14.005 13.277    0.062 0.040 0.031 0.033 0.035  A 245242
   4407.60538 29.999 29.999 29.999 29.999 29.999    0.039 0.033 0.027 0.028 0.030  C 245567
   4409.61959 14.548 14.897 14.788 14.460 14.161    0.048 0.034 0.029 0.032 0.035  A 245855
   4420.73246 29.999 29.999 29.999 29.999 29.999    0.055 0.046 0.045 0.053 0.062  C 246491
   4426.61946 29.999 29.999 29.999 29.999 29.999    0.052 0.038 0.038 0.045 0.053  C 246941
   4428.65925 29.999 29.999 29.999 29.999 29.999    0.068 0.045 0.039 0.046 0.054  C 247183
   4431.57387 29.999 29.999 29.999 29.999 29.999    0.055 0.037 0.031 0.035 0.039  C 247510
   4433.65026 13.722 13.699 13.623 13.554 13.445    0.063 0.039 0.033 0.037 0.042  A 247797
   4436.59050 14.077 14.190 14.278 14.478 14.435    0.069 0.038 0.032 0.033 0.035  A 248140
   4438.66199 14.115 14.193 14.224 14.248 14.137    0.056 0.038 0.036 0.040 0.045  A 248413
   4441.59329 13.994 14.139 14.195 14.267 14.082    0.083 0.041 0.035 0.035 0.037  A 248765
   4444.59885 14.117 14.139 14.223 14.332 14.374    0.057 0.039 0.033 0.035 0.038  A 249072
   4453.55525 29.999 29.999 29.999 29.999 29.999    0.061 0.068 0.073 0.076 0.079  D 250097
   4455.63574 29.999 29.999 29.999 29.999 29.999    0.058 0.037 0.036 0.043 0.048  C 250339
   4458.60815 13.744 14.112 14.415 14.511 14.262    0.053 0.039 0.037 0.042 0.049  B 250688
   4461.59748 13.739 13.773 13.855 13.911 13.876    0.039 0.031 0.025 0.029 0.033  A 251020
   4464.58839 29.999 29.999 29.999 29.999 29.999    0.040 0.030 0.028 0.031 0.036  C 251400
   4467.57693 29.999 29.999 29.999 29.999 29.999    0.078 0.073 0.076 0.078 0.081  D 251735
   4470.57796 14.147 14.236 99.999 99.999 99.999    0.050 0.037 0.037 0.040 0.046  C 252080
   4474.57983 29.999 29.999 29.999 29.999 29.999    0.083 0.088 0.091 0.096 0.102  D 252457
   4480.53691 29.999 29.999 29.999 29.999 29.999    0.049 0.049 0.053 0.059 0.066  C 253103
   4490.53557 13.846 13.911 13.970 14.059 13.922    0.038 0.029 0.026 0.029 0.032  A 254125
   4493.53638 14.084 14.333 14.330 14.387 14.741    0.037 0.031 0.030 0.037 0.043  A 254488
