#ndata= 1
#dataset= 1 ; 1 F0040-40_123
#desig= 003629-3020.0
#cra=    0.607959  00:36:28.7
#cdec= -30.333952 -30:20:02.2
#class= 0
#cmag_0=  8.645
#cmer_0=  0.000
#nskip_0= 0
#cmag_1=  8.725
#cmer_1=  0.000
#nskip_1= 0
#cmag_2=  8.707
#cmer_2=  0.000
#nskip_2= 0
#cmag_3=  8.717
#cmer_3=  0.000
#nskip_3= 0
#cmag_4=  8.715
#cmer_4=  0.000
#nskip_4= 0
#ra=    0.607959  00:36:28.7
#dec= -30.333952 -30:20:02.2
#     HJD      MAG_4  MAG_0  MAG_1  MAG_2  MAG_3    MER_4 MER_0 MER_1 MER_2 MER_3 GRADE FRAME
   2140.75004  8.716  8.646  8.725  8.707  8.718    0.033 0.068 0.033 0.027 0.030  A 30231
#ndata= 1
#dataset= 2 ; 1 F0000-32_158
#desig= 003629-3020.1
#cra=    0.608062  00:36:29.0
#cdec= -30.334284 -30:20:03.4
#class= 0
#cmag_0=  8.815
#cmer_0=  0.000
#nskip_0= 0
#cmag_1=  8.813
#cmer_1=  0.000
#nskip_1= 0
#cmag_2=  8.808
#cmer_2=  0.000
#nskip_2= 0
#cmag_3=  8.810
#cmer_3=  0.000
#nskip_3= 0
#cmag_4=  8.816
#cmer_4=  0.000
#nskip_4= 0
#ra=    0.608062  00:36:29.0
#dec= -30.334284 -30:20:03.4
#     HJD      MAG_4  MAG_0  MAG_1  MAG_2  MAG_3    MER_4 MER_0 MER_1 MER_2 MER_3 GRADE FRAME
   2521.74235  8.816  8.815  8.813  8.809  8.810    0.044 0.048 0.040 0.037 0.043  A 18440
#ndata= 396
#dataset= 3 ; 1 F0036-32_159
#desig= 003629-3020.0
#cra=    0.608041  00:36:28.9
#cdec= -30.333653 -30:20:01.2
#class= 0
#cmag_0=  8.824
#cmer_0=  0.103
#nskip_0= 9
#cmag_1=  8.823
#cmer_1=  0.102
#nskip_1= 7
#cmag_2=  8.822
#cmer_2=  0.102
#nskip_2= 6
#cmag_3=  8.822
#cmer_3=  0.102
#nskip_3= 6
#cmag_4=  8.824
#cmer_4=  0.102
#nskip_4= 7
#ra=    0.608041  00:36:28.9
#dec= -30.333653 -30:20:01.2
#     HJD      MAG_4  MAG_0  MAG_1  MAG_2  MAG_3    MER_4 MER_0 MER_1 MER_2 MER_3 GRADE FRAME
   1868.55987  9.009  9.018  9.007  9.008  9.006    0.027 0.058 0.026 0.023 0.025  A 47
   1869.54434  9.037  8.975  9.022  9.033  9.033    0.024 0.047 0.020 0.019 0.021  A 202
   1871.59254  9.051  9.038  9.041  9.045  9.047    0.025 0.070 0.025 0.022 0.023  A 500
   1873.56952  9.078  9.111  9.067  9.070  9.076    0.025 0.059 0.025 0.021 0.023  A 813
   1875.55947  9.078  9.117  9.073  9.071  9.077    0.026 0.060 0.026 0.022 0.024  A 1131
   1877.56032  9.078  9.035  9.055  9.072  9.074    0.025 0.038 0.023 0.020 0.024  A 1453
   1879.52959  9.078  9.062  9.080  9.083  9.079    0.024 0.042 0.022 0.018 0.021  A 1753
   1881.53032  9.087  9.116  9.075  9.087  9.086    0.023 0.040 0.021 0.019 0.020  A 2066
   1885.53626  9.064  9.061  9.035  9.059  9.059    0.026 0.038 0.025 0.021 0.024  A 2380
   1887.56807  9.017  9.039  9.011  9.014  9.017    0.029 0.050 0.024 0.022 0.025  A 2713
   1889.57756  8.982  8.948  8.944  8.975  8.978    0.032 0.042 0.028 0.025 0.028  A 3037
   1900.58946  8.855  8.834  8.858  8.857  8.856    0.025 0.039 0.026 0.021 0.023  A 3332
   1903.60841  8.863  8.833  8.867  8.862  8.862    0.027 0.052 0.029 0.024 0.025  A 3656
   1906.55241  8.893  8.874  8.897  8.896  8.890    0.022 0.041 0.024 0.019 0.020  A 4116
   1920.54186  9.107  9.126  9.092  9.106  9.105    0.024 0.038 0.025 0.019 0.021  A 5422
   1924.52596  9.112  9.125  9.091  9.111  9.112    0.035 0.041 0.029 0.027 0.030  A 6061
   1928.52506  9.070  9.064  9.070  9.067  9.071    0.033 0.042 0.030 0.026 0.028  A 6730
   1932.52604  9.258  9.389  9.373  9.321  9.260    0.031 0.039 0.031 0.025 0.026  A 7380
   2026.92926  8.748  8.742  8.739  8.748  8.756    0.060 0.055 0.039 0.042 0.049  B 17537
   2031.92521  8.820  8.801  8.820  8.822  8.819    0.034 0.048 0.029 0.027 0.029  A 18141
   2034.90999  8.822  8.807  8.824  8.823  8.822    0.035 0.047 0.033 0.030 0.032  A 18775
   2053.87244  8.799  8.780  8.793  8.797  8.795    0.030 0.064 0.029 0.026 0.027  A 20126
   2054.94778  9.372  9.710  9.452  9.393  9.369    0.083 0.085 0.052 0.057 0.069  D 20384
   2056.90119  8.806  8.736  8.821  8.810  8.803    0.029 0.069 0.030 0.025 0.027  A 20812
   2067.85873  8.851  8.954  8.860  8.850  8.848    0.033 0.065 0.030 0.026 0.028  A 21946
   2068.86158  8.784  8.766  8.810  8.795  8.783    0.036 0.066 0.037 0.031 0.033  A 22173
   2069.85455  8.806  8.770  8.800  8.799  8.802    0.032 0.068 0.030 0.026 0.030  A 22393
   2070.85846  8.802  8.874  8.815  8.801  8.802    0.029 0.062 0.029 0.024 0.026  A 22614
   2080.84137  8.730  8.800  8.748  8.735  8.727    0.030 0.068 0.030 0.026 0.027  A 22987
   2085.90317  8.724  8.703  8.760  8.730  8.726    0.028 0.043 0.027 0.022 0.024  A 23934
   2087.85802  8.739  8.730  8.744  8.743  8.740    0.039 0.068 0.034 0.032 0.036  A 24359
   2088.87004  8.788  8.821  8.786  8.785  8.783    0.029 0.061 0.027 0.023 0.026  A 24593
   2093.88719  8.819  8.779  8.814  8.820  8.820    0.028 0.056 0.028 0.024 0.025  A 24883
   2094.83026  8.808  8.787  8.826  8.819  8.813    0.034 0.060 0.033 0.027 0.030  A 25083
   2095.80832  8.834  8.873  8.843  8.840  8.838    0.066 0.074 0.049 0.050 0.057  B 25300
   2103.76462  8.791  8.834  8.791  8.790  8.786    0.029 0.060 0.030 0.025 0.027  A 25866
   2104.84161  8.760  8.815  8.767  8.761  8.760    0.029 0.056 0.027 0.024 0.026  A 26096
   2105.83522  8.757  8.791  8.755  8.757  8.755    0.028 0.060 0.028 0.024 0.026  A 26316
   2106.84087  8.742  8.680  8.746  8.743  8.740    0.028 0.060 0.033 0.025 0.026  A 26521
   2113.85160  8.770  8.758  8.771  8.768  8.767    0.025 0.042 0.027 0.021 0.022  A 26641
   2116.80545  8.796  8.799  8.763  8.780  8.789    0.026 0.042 0.026 0.022 0.024  A 27160
   2117.79521  8.797  8.804  8.791  8.794  8.796    0.029 0.054 0.028 0.024 0.025  A 27374
   2129.84800  8.918  8.905  8.921  8.911  8.909    0.026 0.037 0.024 0.021 0.023  A 28245
   2130.75942  8.912  8.954  8.927  8.921  8.911    0.025 0.054 0.025 0.022 0.023  A 28423
   2131.75859  8.875  8.834  8.868  8.870  8.872    0.028 0.060 0.027 0.023 0.025  A 28622
   2132.76789  8.846  8.834  8.863  8.860  8.850    0.028 0.062 0.029 0.023 0.025  A 28838
   2133.76555  8.833  8.809  8.840  8.832  8.832    0.027 0.053 0.026 0.022 0.024  A 29053
   2134.77017  8.811  8.854  8.818  8.812  8.811    0.029 0.053 0.027 0.024 0.026  A 29269
   2135.75975  8.806  8.853  8.810  8.806  8.801    0.060 0.068 0.047 0.046 0.053  B 29479
   2136.75552  8.781  8.782  8.770  8.774  8.781    0.029 0.054 0.028 0.024 0.027  A 29691
   2140.75484  8.729  8.806  8.734  8.723  8.727    0.041 0.059 0.035 0.033 0.036  A 30233
   2141.75227  8.725  8.704  8.720  8.726  8.724    0.027 0.051 0.024 0.022 0.024  A 30444
   2143.73910  8.738  8.701  8.727  8.730  8.734    0.033 0.059 0.034 0.029 0.031  A 30843
   2144.74154  8.778  8.706  8.765  8.773  8.776    0.028 0.052 0.026 0.023 0.025  A 31049
   2151.68281  8.959  8.953  8.963  8.945  8.956    0.088 0.066 0.055 0.062 0.075  D 31405
   2235.55098  8.863  8.823  8.862  8.856  8.876    0.033 0.044 0.037 0.030 0.035  A 40907
   2236.54968  8.863  8.882  8.877  8.878  8.866    0.039 0.049 0.042 0.034 0.041  A 41069
   2241.54733  8.932  8.905  8.920  8.920  8.931    0.041 0.048 0.043 0.036 0.043  A 41701
   2243.55027  8.943  8.954  8.945  8.927  8.958    0.050 0.057 0.048 0.041 0.050  A 42018
   2248.53929  8.977  8.939  8.944  8.948  8.952    0.042 0.054 0.043 0.036 0.042  A 42455
   2250.59133  8.989  8.974  8.963  8.995  8.987    0.038 0.048 0.043 0.034 0.040  A 42835
   2252.58720  8.955  8.991  8.959  8.939  8.930    0.041 0.055 0.045 0.037 0.042  A 43157
   2256.57982  8.913  8.933  8.918  8.900  8.893    0.038 0.054 0.047 0.037 0.040  A 43762
   2258.58511  8.898  8.954  8.923  8.913  8.897    0.046 0.062 0.053 0.043 0.048  A 44088
   2263.58212  8.817  8.867  8.856  8.849  8.829    0.054 0.075 0.059 0.048 0.056  D 44683
   2271.53982 29.999 29.999 29.999 29.999 29.999    0.064 0.082 0.065 0.054 0.063  D 45523
   2446.84462  9.004  9.012  8.980  8.997  9.002    0.039 0.048 0.051 0.041 0.040  A 9346
   2465.84141  8.787  8.806  8.767  8.778  8.766    0.030 0.042 0.042 0.035 0.039  A 11148
   2467.83185  8.814  8.804  8.803  8.800  8.812    0.019 0.021 0.026 0.018 0.019  A 11581
   2470.81720  8.863  8.857  8.841  8.860  8.860    0.029 0.036 0.036 0.029 0.034  A 12074
   2471.88873  8.905  8.909  8.906  8.898  8.915    0.029 0.032 0.034 0.029 0.034  A 12584
   2473.83733  8.917  8.889  8.929  8.910  8.926    0.028 0.038 0.041 0.033 0.037  A 12770
   2481.82714  8.863  8.903  8.866  8.889  8.863    0.040 0.050 0.046 0.040 0.045  A 13031
   2482.73145  8.880  8.882  8.867  8.874  8.870    0.035 0.045 0.041 0.035 0.039  A 13196
   2486.78501  8.842  8.790  8.815  8.824  8.833    0.044 0.044 0.042 0.040 0.047  A 13387
   2489.75893  8.769  8.762  8.744  8.763  8.756    0.031 0.031 0.035 0.028 0.031  A 13900
   2490.78165 99.999 99.999 99.999 99.999 99.999    0.032 0.038 0.037 0.032 0.039  C 14128
   2493.77720  8.766  8.744  8.765  8.767  8.767    0.037 0.043 0.042 0.038 0.045  A 14534
   2498.75871  8.750  8.762  8.741  8.740  8.733    0.024 0.030 0.034 0.026 0.030  A 15489
   2499.76892  8.767  8.786  8.767  8.769  8.761    0.021 0.028 0.032 0.024 0.026  A 15703
   2501.75859  8.804  8.807  8.784  8.797  8.790    0.023 0.030 0.034 0.026 0.027  A 16061
   2502.76306  8.789  8.792  8.819  8.798  8.759    0.026 0.031 0.033 0.029 0.036  A 16275
   2503.76782  8.818  8.847  8.822  8.813  8.823    0.044 0.045 0.045 0.042 0.050  A 16481
   2511.80296 99.999 99.999 99.999 99.999 99.999    0.052 0.052 0.052 0.046 0.050  C 17160
   2520.77331  8.832  8.838  8.829  8.822  8.844    0.022 0.047 0.039 0.027 0.028  A 18257
   2521.74235  8.815  8.813  8.814  8.814  8.816    0.020 0.029 0.028 0.021 0.020  A 18440
   2526.79060  8.766  8.779  8.761  8.771  8.763    0.023 0.049 0.049 0.037 0.029  A 18907
   2529.68436  8.736  8.808  8.773  8.771  8.741    0.035 0.054 0.046 0.035 0.037  A 19096
   2538.87883  8.847  8.717  8.792  8.827  8.875    0.066 0.081 0.064 0.057 0.065  D 19434
   2540.63675  8.724  8.699  8.735  8.728  8.728    0.028 0.031 0.031 0.026 0.027  A 19710
   2544.70682  8.660  8.648  8.683  8.660  8.662    0.027 0.030 0.033 0.030 0.028  A 20011
   2545.74773  8.671  8.666  8.682  8.676  8.672    0.021 0.026 0.027 0.020 0.019  A 20218
   2552.76488  8.721  8.762  8.716  8.722  8.718    0.024 0.027 0.023 0.019 0.021  A 21198
   2553.81225  8.701  8.733  8.719  8.708  8.700    0.049 0.055 0.045 0.040 0.046  A 21397
   2556.61736  8.750  8.746  8.737  8.747  8.753    0.032 0.043 0.038 0.031 0.033  A 21681
   2558.67328  8.754  8.719  8.773  8.754  8.758    0.020 0.027 0.026 0.018 0.018  A 22061
   2558.75325  8.753  8.755  8.765  8.762  8.756    0.028 0.034 0.030 0.024 0.025  A 22095
   2559.66890  8.757  8.731  8.767  8.762  8.760    0.022 0.033 0.022 0.018 0.020  A 22240
   2560.66037  8.776  8.788  8.790  8.785  8.778    0.029 0.030 0.031 0.024 0.029  A 22415
   2561.65628  8.791  8.845  8.800  8.795  8.793    0.023 0.034 0.019 0.018 0.020  A 22561
   2562.64829  8.770  8.823  8.769  8.788  8.775    0.030 0.025 0.039 0.029 0.033  A 22738
   2565.80599  8.815  8.854  8.819  8.819  8.810    0.036 0.030 0.032 0.032 0.032  A 23343
   2578.68842  8.787  8.820  8.770  8.789  8.786    0.022 0.033 0.035 0.025 0.026  A 24967
   2620.57565  8.851  8.871  8.856  8.851  8.854    0.025 0.054 0.044 0.030 0.027  A 29444
   2624.64199  8.853  8.789  8.858  8.850  8.852    0.030 0.036 0.023 0.024 0.026  A 30253
   2627.65078  8.813  8.816  8.814  8.805  8.809    0.030 0.023 0.023 0.024 0.026  A 30577
   2629.64773  8.821  8.799  8.810  8.822  8.822    0.030 0.031 0.024 0.023 0.027  A 30877
   2634.59630  8.844  8.834  8.859  8.855  8.848    0.021 0.022 0.023 0.021 0.021  A 32060
   2636.61829  8.846  8.845  8.855  8.850  8.848    0.023 0.018 0.020 0.018 0.020  A 32373
   2638.62782  8.877  8.867  8.875  8.872  8.879    0.025 0.026 0.022 0.021 0.023  A 32668
   2640.62568  8.872  8.878  8.870  8.869  8.867    0.024 0.026 0.020 0.019 0.020  A 32977
   2642.62343  8.898  8.875  8.903  8.893  8.898    0.025 0.020 0.021 0.020 0.022  A 33261
   2644.61920  8.900  8.931  8.909  8.900  8.898    0.028 0.033 0.024 0.022 0.024  A 33564
   2649.53365  8.908  8.913  8.851  8.897  8.901    0.025 0.032 0.049 0.024 0.024  A 34083
   2651.55058  8.906  8.922  8.970  8.923  8.922    0.028 0.029 0.036 0.026 0.026  A 34400
   2653.57110  8.906  8.884  8.921  8.910  8.904    0.026 0.039 0.029 0.022 0.025  A 34716
   2655.59590  8.895  8.901  8.897  8.899  8.893    0.029 0.025 0.023 0.023 0.025  A 35216
   2659.54985  8.862  8.847  8.859  8.860  8.864    0.024 0.026 0.021 0.020 0.021  A 35732
   2661.54891  8.847  8.855  8.844  8.845  8.846    0.024 0.030 0.020 0.018 0.022  A 36074
   2663.55010  8.829  8.835  8.829  8.828  8.829    0.025 0.028 0.022 0.021 0.022  A 36413
   2665.55442  8.829  8.819  8.815  8.829  8.829    0.026 0.024 0.022 0.020 0.023  A 36766
   2667.55598  8.807  8.816  8.814  8.812  8.811    0.026 0.025 0.022 0.021 0.023  A 37071
   2669.55248  8.822  8.839  8.824  8.820  8.814    0.068 0.054 0.055 0.057 0.062  D 37396
   2672.53251  8.824  8.812  8.816  8.814  8.821    0.024 0.021 0.020 0.020 0.021  A 37881
   2675.52133  8.818  8.822  8.833  8.820  8.818    0.036 0.027 0.028 0.028 0.031  A 38409
   2677.52471  8.824  8.822  8.832  8.828  8.826    0.031 0.027 0.026 0.026 0.027  A 38757
   2681.52540  8.834  8.826  8.822  8.834  8.835    0.033 0.029 0.025 0.024 0.028  A 39412
   2759.92312  8.813  8.834  8.819  8.816  8.816    0.049 0.033 0.036 0.035 0.041  A 53344
   2763.92232  8.797  8.801  8.821  8.808  8.801    0.034 0.025 0.032 0.028 0.031  A 54149
   2767.92360  8.781  8.778  8.775  8.781  8.775    0.029 0.024 0.027 0.023 0.026  A 54625
   2783.90398  8.766  8.741  8.788  8.770  8.767    0.035 0.028 0.030 0.028 0.030  A 56044
   2785.87987  8.744  8.768  8.738  8.745  8.742    0.051 0.042 0.045 0.044 0.046  A 56453
   2809.84437  8.731  8.770  8.736  8.745  8.735    0.029 0.026 0.032 0.025 0.029  A 59592
   2812.84560  8.755  8.752  8.776  8.761  8.759    0.036 0.030 0.039 0.029 0.034  A 60271
   2816.93941  8.761  8.773  8.754  8.765  8.763    0.025 0.029 0.029 0.021 0.023  A 60985
   2820.86369  8.760  8.749  8.781  8.768  8.773    0.029 0.026 0.033 0.026 0.029  A 61606
   2829.92577  8.815  8.795  8.836  8.814  8.821    0.025 0.028 0.027 0.022 0.023  A 62407
   2831.85834  8.805  8.822  8.814  8.809  8.805    0.026 0.026 0.028 0.021 0.024  A 62824
   2836.85166  8.818  8.829  8.817  8.825  8.820    0.032 0.026 0.028 0.025 0.028  A 63765
   2839.88008  8.835  8.831  8.796  8.821  8.824    0.047 0.034 0.038 0.035 0.041  A 64210
   2841.82538  8.840  8.832  8.833  8.841  8.840    0.033 0.029 0.033 0.028 0.031  A 64606
   2844.85643  8.823  8.816  8.792  8.823  8.814    0.024 0.025 0.028 0.022 0.026  A 65094
   2851.86753  8.701  8.704  8.702  8.703  8.702    0.020 0.021 0.023 0.017 0.019  A 65538
   2854.75012  8.676  8.682  8.662  8.677  8.672    0.021 0.021 0.025 0.018 0.020  A 65929
   2859.77270  8.669  8.671  8.662  8.671  8.672    0.022 0.021 0.026 0.019 0.021  A 66597
   2861.76247  8.682  8.694  8.665  8.682  8.678    0.033 0.025 0.030 0.025 0.029  A 67014
   2871.84463  8.839  8.852  8.841  8.843  8.835    0.021 0.022 0.027 0.019 0.021  A 68037
   2874.76129  8.860  8.867  8.845  8.859  8.856    0.024 0.027 0.039 0.025 0.027  A 68414
   2876.75577  8.882  8.911  8.861  8.874  8.882    0.019 0.021 0.024 0.018 0.017  A 68809
   2883.73222  8.866  8.855  8.870  8.859  8.864    0.019 0.022 0.026 0.018 0.019  A 69659
   2885.69269  8.857  8.878  8.853  8.857  8.857    0.019 0.022 0.023 0.018 0.018  A 70048
   2886.79446  8.847  8.821  8.831  8.841  8.849    0.025 0.030 0.036 0.024 0.024  A 70303
   2893.75618  8.760  8.761  8.765  8.759  8.760    0.035 0.030 0.029 0.026 0.031  A 70926
   2894.69919  8.739  8.741  8.724  8.740  8.730    0.043 0.033 0.041 0.035 0.041  A 71103
   2894.86246  8.737  8.721  8.772  8.753  8.756    0.035 0.040 0.037 0.031 0.034  A 71165
   2898.69981  8.663  8.670  8.667  8.665  8.663    0.022 0.021 0.023 0.018 0.019  A 71895
   2900.69351  8.653  8.669  8.637  8.641  8.642    0.025 0.028 0.032 0.023 0.026  A 72248
   2903.77376  8.672  8.686  8.667  8.672  8.670    0.025 0.023 0.026 0.021 0.023  A 72722
   2905.74973  8.699  8.724  8.683  8.697  8.695    0.020 0.027 0.020 0.016 0.016  A 73027
   2908.69490  8.751  8.755  8.775  8.753  8.751    0.020 0.019 0.024 0.016 0.018  A 73434
   2910.73120  8.789  8.760  8.785  8.789  8.787    0.020 0.042 0.022 0.018 0.019  A 73762
   2915.66882  8.813  8.785  8.815  8.814  8.813    0.023 0.042 0.021 0.019 0.021  A 74397
   2916.75859  8.805  8.761  8.814  8.810  8.808    0.028 0.034 0.030 0.025 0.025  A 74628
   2918.68904  8.815  8.805  8.836  8.813  8.812    0.029 0.031 0.024 0.022 0.025  A 74911
   2921.72798  8.807  8.833  8.800  8.802  8.804    0.045 0.037 0.028 0.029 0.035  A 75118
   2926.72138  9.089  9.416  9.329  9.182  9.103    0.023 0.023 0.023 0.019 0.020  A 75851
   2928.71835  8.799  8.806  8.808  8.802  8.798    0.028 0.027 0.024 0.021 0.024  A 76223
   2930.71073  8.803  8.812  8.808  8.804  8.802    0.022 0.023 0.020 0.019 0.019  A 76569
   2932.69967  8.799  8.800  8.810  8.801  8.803    0.036 0.028 0.025 0.027 0.031  A 76920
   2934.69438  8.783  8.797  8.774  8.782  8.781    0.020 0.022 0.022 0.017 0.018  A 77272
   2936.69796  8.759  8.791  8.777  8.771  8.760    0.071 0.051 0.050 0.053 0.060  D 77624
   2940.57834  8.776  8.775  8.780  8.775  8.775    0.022 0.029 0.021 0.018 0.019  A 77976
   2943.58884  8.797  8.796  8.806  8.797  8.798    0.028 0.023 0.036 0.026 0.031  A 78342
   2944.73349  8.805  8.746  8.816  8.815  8.807    0.042 0.351 0.211 0.110 0.070  D 78567
   2946.60816  8.830  8.829  8.839  8.835  8.844    0.027 0.023 0.026 0.023 0.028  A 78813
   2948.60712  8.849  8.852  8.829  8.837  8.844    0.038 0.027 0.035 0.030 0.033  A 79126
   2950.63896  8.859  8.868  8.858  8.856  8.858    0.033 0.027 0.025 0.024 0.029  A 79444
   2954.65338  8.900  8.882  8.907  8.902  8.897    0.035 0.026 0.028 0.026 0.030  A 79947
   2956.65196  8.912  8.942  8.908  8.906  8.912    0.046 0.033 0.037 0.039 0.043  A 80241
   2958.64530  8.942  8.912  8.952  8.937  8.944    0.026 0.022 0.023 0.021 0.023  A 80526
   2960.64390  8.962  8.942  8.962  8.965  8.964    0.081 0.067 0.088 0.088 0.088  D 80780
   2962.65063  8.941  8.931  8.936  8.935  8.938    0.025 0.022 0.022 0.020 0.022  A 81067
   2964.65656  8.934  8.938  8.925  8.931  8.932    0.026 0.022 0.023 0.021 0.023  A 81352
   2966.66184  8.944  8.920  8.919  8.927  8.932    0.047 0.035 0.040 0.044 0.045  A 81640
   2968.66661  8.914  8.909  8.900  8.914  8.912    0.025 0.023 0.021 0.020 0.022  A 81917
   2973.55427  8.894  8.884  8.899  8.894  8.892    0.025 0.023 0.025 0.019 0.022  A 82435
   2975.57980  8.856  8.885  8.856  8.853  8.854    0.029 0.034 0.025 0.022 0.025  A 82692
   2977.60773  8.839  8.843  8.837  8.833  8.837    0.027 0.022 0.022 0.020 0.023  A 82974
   2979.62850  8.811  8.835  8.819  8.812  8.809    0.032 0.028 0.024 0.024 0.028  A 83251
   2981.64540  9.059  9.170  9.142  9.090  9.065    0.036 0.028 0.025 0.025 0.031  A 83513
   2983.66444  8.813  8.780  8.805  8.803  8.808    0.036 0.028 0.026 0.026 0.030  A 83788
   2991.54784  8.823  8.819  8.829  8.824  8.822    0.026 0.024 0.022 0.021 0.023  A 84744
   2993.58353  8.839  8.801  8.833  8.830  8.834    0.042 0.031 0.035 0.038 0.040  A 85035
   2995.63356  8.892  8.901  8.890  8.894  8.890    0.027 0.024 0.023 0.022 0.024  A 85308
   2997.65967  9.055  9.172  9.061  9.069  9.056    0.028 0.022 0.023 0.021 0.024  A 85593
   3006.58168  9.022  9.048  9.022  9.022  9.024    0.038 0.028 0.027 0.027 0.032  A 86567
   3008.60993  9.028  9.033  9.017  9.017  9.020    0.035 0.026 0.027 0.027 0.030  A 86832
   3011.58093  8.983  9.011  8.980  8.986  8.981    0.040 0.029 0.029 0.029 0.033  A 87227
   3016.60285  8.812  8.853  8.827  8.822  8.815    0.048 0.030 0.038 0.040 0.043  A 87731
   3019.56027  8.807  8.782  8.802  8.799  8.801    0.044 0.032 0.034 0.035 0.038  A 88111
   3030.53184  8.865  8.868  8.856  8.863  8.864    0.032 0.023 0.024 0.024 0.027  A 88694
   3033.54197  8.894  8.849  8.900  8.883  8.891    0.043 0.031 0.030 0.030 0.036  A 88992
   3037.54302  8.897  8.890  8.895  8.893  8.888    0.036 0.027 0.030 0.027 0.030  A 89451
   3042.52053  8.885  8.900  8.887  8.888  8.882    0.040 0.029 0.031 0.030 0.034  A 89755
   3046.51714  8.887  8.882  8.893  8.882  8.889    0.043 0.029 0.032 0.030 0.036  A 90295
   3130.92440  8.864  8.872  8.836  8.859  8.861    0.058 0.053 0.051 0.050 0.055  B 101587
   3157.91721  8.790  8.746  8.790  8.781  8.786    0.058 0.035 0.042 0.047 0.053  B 104323
   3163.91064 99.999 99.999 99.999 99.999 99.999    0.035 0.028 0.026 0.026 0.029  C 105116
   3171.88646  8.730  8.714  8.718  8.730  8.724    0.048 0.033 0.034 0.034 0.040  A 106264
   3177.93468  8.797  8.794  8.821  8.795  8.796    0.063 0.041 0.044 0.045 0.055  B 106999
   3180.90085  8.867  8.876  8.878  8.858  8.867    0.026 0.021 0.022 0.021 0.023  A 107432
   3185.88375  8.935  8.912  8.943  8.934  8.935    0.034 0.029 0.026 0.025 0.029  A 108017
   3193.93136  8.917  8.909  8.913  8.908  8.914    0.035 0.043 0.032 0.027 0.030  A 108990
   3266.72098  8.879  8.873  8.885  8.880  8.881    0.026 0.039 0.030 0.023 0.025  A 115215
   3270.68296  8.850  8.857  8.841  8.846  8.848    0.034 0.039 0.038 0.029 0.030  A 115811
   3276.74475  8.822  8.774  8.814  8.819  8.817    0.042 0.041 0.034 0.030 0.036  A 116602
   3278.83110  8.786  8.769  8.783  8.788  8.788    0.044 0.039 0.037 0.033 0.037  A 116889
   3291.77411  8.564  8.556  8.575  8.570  8.563    0.022 0.040 0.034 0.023 0.022  A 118183
   3298.63220  8.723  8.741  8.694  8.717  8.720    0.029 0.036 0.029 0.023 0.025  A 118801
   3356.60491  8.802  8.793  8.804  8.804  8.801    0.049 0.097 0.051 0.045 0.048  D 124463
   3359.59451  8.766  8.854  8.796  8.776  8.770    0.047 0.092 0.047 0.040 0.044  D 124793
   3374.59071  8.671  8.668  8.679  8.679  8.674    0.047 0.046 0.035 0.035 0.040  A 125406
   3382.59223  8.769  8.779  8.777  8.770  8.768    0.046 0.076 0.042 0.037 0.041  A 125612
   3385.54186  8.791  8.776  8.764  8.791  8.793    0.036 0.061 0.032 0.029 0.032  A 126002
   3394.55955  8.942  8.946  8.927  8.936  8.942    0.038 0.031 0.027 0.029 0.034  A 127114
   3397.55044  8.960  8.953  8.956  8.955  8.956    0.036 0.043 0.026 0.027 0.031  A 127472
   3400.54587  8.918  8.910  8.901  8.914  8.918    0.028 0.031 0.023 0.022 0.024  A 127879
   3404.53517  8.890  8.892  8.887  8.887  8.888    0.029 0.031 0.023 0.023 0.025  A 128371
   3411.51912  8.809  8.763  8.791  8.805  8.808    0.044 0.037 0.030 0.032 0.039  A 129439
   3512.89061  8.823  8.818  8.832  8.826  8.830    0.037 0.045 0.031 0.027 0.032  A 143945
   3526.88496  8.859  8.853  8.861  8.857  8.858    0.042 0.042 0.033 0.033 0.037  A 145765
   3541.88309  8.710  8.698  8.701  8.711  8.709    0.035 0.030 0.026 0.025 0.030  A 147324
   3544.90053 99.999 99.999 99.999 99.999 99.999    0.039 0.037 0.027 0.028 0.034  C 147788
   3552.86475  8.944  8.923  8.932  8.937  8.942    0.036 0.036 0.029 0.028 0.031  A 148544
   3560.82651  8.977  8.976  9.008  8.999  8.977    0.037 0.047 0.036 0.032 0.034  A 149625
   3563.84612  8.943  8.957  8.939  8.935  8.942    0.031 0.031 0.025 0.025 0.028  A 150155
   3568.90452  8.865  8.876  8.824  8.856  8.863    0.028 0.033 0.030 0.023 0.025  A 150470
   3570.88334  8.847  8.806  8.856  8.851  8.850    0.030 0.032 0.026 0.024 0.027  A 150839
   3573.84055  8.825  8.820  8.840  8.825  8.821    0.035 0.038 0.034 0.027 0.031  A 151179
   3576.82620  8.819  8.798  8.827  8.820  8.816    0.033 0.032 0.027 0.025 0.029  A 151710
   3579.87887  8.815  8.823  8.821  8.807  8.808    0.041 0.058 0.038 0.034 0.036  A 152237
   3583.83963  8.682  8.617  8.663  8.676  8.681    0.030 0.049 0.031 0.026 0.028  A 152904
   3586.80074  8.632  8.664  8.652  8.645  8.632    0.038 0.068 0.040 0.034 0.036  A 153404
   3589.79317  8.618  8.592  8.594  8.606  8.612    0.029 0.048 0.031 0.025 0.026  A 153895
   3592.78139  8.635  8.598  8.619  8.621  8.628    0.035 0.065 0.035 0.031 0.033  A 154408
   3596.82908  8.691  8.661  8.700  8.693  8.690    0.051 0.045 0.035 0.036 0.044  A 155023
   3603.73618  8.823  8.833  8.808  8.813  8.823    0.034 0.034 0.028 0.026 0.029  A 155916
   3615.87431  8.959  8.969  8.950  8.951  8.955    0.048 0.060 0.037 0.035 0.041  A 156981
   3618.71942  8.906  8.869  8.894  8.901  8.901    0.045 0.066 0.040 0.037 0.040  A 157310
   3621.70963  8.836  8.778  8.811  8.823  8.831    0.053 0.071 0.042 0.040 0.045  A 157763
   3624.75457  8.745  8.718  8.745  8.736  8.743    0.027 0.034 0.033 0.023 0.025  A 158084
   3626.75112  8.683  8.670  8.685  8.681  8.683    0.033 0.032 0.032 0.026 0.030  A 158357
   3629.70916  8.640  8.621  8.620  8.635  8.636    0.039 0.037 0.033 0.029 0.034  A 158641
   3631.72787  8.665  8.715  8.666  8.664  8.660    0.046 0.059 0.036 0.032 0.039  A 158985
   3633.76520  8.666  8.678  8.667  8.663  8.666    0.038 0.033 0.028 0.027 0.032  A 159259
   3636.75397  8.721  8.706  8.727  8.722  8.723    0.040 0.040 0.031 0.029 0.033  A 159621
   3639.66020  8.770  8.773  8.770  8.765  8.765    0.040 0.051 0.040 0.035 0.036  A 159944
   3641.85006  8.825  8.825  8.799  8.814  8.819    0.031 0.030 0.027 0.024 0.027  A 160245
   3644.64859  8.786  8.712  8.762  8.777  8.787    0.050 0.068 0.039 0.038 0.044  A 160610
   3647.82070  8.785  8.761  8.793  8.781  8.787    0.027 0.028 0.027 0.021 0.024  A 160936
   3650.63778  8.765  8.754  8.732  8.762  8.764    0.024 0.034 0.026 0.020 0.022  A 161310
   3652.67104  8.758  8.835  8.754  8.753  8.759    0.040 0.081 0.041 0.035 0.037  B 161614
   3654.66971  8.732  8.765  8.737  8.730  8.731    0.038 0.070 0.036 0.032 0.034  A 161890
   3656.64938  8.703  8.706  8.691  8.696  8.700    0.029 0.032 0.026 0.024 0.026  A 162181
   3658.66432  8.699  8.703  8.698  8.699  8.694    0.035 0.035 0.027 0.028 0.032  A 162482
   3660.69249  8.693  8.761  8.723  8.706  8.700    0.047 0.054 0.037 0.034 0.041  A 162800
   3662.75460  8.700  8.687  8.701  8.704  8.700    0.059 0.053 0.039 0.041 0.049  B 163105
   3664.77030  8.695  8.724  8.706  8.698  8.696    0.037 0.057 0.034 0.031 0.033  A 163400
   3668.65177  8.680  8.664  8.680  8.675  8.679    0.025 0.032 0.027 0.022 0.023  A 163834
   3670.68778  8.699  8.697  8.680  8.690  8.694    0.027 0.032 0.026 0.022 0.024  A 164130
   3672.76837  8.721  8.721  8.716  8.712  8.719    0.033 0.035 0.027 0.025 0.029  A 164442
   3675.60522  8.756  8.759  8.741  8.754  8.758    0.027 0.031 0.023 0.022 0.025  A 164821
   3677.72501  8.773  8.841  8.822  8.797  8.774    0.032 0.058 0.035 0.028 0.029  A 165144
   3700.59644  8.757  8.775  8.747  8.749  8.754    0.039 0.048 0.034 0.032 0.034  A 168027
   3702.72969  8.749  8.735  8.730  8.739  8.741    0.034 0.046 0.030 0.027 0.030  A 168331
   3705.61586 29.999 29.999 29.999 29.999 29.999    0.042 0.084 0.044 0.038 0.040  C 168700
   3707.69493  8.711  8.663  8.715  8.704  8.707    0.029 0.054 0.031 0.025 0.027  A 169002
   3711.69718  8.637  8.661  8.631  8.631  8.639    0.032 0.056 0.031 0.027 0.028  A 169284
   3713.65089  8.633  8.689  8.617  8.623  8.631    0.038 0.063 0.035 0.031 0.034  A 169544
   3715.68889  8.588  8.542  8.577  8.586  8.589    0.048 0.063 0.036 0.036 0.042  A 169843
   3718.58124  8.625  8.603  8.615  8.617  8.616    0.041 0.050 0.032 0.032 0.037  A 170181
   3720.66563  8.635  8.625  8.609  8.630  8.636    0.045 0.049 0.032 0.032 0.039  A 170447
   3726.57617  8.764  8.716  8.757  8.758  8.761    0.045 0.055 0.042 0.043 0.046  A 171116
   3728.63190  8.808  8.839  8.810  8.802  8.811    0.041 0.046 0.031 0.031 0.036  A 171410
   3732.59624  8.883  8.884  8.896  8.888  8.883    0.043 0.038 0.033 0.034 0.039  A 171808
   3735.59563  8.941  8.907  8.939  8.940  8.940    0.029 0.034 0.023 0.022 0.026  A 172198
   3738.56540  8.932  8.926  8.931  8.935  8.932    0.030 0.050 0.030 0.025 0.027  A 172605
   3740.61708  8.931  8.920  8.917  8.920  8.926    0.031 0.035 0.026 0.024 0.027  A 172900
   3743.59884  8.830  8.850  8.811  8.823  8.827    0.034 0.049 0.029 0.027 0.031  A 173266
   3747.57386  8.726  8.736  8.729  8.723  8.724    0.041 0.037 0.027 0.029 0.035  A 173793
   3750.56894  8.658  8.711  8.660  8.656  8.656    0.048 0.053 0.035 0.034 0.040  A 174216
   3753.56961  8.563  8.583  8.567  8.563  8.561    0.040 0.050 0.034 0.033 0.037  A 174633
   3756.56205  8.585  8.561  8.563  8.572  8.580    0.048 0.049 0.033 0.033 0.039  A 175038
   3759.55283  8.623  8.662  8.628  8.622  8.623    0.043 0.047 0.032 0.034 0.039  A 175455
   3762.55480  8.659  8.657  8.652  8.649  8.654    0.048 0.048 0.035 0.038 0.043  A 175849
   3765.54798  8.726  8.766  8.721  8.713  8.721    0.043 0.039 0.034 0.035 0.038  A 176265
   3768.54167  8.766  8.740  8.771  8.770  8.769    0.051 0.073 0.040 0.040 0.045  A 176681
   3772.53433  8.836  8.867  8.825  8.831  8.833    0.033 0.043 0.028 0.026 0.029  A 177187
   3776.52344  8.819  8.772  8.805  8.815  8.816    0.048 0.057 0.034 0.034 0.041  A 177758
   3860.92755  9.063  9.075  9.061  9.063  9.065    0.044 0.040 0.034 0.032 0.037  A 188929
   3866.91532  9.010  9.019  9.004  9.010  9.013    0.034 0.034 0.025 0.026 0.030  A 189975
   3871.91412  8.906  8.892  8.898  8.909  8.912    0.044 0.066 0.037 0.034 0.038  A 190836
   3877.90329  8.871  8.880  8.869  8.869  8.873    0.031 0.032 0.028 0.026 0.028  A 191581
   3892.88198  8.926  8.903  8.925  8.931  8.929    0.039 0.059 0.035 0.031 0.035  A 193608
   3898.92864  8.814  8.851  8.807  8.815  8.815    0.036 0.052 0.032 0.028 0.032  A 194451
   3902.90667  8.751  8.793  8.765  8.751  8.754    0.034 0.047 0.031 0.026 0.029  A 195125
   3906.87229 99.999 99.999 99.999 99.999 99.999    0.029 0.029 0.024 0.023 0.026  C 195872
   3909.92138  8.846  8.832  8.839  8.837  8.841    0.034 0.035 0.024 0.025 0.030  A 196470
   3913.93027  8.872  8.799  8.850  8.869  8.871    0.047 0.108 0.059 0.046 0.047  D 197034
   4090.60558  8.774  8.805  8.757  8.765  8.773    0.041 0.049 0.031 0.030 0.035  A 209248
   4104.62332  8.673  8.676  8.664  8.671  8.677    0.044 0.047 0.032 0.031 0.036  A 210695
   4107.56182  8.683  8.783  8.698  8.689  8.685    0.033 0.065 0.033 0.027 0.029  A 211074
   4111.56639  8.685  8.673  8.670  8.678  8.687    0.040 0.092 0.044 0.036 0.038  D 211360
   4126.54269  8.931  8.910  8.973  8.948  8.931    0.044 0.046 0.037 0.039 0.042  A 211633
   4128.55685  8.802  8.827  8.795  8.796  8.802    0.032 0.038 0.031 0.028 0.029  A 211905
   4131.55113  8.800  8.804  8.794  8.794  8.796    0.039 0.042 0.029 0.028 0.033  A 212287
   4135.52238  8.696  8.783  8.718  8.701  8.695    0.061 0.051 0.039 0.042 0.053  B 212818
   4146.51504  8.729  8.607  8.640  8.696  8.733    0.143 0.062 0.065 0.086 0.128  D 214373
   4231.91172  8.700  8.684  8.697  8.695  8.695    0.039 0.059 0.039 0.031 0.035  A 223969
   4235.91556  8.725  8.687  8.741  8.716  8.718    0.060 0.041 0.043 0.043 0.052  B 224682
   4255.93380  8.904  8.882  8.895  8.897  8.898    0.044 0.037 0.035 0.033 0.038  A 227178
   4268.93854  8.925  8.947  8.930  8.924  8.926    0.043 0.051 0.041 0.036 0.039  A 228086
   4273.87500  8.947  8.931  8.917  8.936  8.936    0.032 0.042 0.038 0.030 0.031  A 228578
   4278.91890  8.859  8.823  8.865  8.862  8.860    0.061 0.059 0.054 0.055 0.058  B 229232
   4284.90995  8.854  8.855  8.878  8.858  8.849    0.034 0.043 0.034 0.028 0.030  A 229899
   4289.92977  8.861  8.819  8.844  8.840  8.851    0.070 0.058 0.055 0.054 0.061  D 230441
   4292.86862  8.840  8.863  8.840  8.839  8.840    0.030 0.037 0.034 0.026 0.028  A 230955
   4295.85369  8.830  8.812  8.829  8.830  8.829    0.037 0.042 0.037 0.032 0.034  A 231469
   4298.84443  8.850  8.903  8.861  8.853  8.848    0.057 0.045 0.044 0.044 0.050  A 231999
   4301.80003  8.926  8.899  8.925  8.916  8.924    0.038 0.046 0.038 0.032 0.033  A 232525
   4303.85938  8.912  8.916  8.883  8.904  8.898    0.043 0.043 0.041 0.038 0.041  A 232845
   4305.85223  8.996  8.993  8.985  8.985  9.000    0.030 0.039 0.034 0.027 0.029  A 233206
   4307.82899  8.979  8.964  9.001  8.984  8.983    0.059 0.053 0.050 0.054 0.056  B 233543
   4309.81623 99.999 99.999 99.999 99.999 99.999    0.038 0.039 0.035 0.030 0.034  C 233852
   4311.86360  9.090  9.075  9.111  9.097  9.099    0.049 0.047 0.045 0.041 0.045  A 234136
   4314.84423  9.114  9.129  9.128  9.132  9.118    0.063 0.052 0.058 0.057 0.060  D 234448
   4329.82548  8.887  8.881  8.900  8.888  8.885    0.042 0.041 0.042 0.037 0.039  A 235203
   4331.80087  8.924  8.915  8.936  8.931  8.926    0.027 0.036 0.033 0.024 0.025  A 235553
   4333.77250  9.018  9.048  9.022  9.030  9.019    0.068 0.049 0.058 0.062 0.065  D 235903
   4336.77495  8.984  9.001  8.980  8.982  8.979    0.038 0.038 0.036 0.032 0.035  A 236249
   4339.72946  9.012  9.022  8.977  9.013  9.009    0.038 0.039 0.036 0.030 0.034  A 236620
   4341.75758  9.016  9.002  9.024  9.017  9.013    0.035 0.037 0.034 0.029 0.031  A 236965
   4343.77966  9.011  8.959  8.997  8.999  9.014    0.053 0.049 0.041 0.043 0.048  A 237326
   4345.78297  8.964  8.914  8.977  8.966  8.970    0.067 0.072 0.059 0.061 0.065  D 237653
   4350.70948  8.907  8.878  8.919  8.903  8.910    0.040 0.065 0.041 0.035 0.036  A 238473
   4353.70050  8.923  8.909  8.907  8.917  8.922    0.027 0.031 0.029 0.023 0.024  A 238878
   4355.75077  8.936  8.942  8.920  8.933  8.930    0.029 0.036 0.031 0.024 0.026  A 239212
   4358.69267  8.870  8.878  8.852  8.860  8.867    0.036 0.040 0.038 0.033 0.034  A 239649
   4361.67680  8.863  8.862  8.848  8.870  8.860    0.036 0.076 0.046 0.039 0.033  A 240038
   4363.70317  8.850  8.835  8.852  8.852  8.846    0.028 0.032 0.032 0.025 0.027  A 240360
   4365.70455  8.831  8.815  8.831  8.828  8.832    0.030 0.033 0.031 0.025 0.027  A 240672
   4367.77973  8.817  8.812  8.817  8.807  8.816    0.046 0.044 0.040 0.035 0.039  A 240893
   4369.74510  8.792  8.782  8.799  8.794  8.796    0.048 0.041 0.039 0.035 0.041  A 241179
   4371.76147  8.773  8.748  8.769  8.768  8.768    0.046 0.071 0.041 0.036 0.040  A 241514
   4373.77768  8.781  8.795  8.774  8.776  8.776    0.044 0.076 0.042 0.036 0.039  A 241813
   4376.76994  8.751  8.750  8.752  8.744  8.749    0.046 0.047 0.039 0.037 0.041  A 242168
   4379.63014  8.786  8.783  8.779  8.785  8.784    0.032 0.040 0.031 0.028 0.029  A 242570
   4381.68560  8.766  8.758  8.770  8.758  8.759    0.043 0.042 0.039 0.036 0.038  A 242889
   4383.77546  8.780  8.767  8.813  8.784  8.783    0.046 0.048 0.041 0.038 0.042  A 243224
   4385.72365  8.845  8.877  8.854  8.846  8.851    0.029 0.045 0.037 0.027 0.029  A 243521
   4387.76295  8.851  8.803  8.835  8.849  8.844    0.034 0.049 0.038 0.031 0.031  A 243850
   4393.67331  8.969  8.961  8.943  8.968  8.962    0.056 0.049 0.041 0.042 0.049  A 244660
   4398.77369  8.999  9.024  8.983  9.005  9.008    0.048 0.064 0.040 0.038 0.042  A 244761
   4400.75500  8.991  8.961  8.952  8.982  8.990    0.086 0.087 0.061 0.061 0.073  D 245009
   4403.78359 99.999 99.999 99.999 99.999 99.999    0.036 0.045 0.034 0.029 0.032  C 245309
   4407.77203  8.792  8.808  8.784  8.791  8.785    0.043 0.050 0.038 0.033 0.038  A 245625
   4410.62705  8.752  8.758  8.728  8.748  8.748    0.040 0.074 0.042 0.035 0.037  A 245965
   4413.66887  8.661  8.708  8.673  8.673  8.663    0.041 0.041 0.038 0.036 0.039  A 246259
   4419.63251  8.728  8.699  8.740  8.730  8.731    0.048 0.071 0.044 0.036 0.041  A 246399
   4422.60584  8.778  8.758  8.782  8.769  8.776    0.036 0.069 0.038 0.030 0.033  A 246645
   4426.60828  8.768  8.745  8.772  8.766  8.768    0.049 0.052 0.035 0.034 0.041  A 246937
   4428.65594  8.774  8.731  8.790  8.762  8.771    0.047 0.042 0.033 0.033 0.040  A 247182
   4431.57054  8.771  8.769  8.742  8.765  8.767    0.039 0.045 0.034 0.031 0.034  A 247509
   4433.64697  8.791  8.776  8.800  8.795  8.788    0.036 0.035 0.029 0.026 0.031  A 247796
   4435.71165  8.811  8.824  8.790  8.808  8.809    0.038 0.067 0.038 0.032 0.034  A 248055
   4438.61930  8.806  8.817  8.817  8.810  8.806    0.042 0.052 0.037 0.035 0.038  A 248399
   4440.70941  8.823  8.795  8.823  8.823  8.822    0.034 0.032 0.031 0.028 0.030  A 248687
   4443.62902  8.792  8.807  8.810  8.796  8.794    0.034 0.043 0.036 0.031 0.032  A 248981
   4453.62262  8.723  8.744  8.704  8.726  8.731    0.059 0.046 0.043 0.047 0.052  B 250119
   4456.59693  8.792  8.779  8.765  8.787  8.791    0.057 0.042 0.035 0.038 0.047  A 250437
   4459.58154  8.796  8.773  8.800  8.797  8.795    0.048 0.040 0.033 0.031 0.038  A 250790
   4462.57690  8.799  8.810  8.784  8.800  8.799    0.033 0.029 0.027 0.025 0.029  A 251155
   4464.62972  8.756  8.713  8.764  8.751  8.755    0.040 0.055 0.039 0.033 0.035  A 251413
   4467.59126  8.782  8.739  8.774  8.782  8.781    0.076 0.067 0.065 0.069 0.072  D 251740
   4470.59276  8.777  8.781  8.767  8.773  8.776    0.034 0.049 0.038 0.028 0.031  A 252085
   4474.59409  8.866  8.832  8.868  8.864  8.860    0.063 0.054 0.047 0.051 0.057  B 252461
   4477.56701  8.814  8.795  8.802  8.811  8.813    0.032 0.031 0.028 0.025 0.028  A 252754
   4480.55491  8.760  8.798  8.758  8.753  8.763    0.067 0.052 0.047 0.053 0.060  B 253109
   4483.57008  8.822  8.814  8.832  8.822  8.823    0.039 0.041 0.031 0.029 0.033  A 253436
   4486.58102  8.807  8.794  8.822  8.811  8.809    0.053 0.044 0.038 0.038 0.045  A 253690
   4489.56250  8.747  8.753  8.765  8.756  8.752    0.041 0.036 0.031 0.030 0.035  A 254037
   4492.55759  8.776  8.746  8.794  8.778  8.777    0.042 0.039 0.033 0.031 0.036  A 254373
   4497.54491  8.781  8.780  8.771  8.778  8.784    0.075 0.066 0.050 0.052 0.063  D 254738
   4500.54131  8.830  8.818  8.843  8.831  8.831    0.037 0.041 0.033 0.029 0.032  A 255121
   4504.53654  8.927  8.891  8.926  8.921  8.926    0.106 0.062 0.068 0.070 0.088  D 255676
   4507.52150  8.964  8.961  8.975  8.968  8.965    0.052 0.040 0.037 0.038 0.045  A 256103
#ndata= 8
#dataset= 4 ; 1 F0112-32_160
#desig= 003629-3020.0
#cra=    0.608008  00:36:28.8
#cdec= -30.332721 -30:19:57.8
#class= 0
#cmag_0=  8.779
#cmer_0=  0.047
#nskip_0= 0
#cmag_1=  8.761
#cmer_1=  0.030
#nskip_1= 0
#cmag_2=  8.756
#cmer_2=  0.028
#nskip_2= 0
#cmag_3=  8.758
#cmer_3=  0.032
#nskip_3= 0
#cmag_4=  8.764
#cmer_4=  0.030
#nskip_4= 0
#ra=    0.608008  00:36:28.8
#dec= -30.332721 -30:19:57.8
#     HJD      MAG_4  MAG_0  MAG_1  MAG_2  MAG_3    MER_4 MER_0 MER_1 MER_2 MER_3 GRADE FRAME
   2143.77049  8.741  8.855  8.758  8.747  8.743    0.034 0.063 0.032 0.029 0.031  A 30856
   2473.79762  8.884  8.881  8.890  8.873  8.875    0.031 0.036 0.039 0.032 0.038  A 12753
   2486.80463  8.808  8.765  8.785  8.794  8.799    0.038 0.042 0.038 0.032 0.039  A 13396
   2490.81491  8.741  8.765  8.742  8.720  8.729    0.030 0.035 0.038 0.032 0.037  A 14143
   2558.75325  8.742  8.753  8.740  8.738  8.740    0.027 0.038 0.032 0.026 0.025  A 22095
   2783.90398  8.758  8.732  8.760  8.744  8.751    0.039 0.035 0.036 0.031 0.035  A 56044
   2894.69919  8.726  8.725  8.699  8.708  8.704    0.042 0.033 0.042 0.034 0.042  A 71103
   3177.93468  8.784  8.780  8.801  8.773  8.787    0.063 0.043 0.046 0.048 0.055  B 106999
#ndata= 60
#dataset= 5 ; 1 F0032-24_199
#desig= 003629-3020.1
#cra=    0.608016  00:36:28.9
#cdec= -30.334654 -30:20:04.8
#class= 0
#cmag_0=  8.763
#cmer_0=  0.080
#nskip_0= 1
#cmag_1=  8.802
#cmer_1=  0.062
#nskip_1= 3
#cmag_2=  8.830
#cmer_2=  0.047
#nskip_2= 16
#cmag_3=  8.849
#cmer_3=  0.046
#nskip_3= 15
#cmag_4=  8.845
#cmer_4=  0.061
#nskip_4= 0
#ra=    0.608016  00:36:28.9
#dec= -30.334654 -30:20:04.8
#     HJD      MAG_4  MAG_0  MAG_1  MAG_2  MAG_3    MER_4 MER_0 MER_1 MER_2 MER_3 GRADE FRAME
   2040.93569  8.787  8.667  8.746  8.783  8.794    0.053 0.082 0.041 0.042 0.048  A 19591
   2164.69577  8.828  8.714  8.780  8.827  8.837    0.028 0.048 0.032 0.025 0.026  A 31932
   2167.67525  8.804  8.777  8.781  8.802  8.818    0.027 0.048 0.027 0.022 0.025  A 32113
   2168.68940  8.807  8.718  8.766  8.803  8.817    0.029 0.052 0.030 0.024 0.026  A 32287
   2169.70105  8.840  8.773  8.814  8.838  8.852    0.024 0.034 0.032 0.023 0.026  A 32445
   2171.67187  8.851  8.805  8.825  8.843  8.864    0.032 0.049 0.031 0.026 0.028  A 32616
   2174.66940  8.825  8.702  8.766  8.797  8.824    0.037 0.052 0.036 0.030 0.033  A 33166
   2175.66084  8.838  8.810  8.827  8.845  8.848    0.044 0.058 0.042 0.038 0.040  A 33307
   2177.64373  8.849  8.862  8.825  8.841  8.859    0.034 0.045 0.033 0.028 0.031  A 33428
   2178.64848  8.848  8.688  8.802  8.846  8.863    0.032 0.050 0.036 0.029 0.029  A 33605
   2185.69356  8.877  8.822  8.825  8.856  8.880    0.033 0.040 0.034 0.026 0.029  A 34290
   2186.68310  8.875  8.794  8.810  8.864  8.883    0.033 0.043 0.039 0.031 0.033  A 34400
   2188.66567  8.850  8.739  8.800  8.837  8.854    0.028 0.042 0.036 0.026 0.028  A 34703
   2190.61420  8.847  8.813  8.803  8.836  8.858    0.029 0.044 0.034 0.027 0.027  A 34928
   2191.64793  8.791  8.643  8.756  8.790  8.806    0.027 0.054 0.035 0.027 0.027  A 35118
   2192.63361  8.811  8.720  8.756  8.800  8.822    0.026 0.044 0.031 0.024 0.025  A 35286
   2193.63693  8.777  8.689  8.731  8.772  8.789    0.026 0.038 0.031 0.023 0.024  A 35470
   2194.63258  8.784  8.662  8.741  8.773  8.795    0.026 0.044 0.033 0.025 0.025  A 35647
   2195.63461  8.801  8.787  8.783  8.795  8.811    0.027 0.044 0.033 0.024 0.026  A 35825
   2196.63153  8.772  8.608  8.708  8.749  8.774    0.029 0.044 0.035 0.027 0.028  A 35956
   2197.63115  8.825  8.821  8.787  8.817  8.837    0.028 0.050 0.036 0.027 0.028  A 36140
   2198.62552  8.799  8.636  8.751  8.793  8.815    0.027 0.042 0.034 0.026 0.027  A 36309
   2199.62167  8.855  8.851  8.811  8.837  8.858    0.027 0.046 0.036 0.027 0.027  A 36487
   2201.61033  8.810  8.665  8.750  8.802  8.820    0.027 0.043 0.032 0.024 0.026  A 36731
   2202.62014  8.853  8.801  8.827  8.855  8.868    0.028 0.042 0.034 0.026 0.028  A 36903
   2203.60748  8.845  8.721  8.810  8.839  8.850    0.030 0.044 0.037 0.028 0.029  A 37071
   2204.60539  8.880  8.887  8.858  8.882  8.889    0.026 0.044 0.034 0.025 0.027  A 37197
   2205.60120  8.917  8.848  8.875  8.900  8.910    0.100 0.087 0.081 0.082 0.093  D 37327
   2206.60638  8.909  8.870  8.879  8.902  8.921    0.029 0.046 0.037 0.028 0.030  A 37473
   2207.59848  8.904  8.872  8.884  8.895  8.903    0.039 0.046 0.039 0.033 0.037  A 37642
   2213.62933  8.933  8.792  8.890  8.931  8.939    0.036 0.048 0.041 0.033 0.036  A 38084
   2214.59989  8.967  8.946  8.917  8.946  8.970    0.037 0.048 0.040 0.033 0.038  A 38219
   2215.59757  8.923  8.844  8.859  8.918  8.942    0.036 0.044 0.039 0.031 0.036  A 38385
   2216.59779  8.934  8.815  8.890  8.920  8.945    0.034 0.046 0.039 0.032 0.037  A 38555
   2219.56829  8.863  8.740  8.851  8.865  8.876    0.034 0.045 0.040 0.032 0.037  A 38883
   2221.57591  8.863  8.815  8.816  8.852  8.883    0.031 0.044 0.037 0.029 0.033  A 39003
   2222.58292  8.831  8.747  8.830  8.829  8.841    0.031 0.041 0.035 0.028 0.034  A 39161
   2224.57341  8.783  8.625  8.701  8.756  8.787    0.038 0.049 0.044 0.036 0.042  A 39318
   2225.58236  8.789  8.754  8.766  8.788  8.793    0.030 0.046 0.035 0.028 0.030  A 39485
   2226.57856  8.755  8.631  8.681  8.745  8.764    0.032 0.044 0.038 0.029 0.034  A 39638
   2227.57691  8.794  8.769  8.743  8.780  8.804    0.031 0.045 0.035 0.027 0.033  A 39790
   2229.54351  8.797  8.724  8.737  8.786  8.808    0.035 0.046 0.040 0.032 0.039  A 40101
   2230.57365  8.781  8.685  8.745  8.777  8.790    0.033 0.045 0.037 0.030 0.036  A 40279
   2232.57296  8.819  8.757  8.751  8.804  8.827    0.034 0.044 0.039 0.030 0.036  A 40446
   2234.53987  8.851  8.821  8.806  8.847  8.860    0.038 0.049 0.041 0.034 0.040  A 40747
   2235.56032  8.827  8.682  8.776  8.827  8.848    0.035 0.044 0.037 0.031 0.037  A 40911
   2239.54177  8.930  8.798  8.914  8.916  8.945    0.040 0.049 0.042 0.035 0.041  A 41381
   2241.54994  8.914  8.805  8.866  8.910  8.932    0.040 0.051 0.044 0.036 0.042  A 41702
   2243.56645  8.935  8.824  8.883  8.928  8.945    0.045 0.057 0.046 0.040 0.046  A 42025
   2248.54429  8.967  8.898  8.941  8.956  8.985    0.045 0.058 0.045 0.037 0.045  A 42457
   2250.60068  8.926  8.790  8.867  8.925  8.944    0.040 0.053 0.044 0.035 0.044  A 42839
   2252.58976  8.916  8.853  8.886  8.915  8.925    0.039 0.055 0.042 0.033 0.040  A 43158
   2254.59031  8.906  8.835  8.861  8.912  8.916    0.037 0.052 0.040 0.033 0.039  A 43450
   2256.58465  8.917  8.849  8.850  8.914  8.936    0.043 0.058 0.046 0.037 0.044  A 43764
   2258.58994  8.917  8.819  8.883  8.918  8.935    0.043 0.061 0.049 0.039 0.045  A 44090
   2271.54696  8.841  8.766  8.823  8.838  8.864    0.063 0.083 0.068 0.054 0.063  D 45526
   3365.58141  8.684  8.620  8.659  8.690  8.696    0.040 0.052 0.031 0.030 0.034  A 125039
   3374.57357  8.692  8.592  8.640  8.683  8.713    0.052 0.049 0.037 0.038 0.045  A 125404
   3382.59223  8.754  8.715  8.736  8.761  8.770    0.041 0.077 0.038 0.034 0.037  A 125612
   3386.53250  8.820  8.735  8.781  8.818  8.829    0.037 0.040 0.030 0.029 0.032  A 126134
#ndata= 3
#dataset= 6 ; 1 F0104-24_200
#desig= 003629-3020.0
#cra=    0.608108  00:36:29.2
#cdec= -30.333845 -30:20:01.8
#class= 0
#cmag_0=  8.651
#cmer_0=  0.190
#nskip_0= 0
#cmag_1=  8.706
#cmer_1=  0.197
#nskip_1= 0
#cmag_2=  8.743
#cmer_2=  0.185
#nskip_2= 0
#cmag_3=  8.754
#cmer_3=  0.183
#nskip_3= 0
#cmag_4=  8.768
#cmer_4=  0.188
#nskip_4= 0
#ra=    0.608108  00:36:29.2
#dec= -30.333845 -30:20:01.8
#     HJD      MAG_4  MAG_0  MAG_1  MAG_2  MAG_3    MER_4 MER_0 MER_1 MER_2 MER_3 GRADE FRAME
   2212.64173  8.961  8.846  8.896  8.929  8.942    0.034 0.041 0.038 0.030 0.033  A 37919
   3366.58440  8.694  8.577  8.617  8.668  8.681    0.043 0.052 0.035 0.032 0.038  A 125154
   3374.59071  8.650  8.531  8.607  8.633  8.642    0.054 0.058 0.040 0.040 0.047  A 125406
