#ndata= 4
#dataset= 1 ; 1 F0000-40_122
#desig= 003752-3951.9
#cra=    0.630992  00:37:51.6
#cdec= -39.865717 -39:51:56.6
#class= 0
#cmag_0= 13.815
#cmer_0=  0.395
#nskip_0= 0
#cmag_1= 13.848
#cmer_1=  0.391
#nskip_1= 0
#cmag_2= 13.931
#cmer_2=  0.478
#nskip_2= 0
#cmag_3= 14.004
#cmer_3=  0.657
#nskip_3= 0
#cmag_4= 13.988
#cmer_4=  0.796
#nskip_4= 0
#ra=    0.630992  00:37:51.6
#dec= -39.865717 -39:51:56.6
#     HJD      MAG_0  MAG_1  MAG_2  MAG_3  MAG_4    MER_0 MER_1 MER_2 MER_3 MER_4 GRADE FRAME
   2468.88136 29.999 29.999 29.999 29.999 29.999    0.030 0.031 0.021 0.021 0.023  C 11819
   2500.73809 13.740 13.818 13.838 13.784 13.676    0.039 0.037 0.029 0.031 0.032  A 15904
   2521.79138 13.408 13.356 13.444 13.517 13.490    0.031 0.033 0.024 0.027 0.026  A 18461
   2628.59599 14.299 14.370 14.515 14.712 14.799    0.050 0.028 0.025 0.029 0.033  A 30704
#ndata= 459
#dataset= 2 ; 1 F0040-40_123
#desig= 003751-3952.0
#cra=    0.630885  00:37:51.2
#cdec= -39.866408 -39:51:59.1
#class= 0
#cmag_0= 13.888
#cmer_0=  0.381
#nskip_0= 0
#cmag_1= 13.924
#cmer_1=  0.402
#nskip_1= 0
#cmag_2= 13.961
#cmer_2=  0.413
#nskip_2= 0
#cmag_3= 13.991
#cmer_3=  0.440
#nskip_3= 1
#cmag_4= 14.002
#cmer_4=  0.476
#nskip_4= 0
#ra=    0.630885  00:37:51.2
#dec= -39.866408 -39:51:59.1
#     HJD      MAG_0  MAG_1  MAG_2  MAG_3  MAG_4    MER_0 MER_1 MER_2 MER_3 MER_4 GRADE FRAME
   1868.55718 14.125 14.225 14.252 14.299 14.213    0.062 0.025 0.021 0.023 0.026  A 46
   1869.55290 13.807 13.805 13.779 13.806 13.805    0.038 0.020 0.018 0.020 0.022  A 206
   1871.55897 14.371 14.266 14.313 14.416 14.419    0.071 0.033 0.023 0.022 0.024  A 493
   1873.56686 13.420 13.356 13.402 13.439 13.428    0.059 0.023 0.021 0.023 0.025  A 812
   1875.54768 14.167 14.161 14.292 14.464 14.450    0.052 0.021 0.018 0.020 0.021  A 1126
   1877.56216 14.246 14.242 14.351 14.612 14.616    0.048 0.027 0.022 0.022 0.025  A 1454
   1879.53140 14.008 14.083 14.089 14.026 13.957    0.044 0.023 0.019 0.021 0.024  A 1754
   1881.54564 14.157 14.145 14.213 14.257 14.194    0.037 0.021 0.019 0.020 0.023  A 2073
   1885.53367 13.900 13.969 13.993 13.933 13.874    0.035 0.022 0.019 0.022 0.026  A 2379
   1887.56093 13.339 13.327 13.339 13.339 13.413    0.047 0.023 0.020 0.023 0.027  A 2710
   1889.57271 29.999 29.999 29.999 29.999 29.999    0.051 0.033 0.023 0.027 0.031  C 3035
   1900.58239 14.006 14.037 13.963 13.903 13.978    0.040 0.025 0.020 0.021 0.024  A 3329
   1903.59915 14.231 14.259 14.389 14.396 14.346    0.039 0.021 0.017 0.019 0.021  A 3652
   1906.54543 14.272 14.393 14.438 14.415 14.439    0.037 0.024 0.018 0.019 0.022  A 4113
   1908.58571 13.292 13.277 13.268 13.296 13.321    0.037 0.025 0.018 0.021 0.024  A 4451
   1914.58439 13.920 13.980 13.996 13.931 13.834    0.046 0.028 0.023 0.025 0.026  A 4747
   1923.52881 13.922 13.930 13.931 13.927 13.950    0.044 0.027 0.023 0.026 0.032  A 5892
   1926.54413 14.277 14.359 14.335 14.193 14.081    0.037 0.027 0.024 0.025 0.029  A 6407
   1930.52657 29.999 29.999 29.999 29.999 29.999    0.033 0.030 0.025 0.029 0.032  C 7047
   1934.52519 29.999 29.999 29.999 29.999 29.999    0.036 0.029 0.024 0.026 0.029  C 7708
   2031.91431 13.691 13.738 13.789 13.828 13.827    0.046 0.026 0.024 0.026 0.030  A 18136
   2033.92719 29.999 29.999 29.999 29.999 29.999    0.035 0.025 0.023 0.025 0.028  C 18575
   2040.93441 29.999 29.999 29.999 29.999 29.999    0.079 0.040 0.037 0.040 0.044  C 19590
   2053.86123 14.231 14.199 14.252 14.385 14.833    0.041 0.024 0.023 0.027 0.030  A 20121
   2054.94376 14.029 13.975 13.877 13.737 13.651    0.074 0.037 0.037 0.042 0.048  A 20382
   2056.89245 13.212 13.298 13.328 13.364 13.423    0.067 0.028 0.024 0.027 0.029  A 20808
   2067.85230 14.119 14.230 14.248 14.051 13.794    0.066 0.030 0.027 0.029 0.033  A 21943
   2068.85273 14.335 14.487 14.517 14.675 15.023    0.065 0.032 0.030 0.036 0.041  A 22169
   2069.84793 13.805 13.602 13.458 13.300 13.179    0.066 0.032 0.027 0.029 0.032  A 22390
   2070.84902 14.366 14.360 14.431 14.536 14.275    0.060 0.027 0.024 0.028 0.032  A 22610
   2080.85075 13.159 13.207 13.232 13.231 13.166    0.054 0.026 0.022 0.025 0.027  A 22991
   2082.89738 14.178 14.074 14.084 14.112 14.136    0.063 0.029 0.023 0.025 0.028  A 23477
   2085.90116 14.191 14.240 14.265 14.287 14.277    0.051 0.030 0.023 0.025 0.026  A 23933
   2087.85600 13.213 13.279 13.262 13.310 13.457    0.066 0.034 0.029 0.032 0.035  A 24358
   2088.86802 14.348 14.390 14.398 14.356 14.485    0.064 0.028 0.024 0.027 0.029  A 24592
   2093.80219 13.596 13.593 13.584 13.520 13.585    0.070 0.032 0.026 0.027 0.029  A 24783
   2094.81456 13.928 13.818 13.761 13.725 13.780    0.069 0.032 0.027 0.031 0.034  A 25076
   2095.81069 29.999 29.999 29.999 29.999 29.999    0.073 0.045 0.044 0.049 0.054  C 25301
   2103.76691 13.810 13.898 14.031 14.218 14.342    0.055 0.028 0.023 0.025 0.027  A 25867
   2105.82622 14.196 14.136 14.136 14.152 14.195    0.067 0.033 0.025 0.026 0.029  A 26312
   2106.84792 14.308 14.376 14.328 14.343 14.373    0.049 0.026 0.021 0.023 0.025  A 26524
   2113.86282 14.183 14.213 14.310 14.459 14.607    0.050 0.028 0.023 0.025 0.027  A 26646
   2115.75596 14.229 14.391 14.485 14.459 14.444    0.046 0.028 0.024 0.025 0.028  A 26916
   2116.79867 14.020 13.964 13.936 13.914 13.950    0.052 0.030 0.026 0.027 0.028  A 27157
   2117.79965 13.795 13.853 13.829 13.781 13.849    0.053 0.027 0.023 0.025 0.027  A 27376
   2128.72017 13.485 13.482 13.575 13.717 13.636    0.049 0.028 0.023 0.027 0.030  A 27975
   2129.73049 29.999 29.999 29.999 29.999 29.999    0.057 0.045 0.035 0.035 0.035  C 28194
   2130.75254 14.075 14.158 14.133 14.133 14.166    0.051 0.025 0.020 0.022 0.024  A 28420
   2131.76289 13.690 13.617 13.593 13.604 13.602    0.063 0.027 0.024 0.027 0.030  A 28624
   2132.77439 14.410 14.476 14.454 14.444 14.398    0.063 0.029 0.022 0.025 0.027  A 28841
   2133.76089 14.208 14.164 14.082 14.015 14.036    0.058 0.030 0.022 0.025 0.027  A 29051
   2134.76096 13.798 13.770 13.770 13.792 13.809    0.054 0.027 0.023 0.025 0.028  A 29265
   2135.76399 13.208 13.327 13.404 13.367 13.338    0.062 0.039 0.039 0.044 0.049  A 29481
   2136.75976 14.463 14.560 14.680 14.805 15.036    0.054 0.029 0.027 0.029 0.032  A 29693
   2141.74525 14.801 14.852 14.580 14.370 14.326    0.055 0.027 0.024 0.025 0.027  A 30441
   2143.74778 14.597 14.656 14.812 14.992 15.081    0.060 0.037 0.030 0.031 0.033  A 30847
   2144.73456 14.042 14.048 14.045 14.038 13.971    0.064 0.031 0.026 0.028 0.030  A 31046
   2145.73250 13.510 13.539 13.517 13.504 13.545    0.050 0.026 0.023 0.025 0.028  A 31249
   2156.68800 29.999 29.999 29.999 29.999 29.999    0.050 0.032 0.027 0.029 0.034  C 31670
   2164.69724 29.999 29.999 29.999 29.999 29.999    0.049 0.035 0.027 0.027 0.030  C 31933
   2167.67222 14.137 14.216 14.251 14.329 14.339    0.050 0.029 0.024 0.027 0.030  A 32112
   2168.69306 14.123 14.084 14.093 14.102 13.952    0.056 0.034 0.026 0.028 0.031  A 32289
   2169.70470 13.596 13.655 13.680 13.743 13.713    0.034 0.035 0.026 0.025 0.025  A 32447
   2170.74154 29.999 29.999 29.999 29.999 29.999    0.051 0.034 0.029 0.031 0.034  C 32506
   2171.68251 29.999 29.999 29.999 29.999 29.999    0.049 0.035 0.027 0.028 0.032  C 32621
   2173.67011 29.999 29.999 29.999 29.999 29.999    0.041 0.032 0.024 0.026 0.029  C 32993
   2174.67077 29.999 29.999 29.999 29.999 29.999    0.049 0.033 0.027 0.029 0.032  C 33167
   2175.66220 14.116 14.426 14.671 14.804 14.619    0.045 0.033 0.027 0.029 0.031  A 33308
   2177.64061 29.999 29.999 29.999 29.999 29.999    0.053 0.036 0.030 0.031 0.034  C 33427
   2178.64982 29.999 29.999 29.999 29.999 29.999    0.049 0.038 0.030 0.030 0.034  C 33606
   2183.61425 29.999 29.999 29.999 29.999 29.999    0.046 0.035 0.028 0.031 0.033  C 33877
   2184.63417 29.999 29.999 29.999 29.999 29.999    0.048 0.039 0.031 0.032 0.035  C 34078
   2185.64259 29.999 29.999 29.999 29.999 29.999    0.048 0.038 0.029 0.031 0.035  C 34268
   2186.67766 29.999 29.999 29.999 29.999 29.999    0.045 0.039 0.030 0.031 0.032  C 34398
   2188.66916 29.999 29.999 29.999 29.999 29.999    0.045 0.039 0.029 0.031 0.031  C 34705
   2190.61100 29.999 29.999 29.999 29.999 29.999    0.048 0.036 0.027 0.028 0.030  C 34927
   2192.63933 29.999 29.999 29.999 29.999 29.999    0.051 0.035 0.027 0.028 0.030  C 35289
   2193.64265 13.417 13.418 13.470 13.603 13.614    0.048 0.035 0.026 0.025 0.028  A 35473
   2195.62917 29.999 29.999 29.999 29.999 29.999    0.044 0.035 0.026 0.026 0.028  C 35823
   2196.63725 29.999 29.999 29.999 29.999 29.999    0.049 0.038 0.029 0.031 0.033  C 35959
   2197.63692 13.859 13.927 13.950 13.983 13.934    0.045 0.034 0.027 0.028 0.028  A 36143
   2198.63347 29.999 29.999 29.999 29.999 29.999    0.045 0.034 0.026 0.026 0.028  C 36313
   2199.62514 29.999 29.999 29.999 29.999 29.999    0.052 0.042 0.033 0.033 0.028  C 36489
   2201.62063 29.999 29.999 29.999 29.999 29.999    0.044 0.037 0.027 0.028 0.028  C 36736
   2202.62817 29.999 29.999 29.999 29.999 29.999    0.047 0.039 0.031 0.033 0.035  C 36907
   2203.61318 13.605 13.603 13.610 13.653 13.546    0.050 0.039 0.030 0.030 0.031  A 37074
   2204.61109 14.047 14.218 14.635 14.894 14.943    0.049 0.037 0.028 0.027 0.029  A 37200
   2206.60094 29.999 29.999 29.999 29.999 29.999    0.043 0.040 0.032 0.033 0.031  C 37471
   2207.60197 13.189 13.273 13.337 13.383 13.380    0.047 0.038 0.028 0.030 0.032  A 37644
   2211.56633 29.999 29.999 29.999 29.999 29.999    0.053 0.046 0.039 0.041 0.039  C 37821
   2212.62410 29.999 29.999 29.999 29.999 29.999    0.046 0.038 0.030 0.031 0.033  C 37912
   2213.62382 29.999 29.999 29.999 29.999 29.999    0.042 0.037 0.030 0.034 0.034  C 38082
   2214.60338 13.393 13.371 13.538 13.686 13.651    0.046 0.040 0.032 0.035 0.035  A 38221
   2216.60127 29.999 29.999 29.999 29.999 29.999    0.046 0.039 0.031 0.035 0.032  C 38557
   2217.59419 29.999 29.999 29.999 29.999 29.999    0.047 0.040 0.031 0.036 0.033  C 38721
   2219.57405 29.999 29.999 29.999 29.999 29.999    0.045 0.037 0.029 0.033 0.031  C 38886
   2221.58171 13.385 13.406 13.484 13.576 13.560    0.047 0.039 0.030 0.033 0.030  A 39006
   2222.58643 29.999 29.999 29.999 29.999 29.999    0.044 0.036 0.029 0.035 0.032  C 39163
   2224.57696 29.999 29.999 29.999 29.999 29.999    0.047 0.040 0.031 0.034 0.032  C 39320
   2225.58812 29.999 29.999 29.999 29.999 29.999    0.046 0.038 0.030 0.032 0.032  C 39488
   2226.57986 13.713 13.890 14.221 14.600 14.922    0.046 0.039 0.030 0.037 0.033  A 39639
   2227.57822 29.999 29.999 29.999 29.999 29.999    0.046 0.038 0.030 0.035 0.032  C 39791
   2229.54931 29.999 29.999 29.999 29.999 29.999    0.045 0.039 0.030 0.035 0.034  C 40104
   2230.57498 29.999 29.999 29.999 29.999 29.999    0.043 0.038 0.030 0.033 0.033  C 40280
   2232.56532 29.999 29.999 29.999 29.999 29.999    0.045 0.039 0.030 0.034 0.031  C 40443
   2233.57047 29.999 29.999 29.999 29.999 29.999    0.047 0.041 0.031 0.037 0.035  C 40606
   2234.55308 29.999 29.999 29.999 29.999 29.999    0.048 0.039 0.031 0.038 0.036  C 40753
   2235.55276 29.999 29.999 29.999 29.999 29.999    0.045 0.040 0.030 0.034 0.032  C 40908
   2236.54701 29.999 29.999 29.999 29.999 29.999    0.050 0.043 0.033 0.040 0.035  C 41068
   2239.53614 29.999 29.999 29.999 29.999 29.999    0.050 0.042 0.035 0.043 0.042  C 41379
   2241.54020 13.561 13.594 13.848 14.098 14.161    0.048 0.041 0.034 0.038 0.037  A 41698
   2243.56342 29.999 29.999 29.999 29.999 29.999    0.055 0.047 0.039 0.048 0.047  C 42024
   2248.52536 29.999 29.999 29.999 29.999 29.999    0.052 0.041 0.033 0.040 0.038  C 42449
   2250.58180 29.999 29.999 29.999 29.999 29.999    0.057 0.044 0.037 0.042 0.041  C 42831
   2252.57561 29.999 29.999 29.999 29.999 29.999    0.056 0.044 0.035 0.043 0.041  C 43152
   2254.57161 29.999 29.999 29.999 29.999 29.999    0.065 0.050 0.040 0.048 0.046  C 43442
   2256.56583 29.999 29.999 29.999 29.999 29.999    0.064 0.051 0.038 0.046 0.045  C 43756
   2258.56891 29.999 29.999 29.999 29.999 29.999    0.074 0.060 0.051 0.057 0.054  D 44081
   2263.56596 29.999 29.999 29.999 29.999 29.999    0.077 0.058 0.048 0.058 0.059  D 44676
   2265.56166 29.999 29.999 29.999 29.999 29.999    0.085 0.064 0.049 0.057 0.059  D 44945
   2270.62787 29.999 29.999 29.999 29.999 29.999    0.087 0.071 0.061 0.068 0.067  D 45402
   2445.82397 29.999 29.999 29.999 29.999 29.999    0.026 0.025 0.018 0.019 0.022  C 9177
   2446.90854 13.970 14.220 14.245 14.205 14.342    0.030 0.034 0.025 0.025 0.024  A 9373
   2452.83098 29.999 29.999 29.999 29.999 29.999    0.034 0.037 0.029 0.030 0.031  C 9533
   2465.83928 29.999 29.999 29.999 29.999 29.999    0.040 0.039 0.031 0.035 0.029  C 11147
   2466.88128 13.427 13.502 13.519 13.527 13.501    0.027 0.028 0.019 0.020 0.019  A 11384
   2467.83421 14.170 14.392 14.386 14.406 14.402    0.022 0.026 0.018 0.019 0.019  A 11582
   2468.88136 29.999 29.999 29.999 29.999 29.999    0.033 0.036 0.025 0.024 0.025  C 11819
   2468.92745 13.872 13.781 13.837 13.894 13.789    0.027 0.029 0.024 0.029 0.029  A 11839
   2470.81044 29.999 29.999 29.999 29.999 29.999    0.033 0.037 0.029 0.033 0.026  C 12071
   2471.90061 29.999 29.999 29.999 29.999 29.999    0.028 0.032 0.025 0.029 0.025  C 12589
   2473.82136 29.999 29.999 29.999 29.999 29.999    0.036 0.039 0.032 0.038 0.029  C 12763
   2481.81810 29.999 29.999 29.999 29.999 29.999    0.050 0.046 0.039 0.044 0.040  C 13027
   2482.73598 29.999 29.999 29.999 29.999 29.999    0.038 0.038 0.034 0.039 0.035  C 13198
   2486.78938 29.999 29.999 29.999 29.999 29.999    0.043 0.041 0.035 0.038 0.038  C 13389
   2489.76331 13.522 13.589 13.806 14.170 14.174    0.034 0.037 0.029 0.032 0.034  A 13902
   2490.78822 29.999 29.999 29.999 29.999 29.999    0.038 0.039 0.032 0.036 0.030  C 14131
   2491.78446 29.999 29.999 29.999 29.999 29.999    0.084 0.080 0.075 0.079 0.078  D 14300
   2493.78613 13.370 13.373 13.387 13.393 13.406    0.036 0.036 0.033 0.040 0.030  A 14538
   2495.71932 29.999 29.999 29.999 29.999 29.999    0.033 0.033 0.030 0.038 0.032  C 14836
   2498.75627 29.999 29.999 29.999 29.999 29.999    0.029 0.030 0.023 0.026 0.023  C 15488
   2499.75973 29.999 29.999 29.999 29.999 29.999    0.027 0.031 0.025 0.030 0.023  C 15699
   2500.73809 13.737 13.830 13.837 13.795 13.690    0.030 0.034 0.023 0.025 0.022  A 15904
   2501.76736 14.065 14.195 14.334 14.437 14.408    0.028 0.031 0.022 0.022 0.020  A 16065
   2502.75834 29.999 29.999 29.999 29.999 29.999    0.030 0.031 0.024 0.031 0.024  C 16273
   2503.75859 29.999 29.999 29.999 29.999 29.999    0.057 0.057 0.055 0.063 0.058  D 16477
   2506.75117 29.999 29.999 29.999 29.999 29.999    0.080 0.074 0.063 0.068 0.066  D 16714
   2520.79443 29.999 29.999 29.999 29.999 29.999    0.041 0.035 0.023 0.022 0.019  C 18266
   2521.79138 13.405 13.369 13.448 13.530 13.508    0.028 0.031 0.022 0.022 0.020  A 18461
   2526.78569 29.999 29.999 29.999 29.999 29.999    0.050 0.052 0.038 0.029 0.024  C 18905
   2529.68841 29.999 29.999 29.999 29.999 29.999    0.056 0.046 0.035 0.038 0.033  C 19098
   2544.70859 13.725 13.770 13.758 13.815 13.813    0.023 0.023 0.018 0.019 0.021  A 20012
   2545.74948 13.266 13.304 13.327 13.331 13.304    0.026 0.026 0.018 0.018 0.019  A 20219
   2552.61701 29.999 29.999 29.999 29.999 29.999    0.051 0.047 0.038 0.042 0.038  C 21135
   2553.67959 29.999 29.999 29.999 29.999 29.999    0.032 0.033 0.029 0.034 0.026  C 21341
   2556.71419 29.999 29.999 29.999 29.999 29.999    0.030 0.034 0.025 0.024 0.020  C 21723
   2558.73364 13.822 13.813 13.800 13.793 13.744    0.062 0.045 0.030 0.027 0.027  A 22087
   2559.68462 14.384 14.420 14.333 14.312 14.445    0.024 0.027 0.021 0.024 0.024  A 22247
   2560.67150 29.999 29.999 29.999 29.999 29.999    0.023 0.023 0.019 0.020 0.022  C 22420
   2561.65343 13.710 13.869 13.958 14.111 14.404    0.043 0.026 0.022 0.022 0.024  A 22560
   2562.65444 13.804 13.895 13.965 13.999 14.095    0.038 0.026 0.018 0.020 0.022  A 22741
   2563.66622 29.999 29.999 29.999 29.999 29.999    0.031 0.029 0.021 0.021 0.022  C 22925
   2564.66544 29.999 29.999 29.999 29.999 29.999    0.026 0.029 0.023 0.028 0.028  C 23104
   2565.68822 13.441 13.419 13.497 13.545 13.514    0.027 0.028 0.022 0.027 0.026  A 23292
   2566.70077 29.999 29.999 29.999 29.999 29.999    0.034 0.034 0.026 0.028 0.028  C 23476
   2578.66058 13.745 13.898 14.031 14.065 13.962    0.031 0.033 0.022 0.024 0.020  A 24955
   2621.61004 14.126 14.245 14.383 14.444 14.317    0.031 0.021 0.019 0.021 0.024  A 29788
   2622.67700 29.999 29.999 29.999 29.999 29.999    0.039 0.023 0.021 0.024 0.027  C 29984
   2625.59744 14.380 14.518 14.505 14.538 14.500    0.027 0.021 0.020 0.022 0.023  A 30397
   2635.62388 14.445 14.424 14.451 14.434 14.285    0.032 0.021 0.018 0.019 0.020  A 32222
   2637.63442 13.922 13.962 14.104 14.210 14.159    0.022 0.019 0.017 0.019 0.022  A 32518
   2639.63210 14.361 14.407 14.493 14.611 14.874    0.041 0.023 0.020 0.020 0.021  A 32825
   2641.63467 13.665 13.618 13.656 13.675 13.566    0.029 0.022 0.020 0.022 0.024  A 33109
   2644.54124 13.657 13.660 13.690 13.692 13.624    0.036 0.023 0.021 0.024 0.027  A 33531
   2646.54127 14.184 14.147 14.068 14.032 14.016    0.027 0.022 0.020 0.022 0.024  A 33833
   2649.55450 29.999 29.999 29.999 29.999 29.999    0.024 0.028 0.021 0.019 0.021  C 34092
   2651.56433 13.734 13.823 13.846 13.784 13.810    0.037 0.024 0.023 0.025 0.029  A 34406
   2653.58021 14.248 14.388 14.674 14.927 14.927    0.033 0.022 0.020 0.022 0.025  A 34720
   2657.54327 29.999 29.999 29.999 29.999 29.999    0.030 0.030 0.024 0.025 0.030  C 35387
   2659.56135 29.999 29.999 29.999 29.999 29.999    0.031 0.025 0.020 0.022 0.024  C 35737
   2661.55820 13.906 13.965 13.992 13.945 13.670    0.034 0.022 0.020 0.022 0.025  A 36078
   2663.55698 13.912 14.011 14.162 14.213 14.179    0.033 0.023 0.021 0.022 0.025  A 36416
   2665.55905 13.781 13.765 13.755 13.807 13.804    0.031 0.021 0.019 0.020 0.022  A 36768
   2667.56063 14.251 14.399 14.583 14.821 14.527    0.031 0.023 0.021 0.024 0.027  A 37073
   2669.55714 13.232 13.263 13.357 13.510 13.609    0.030 0.030 0.030 0.035 0.042  A 37398
   2671.55613 14.079 14.026 13.955 13.876 13.875    0.028 0.022 0.020 0.022 0.024  A 37727
   2674.52230 29.999 29.999 29.999 29.999 29.999    0.033 0.034 0.036 0.041 0.044  C 38220
   2676.52313 29.999 29.999 29.999 29.999 29.999    0.031 0.025 0.021 0.024 0.028  C 38586
   2678.52706 29.999 29.999 29.999 29.999 29.999    0.031 0.023 0.022 0.024 0.027  C 38930
   2687.51430 29.999 29.999 29.999 29.999 29.999    0.039 0.038 0.041 0.049 0.051  C 40494
   2760.92693 29.999 29.999 29.999 29.999 29.999    0.033 0.031 0.026 0.029 0.032  C 53550
   2765.90523 29.999 29.999 29.999 29.999 29.999    0.029 0.029 0.023 0.026 0.029  C 54434
   2776.92816 14.181 14.314 14.231 14.129 14.300    0.030 0.025 0.025 0.029 0.032  A 55431
   2786.89648 29.999 29.999 29.999 29.999 29.999    0.025 0.024 0.018 0.019 0.021  C 56678
   2809.84010 13.722 13.748 13.693 13.708 13.854    0.024 0.025 0.022 0.024 0.027  A 59590
   2811.88234 29.999 29.999 29.999 29.999 29.999    0.024 0.038 0.025 0.031 0.026  C 60059
   2813.88930 13.618 13.590 13.570 13.470 13.347    0.033 0.039 0.035 0.041 0.041  A 60519
   2819.92960 29.999 29.999 29.999 29.999 29.999    0.027 0.033 0.027 0.030 0.031  C 61414
   2830.78458 13.237 13.260 13.263 13.180 13.159    0.026 0.029 0.023 0.027 0.029  A 62567
   2832.82813 29.999 29.999 29.999 29.999 29.999    0.024 0.024 0.020 0.021 0.024  C 63032
   2834.82860 29.999 29.999 29.999 29.999 29.999    0.062 0.062 0.062 0.068 0.077  D 63417
   2836.87978 29.999 29.999 29.999 29.999 29.999    0.040 0.044 0.041 0.048 0.052  C 63777
   2839.87550 29.999 29.999 29.999 29.999 29.999    0.062 0.066 0.063 0.068 0.075  D 64208
   2841.83786 29.999 29.999 29.999 29.999 29.999    0.030 0.030 0.025 0.027 0.029  C 64611
   2844.86362 13.717 13.768 13.808 13.906 13.894    0.023 0.025 0.019 0.022 0.022  A 65097
   2853.76762 29.999 29.999 29.999 29.999 29.999    0.022 0.023 0.016 0.016 0.019  C 65715
   2856.80757 29.999 29.999 29.999 29.999 29.999    0.027 0.031 0.024 0.027 0.029  C 66127
   2858.86182 13.680 13.710 13.722 13.774 13.736    0.020 0.022 0.015 0.016 0.017  A 66416
   2860.75675 13.755 13.785 13.740 13.734 13.612    0.019 0.029 0.020 0.022 0.024  A 66801
   2862.75849 29.999 29.999 29.999 29.999 29.999    0.030 0.038 0.030 0.034 0.033  C 67219
   2872.81335 13.200 13.301 13.304 13.290 13.244    0.020 0.026 0.018 0.019 0.019  A 68234
   2875.82186 13.595 13.588 13.640 13.715 13.703    0.027 0.026 0.016 0.018 0.019  A 68629
   2877.78211 29.999 29.999 29.999 29.999 29.999    0.020 0.028 0.018 0.020 0.020  C 69009
   2880.74656 29.999 29.999 29.999 29.999 29.999    0.026 0.039 0.030 0.030 0.032  C 69410
   2883.77807 13.976 14.140 14.268 14.425 14.494    0.030 0.028 0.021 0.026 0.022  A 69679
   2885.70382 13.349 13.369 13.371 13.426 13.461    0.021 0.028 0.020 0.024 0.021  A 70053
   2886.80801 13.416 13.417 13.434 13.444 13.504    0.032 0.027 0.022 0.022 0.024  A 70309
   2892.75572 13.743 13.885 14.030 14.144 14.250    0.035 0.028 0.024 0.026 0.031  A 70725
   2894.67323 29.999 29.999 29.999 29.999 29.999    0.031 0.037 0.029 0.032 0.033  C 71092
   2895.79612 29.999 29.999 29.999 29.999 29.999    0.027 0.026 0.021 0.023 0.023  C 71337
   2897.81502 14.245 14.260 14.305 14.313 14.349    0.021 0.020 0.018 0.020 0.022  A 71744
   2899.77483 13.720 13.757 13.839 13.857 13.865    0.025 0.023 0.019 0.021 0.022  A 72090
   2902.74370 13.911 13.882 13.881 13.880 13.893    0.024 0.025 0.020 0.022 0.021  A 72557
   2905.65917 13.880 13.881 13.976 14.069 14.046    0.021 0.032 0.022 0.023 0.021  A 72989
   2907.82064 29.999 29.999 29.999 29.999 29.999    0.047 0.063 0.051 0.055 0.052  D 73311
   2910.65575 29.999 29.999 29.999 29.999 29.999    0.025 0.044 0.029 0.029 0.025  C 73730
   2912.68907 13.775 13.784 13.756 13.723 13.618    0.023 0.046 0.032 0.035 0.025  A 74122
   2915.66605 29.999 29.999 29.999 29.999 29.999    0.023 0.023 0.019 0.021 0.022  C 74396
   2916.75582 13.790 13.840 13.851 13.788 13.746    0.035 0.042 0.024 0.025 0.026  A 74627
   2918.68615 29.999 29.999 29.999 29.999 29.999    0.026 0.022 0.021 0.024 0.028  C 74910
   2921.72498 29.999 29.999 29.999 29.999 29.999    0.028 0.028 0.027 0.031 0.037  C 75117
   2923.71260 13.649 13.618 13.662 13.766 13.916    0.024 0.032 0.024 0.027 0.030  A 75488
   2926.71623 29.999 29.999 29.999 29.999 29.999    0.023 0.028 0.020 0.022 0.024  C 75849
   2930.70535 13.602 13.664 99.999 99.999 99.999    0.033 0.035 0.020 0.020 0.021  C 76567
   2932.69452 14.056 14.120 14.209 14.414 14.499    0.026 0.033 0.026 0.030 0.034  A 76918
   2934.68922 13.381 13.427 13.432 13.419 13.383    0.025 0.020 0.017 0.019 0.020  A 77270
   2936.69258 29.999 29.999 29.999 29.999 29.999    0.059 0.061 0.069 0.085 0.098  D 77622
   2940.57558 13.313 13.285 13.329 13.345 13.352    0.024 0.026 0.020 0.021 0.023  A 77975
   2943.59283 13.852 13.903 14.014 14.080 13.940    0.042 0.022 0.019 0.020 0.023  A 78344
   2944.73742 13.742 13.723 13.712 13.747 13.821    0.042 0.022 0.020 0.021 0.023  A 78569
   2946.60985 14.033 14.138 14.150 14.022 13.878    0.022 0.029 0.022 0.026 0.025  A 78814
   2948.60893 29.999 29.999 29.999 29.999 29.999    0.030 0.035 0.029 0.031 0.037  C 79127
   2950.64338 13.636 13.795 14.092 14.518 15.054    0.027 0.026 0.024 0.028 0.032  A 79446
   2954.66265 13.781 13.821 13.893 13.948 14.100    0.027 0.031 0.026 0.029 0.033  A 79951
   2956.66127 14.211 14.343 14.222 14.181 14.255    0.029 0.029 0.025 0.026 0.029  A 80245
   2958.65718 13.115 13.025 13.044 13.139 13.240    0.072 0.064 0.064 0.062 0.063  D 80531
   2960.65582 29.999 29.999 29.999 29.999 29.999    0.039 0.039 0.042 0.050 0.057  C 80785
   2962.66513 29.999 29.999 29.999 29.999 29.999    0.027 0.024 0.022 0.024 0.027  C 81073
   2964.66829 13.992 13.987 13.986 13.951 13.957    0.028 0.023 0.022 0.024 0.027  A 81357
   2966.67374 29.999 29.999 29.999 29.999 29.999    0.025 0.025 0.024 0.028 0.032  C 81645
   2968.68141 13.784 13.899 14.017 14.119 14.229    0.020 0.022 0.021 0.023 0.026  A 81923
   2973.55147 29.999 29.999 29.999 29.999 29.999    0.040 0.048 0.052 0.057 0.059  C 82434
   2975.57701 13.353 13.330 13.394 13.486 13.498    0.026 0.023 0.022 0.026 0.028  A 82691
   2977.60498 29.999 29.999 29.999 29.999 29.999    0.022 0.021 0.020 0.024 0.027  C 82973
   2979.62571 29.999 29.999 29.999 29.999 29.999    0.023 0.023 0.021 0.026 0.030  C 83250
   2981.63976 14.016 14.129 14.249 14.292 14.552    0.024 0.025 0.026 0.033 0.039  A 83511
   2983.65345 29.999 29.999 29.999 29.999 29.999    0.078 0.083 0.085 0.086 0.091  D 83784
   2985.66273 13.804 13.853 14.001 14.056 14.092    0.084 0.087 0.085 0.087 0.090  D 84051
   2987.68887 14.317 14.391 14.527 14.715 14.758    0.026 0.023 0.022 0.025 0.029  A 84326
   2990.65570 29.999 29.999 29.999 29.999 29.999    0.031 0.024 0.023 0.026 0.029  C 84651
   2992.65614 13.937 13.996 14.025 13.945 14.019    0.041 0.054 0.056 0.058 0.060  B 84927
   2995.58390 13.876 13.859 13.881 13.876 13.794    0.024 0.024 0.021 0.023 0.027  A 85288
   2997.60979 14.625 14.931 15.304 15.570 15.474    0.055 0.069 0.069 0.069 0.070  D 85573
   3000.59814 29.999 29.999 29.999 29.999 29.999    0.026 0.022 0.020 0.023 0.027  C 85841
   3006.60997 99.999 99.999 99.999 99.999 99.999    0.026 0.024 0.023 0.026 0.029  C 86578
   3008.62719 29.999 29.999 29.999 29.999 29.999    0.026 0.025 0.025 0.030 0.034  C 86839
   3011.58844 29.999 29.999 29.999 29.999 29.999    0.027 0.028 0.029 0.035 0.039  C 87230
   3013.59836 13.171 13.177 13.302 13.461 13.381    0.032 0.031 0.034 0.042 0.049  A 87498
   3017.57597 14.289 14.438 14.501 14.456 14.482    0.024 0.022 0.021 0.024 0.027  A 87852
   3019.58011 29.999 29.999 29.999 29.999 29.999    0.051 0.048 0.050 0.057 0.066  C 88119
   3030.55856 13.585 13.524 13.510 13.460 13.426    0.022 0.023 0.022 0.025 0.028  A 88704
   3033.55212 14.038 14.023 14.036 14.006 13.846    0.026 0.024 0.023 0.027 0.031  A 88996
   3043.52788 14.192 14.207 14.295 14.462 14.698    0.029 0.025 0.025 0.030 0.035  A 89890
   3047.52175 29.999 29.999 29.999 29.999 29.999    0.029 0.031 0.032 0.041 0.049  C 90426
   3156.92995 13.990 13.987 14.029 14.190 14.277    0.023 0.023 0.023 0.027 0.030  A 104269
   3171.87376 29.999 29.999 29.999 29.999 29.999    0.036 0.036 0.034 0.038 0.042  C 106259
   3175.93373 13.194 13.226 13.176 13.158 13.132    0.026 0.023 0.022 0.026 0.031  A 106690
   3179.88061 14.470 14.432 14.338 14.238 14.470    0.021 0.022 0.020 0.022 0.025  A 107286
   3183.90084 29.999 29.999 29.999 29.999 29.999    0.034 0.026 0.025 0.031 0.036  C 107744
   3187.85067 14.017 13.932 14.000 14.112 14.169    0.028 0.025 0.024 0.029 0.033  A 108348
   3191.84818 29.999 29.999 29.999 29.999 29.999    0.043 0.036 0.033 0.037 0.043  C 108799
   3290.61719 14.123 14.276 14.328 14.438 14.528    0.043 0.035 0.025 0.024 0.026  A 118130
   3295.59605 14.033 14.162 14.184 14.136 14.147    0.043 0.034 0.022 0.021 0.022  A 118511
   3355.55661 14.178 14.218 14.255 14.277 14.284    0.075 0.045 0.037 0.039 0.040  A 124340
   3357.62070 13.370 13.394 13.454 13.550 13.598    0.055 0.031 0.027 0.030 0.032  A 124584
   3363.61679 14.053 13.941 13.815 13.714 13.882    0.051 0.030 0.029 0.033 0.038  A 124940
   3367.60313 29.999 29.999 29.999 29.999 29.999    0.057 0.039 0.039 0.047 0.054  C 125250
   3386.56273 14.347 14.444 14.395 14.382 14.665    0.046 0.030 0.029 0.033 0.040  A 126145
   3388.58956 13.639 13.662 13.691 13.755 13.863    0.038 0.026 0.025 0.030 0.033  A 126432
   3391.57201 13.894 13.849 13.970 14.023 13.890    0.048 0.031 0.029 0.032 0.037  A 126819
   3396.55657 29.999 29.999 29.999 29.999 29.999    0.039 0.029 0.030 0.038 0.044  C 127350
   3399.54662 14.457 14.551 15.008 16.479 99.999    0.036 0.029 0.029 0.033 0.037  C 127736
   3403.54002 29.999 29.999 29.999 29.999 29.999    0.069 0.037 0.039 0.044 0.050  C 128216
   3406.53438 14.374 14.326 14.327 14.369 14.419    0.037 0.025 0.024 0.027 0.029  A 128684
   3409.52813 13.235 13.296 13.321 13.298 13.259    0.044 0.031 0.031 0.034 0.037  A 129150
   3412.51928 13.676 13.759 13.880 14.154 14.268    0.042 0.025 0.026 0.031 0.035  A 129586
   3511.91728 14.074 14.144 14.251 14.302 14.236    0.032 0.025 0.022 0.024 0.027  A 143767
   3522.89207 13.583 13.557 13.570 13.610 13.679    0.046 0.030 0.032 0.036 0.040  A 145099
   3526.88202 14.086 14.121 14.167 14.217 14.338    0.070 0.041 0.036 0.038 0.043  A 145764
   3541.88081 14.352 14.345 14.198 13.945 13.763    0.035 0.027 0.026 0.030 0.036  A 147323
   3544.89120 14.121 14.287 14.386 14.485 14.311    0.055 0.034 0.031 0.036 0.039  A 147785
   3552.87771 29.999 29.999 29.999 29.999 29.999    0.056 0.041 0.041 0.047 0.054  C 148548
   3556.85916 13.896 13.945 14.006 14.042 14.141    0.032 0.022 0.022 0.025 0.028  A 149140
   3560.83253 13.277 13.227 13.162 13.074 12.966    0.044 0.028 0.029 0.033 0.037  A 149627
   3563.85829 13.881 13.922 13.987 14.061 14.009    0.048 0.029 0.024 0.026 0.029  A 150159
   3569.90170 29.999 29.999 29.999 29.999 29.999    0.034 0.032 0.025 0.026 0.029  C 150663
   3572.84205 29.999 29.999 29.999 29.999 29.999    0.029 0.030 0.026 0.029 0.033  C 151018
   3575.83063 14.355 14.530 14.653 14.708 14.554    0.033 0.028 0.023 0.026 0.030  A 151538
   3577.90120 13.911 14.009 14.089 14.164 14.240    0.068 0.036 0.032 0.035 0.039  A 151893
   3582.93794 29.999 29.999 29.999 29.999 29.999    0.076 0.043 0.038 0.042 0.046  C 152751
   3585.80936 14.254 14.180 14.157 14.162 14.115    0.063 0.034 0.027 0.028 0.031  A 153238
   3587.84827 14.051 14.175 14.209 14.242 14.348    0.039 0.031 0.024 0.027 0.031  A 153594
   3590.79046 14.015 13.937 13.924 13.848 13.821    0.083 0.040 0.031 0.032 0.035  A 154064
   3595.79191 29.999 29.999 29.999 29.999 29.999    0.082 0.079 0.090 0.111 0.130  D 154872
   3597.80724 14.115 14.065 14.014 13.969 14.036    0.056 0.032 0.026 0.027 0.030  A 155186
   3601.71816 13.290 13.267 13.268 13.234 13.274    0.061 0.032 0.029 0.034 0.039  A 155583
   3603.81377 29.999 29.999 29.999 29.999 29.999    0.035 0.030 0.026 0.029 0.031  C 155942
   3617.76156 29.999 29.999 29.999 29.999 29.999    0.043 0.037 0.031 0.033 0.037  C 157175
   3620.71005 14.538 14.582 14.537 14.463 14.319    0.096 0.053 0.044 0.045 0.048  D 157612
   3622.75819 13.532 13.556 13.545 13.553 13.539    0.038 0.030 0.023 0.025 0.028  A 157943
   3625.77090 14.130 14.102 14.103 14.080 14.108    0.036 0.037 0.035 0.038 0.040  A 158211
   3628.73411 29.999 29.999 29.999 29.999 29.999    0.030 0.030 0.024 0.026 0.030  C 158482
   3630.74237 29.999 29.999 29.999 29.999 29.999    0.044 0.034 0.030 0.034 0.039  C 158824
   3635.66820 29.999 29.999 29.999 29.999 29.999    0.071 0.077 0.090 0.112 0.133  D 159548
   3638.71157 29.999 29.999 29.999 29.999 29.999    0.036 0.034 0.027 0.029 0.032  C 159803
   3640.82137 13.285 13.264 13.269 13.273 13.299    0.060 0.032 0.025 0.026 0.029  A 160076
   3643.64598 29.999 29.999 29.999 29.999 29.999    0.040 0.036 0.031 0.032 0.037  C 160456
   3646.69305 13.289 13.259 13.267 13.252 13.244    0.035 0.035 0.027 0.027 0.031  A 160782
   3649.62573 13.277 13.203 13.116 13.037 12.951    0.050 0.043 0.040 0.043 0.050  A 161174
   3651.67956 14.158 14.149 14.197 14.216 14.135    0.039 0.027 0.021 0.024 0.026  A 161460
   3653.66394 13.173 13.220 13.195 13.140 13.102    0.062 0.035 0.033 0.038 0.043  A 161765
   3655.64863 13.837 13.904 14.073 14.274 14.400    0.056 0.033 0.028 0.029 0.031  A 162022
   3657.66994 14.507 14.644 14.597 14.473 14.299    0.060 0.031 0.027 0.030 0.033  A 162329
   3659.70614 13.923 13.921 13.844 13.636 13.435    0.035 0.030 0.027 0.032 0.037  A 162654
   3661.73506 29.999 29.999 29.999 29.999 29.999    0.058 0.034 0.031 0.035 0.041  C 162968
   3663.81366 14.169 14.183 14.316 14.499 14.243    0.041 0.032 0.031 0.037 0.044  A 163271
   3666.63021 13.773 13.764 13.805 13.881 14.159    0.038 0.025 0.020 0.022 0.024  A 163650
   3669.72392 14.186 14.129 14.090 14.060 13.999    0.032 0.026 0.020 0.022 0.025  A 164003
   3671.82196 13.434 13.350 13.362 13.361 13.352    0.036 0.031 0.027 0.029 0.034  A 164319
   3674.61189 14.290 14.224 14.164 14.164 14.226    0.052 0.031 0.026 0.028 0.030  A 164682
   3676.63475 13.815 13.859 13.868 13.945 13.984    0.048 0.030 0.024 0.025 0.028  A 164974
   3680.56554 13.275 13.325 13.350 13.369 13.372    0.039 0.026 0.022 0.024 0.026  A 165327
   3701.61154 13.658 13.551 13.392 13.205 13.027    0.068 0.044 0.042 0.045 0.053  A 168167
   3704.60102 13.748 13.797 13.781 13.853 13.998    0.062 0.031 0.026 0.030 0.034  A 168557
   3706.71747 14.280 14.269 14.090 13.885 13.793    0.067 0.040 0.034 0.039 0.045  A 168868
   3711.56041 13.621 13.685 13.741 13.812 13.784    0.069 0.033 0.027 0.028 0.030  A 169237
   3713.56839 14.130 14.188 14.253 14.286 14.417    0.039 0.025 0.023 0.026 0.030  A 169516
   3715.61044 13.744 13.949 14.003 14.002 13.886    0.083 0.065 0.075 0.093 0.109  D 169819
   3717.63940 29.999 29.999 29.999 29.999 29.999    0.051 0.039 0.039 0.046 0.053  C 170084
   3720.62197 29.999 29.999 29.999 29.999 29.999    0.058 0.033 0.029 0.034 0.037  C 170432
   3726.55084 14.291 14.311 14.416 14.727 14.949    0.057 0.036 0.032 0.037 0.042  A 171108
   3728.60985 13.812 13.854 13.866 13.878 13.985    0.046 0.031 0.030 0.035 0.040  A 171402
   3731.62089 14.196 14.172 14.201 14.220 14.097    0.038 0.029 0.029 0.033 0.037  A 171681
   3734.64481 13.820 13.703 13.612 13.433 13.304    0.049 0.037 0.039 0.048 0.058  B 172077
   3737.62817 14.272 14.257 14.338 14.374 14.201    0.034 0.025 0.022 0.025 0.027  A 172485
   3740.56130 14.236 14.238 14.223 14.207 14.237    0.043 0.026 0.024 0.027 0.029  A 172881
   3743.58194 13.430 13.467 13.505 13.556 13.535    0.034 0.026 0.024 0.027 0.032  A 173260
   3746.58953 13.849 13.739 13.698 13.730 14.134    0.034 0.032 0.035 0.043 0.052  A 173666
   3749.57705 14.005 14.052 14.052 13.901 13.903    0.036 0.035 0.040 0.050 0.061  B 174075
   3752.59728 14.262 14.226 14.210 14.312 14.497    0.041 0.030 0.032 0.039 0.046  A 174504
   3755.56086 14.233 14.320 14.313 14.239 14.229    0.032 0.027 0.027 0.030 0.035  A 174895
   3758.55913 14.076 14.079 14.091 14.134 14.135    0.054 0.029 0.024 0.026 0.030  A 175317
   3761.56460 14.587 14.809 14.885 15.054 14.811    0.048 0.035 0.035 0.040 0.047  A 175715
   3764.55280 14.549 14.549 14.461 14.427 14.252    0.037 0.037 0.040 0.044 0.051  A 176126
   3767.54536 13.259 13.162 13.098 13.063 13.005    0.043 0.030 0.033 0.040 0.044  A 176542
   3770.53656 29.999 29.999 29.999 29.999 29.999    0.075 0.072 0.087 0.110 0.133  D 176939
   3775.52057 14.206 14.268 14.290 14.321 14.215    0.052 0.038 0.041 0.050 0.062  B 177605
   3778.51865 29.999 29.999 29.999 29.999 29.999    0.047 0.035 0.036 0.045 0.056  C 178063
   3865.92570 14.144 14.308 14.363 14.484 14.432    0.076 0.039 0.033 0.034 0.039  A 189802
   3869.91446 13.901 14.089 14.230 14.401 14.551    0.063 0.040 0.040 0.049 0.056  B 190462
   3883.93392 14.084 14.150 14.298 14.409 14.397    0.059 0.039 0.036 0.040 0.044  A 192363
   3888.92072 29.999 29.999 29.999 29.999 29.999    0.087 0.078 0.081 0.093 0.109  D 192925
   3892.88487 14.304 14.441 14.534 14.586 14.484    0.052 0.036 0.030 0.030 0.032  A 193609
   3898.90259 29.999 29.999 29.999 29.999 29.999    0.053 0.030 0.031 0.037 0.042  C 194442
   3902.87755 14.379 14.587 14.655 14.715 14.754    0.042 0.027 0.025 0.029 0.034  A 195115
   3905.90272 14.441 14.509 14.543 14.481 14.306    0.034 0.026 0.025 0.029 0.033  A 195691
   3913.91864 14.440 14.522 14.625 14.650 14.700    0.048 0.040 0.041 0.040 0.044  A 197030
   3981.67055 14.371 14.638 14.634 14.586 14.667    0.065 0.034 0.028 0.030 0.034  A 203355
   4089.62920 14.135 14.186 14.282 14.399 14.575    0.078 0.037 0.029 0.030 0.033  A 209128
   4092.59902 14.265 14.380 14.474 14.751 15.248    0.084 0.043 0.035 0.036 0.039  A 209502
   4104.58311 13.490 13.643 13.789 13.918 13.454    0.091 0.061 0.067 0.082 0.095  D 210680
   4107.54856 13.719 13.760 13.778 13.806 13.809    0.042 0.031 0.030 0.032 0.034  A 211069
   4125.54512 13.524 13.507 13.532 13.572 13.599    0.059 0.038 0.034 0.035 0.037  A 211504
   4127.56052 14.097 14.116 14.237 14.432 14.593    0.037 0.028 0.026 0.028 0.032  A 211771
   4131.53568 13.602 13.670 13.616 13.561 13.540    0.065 0.032 0.031 0.036 0.041  A 212282
   4134.53823 14.418 14.442 14.430 14.438 14.765    0.032 0.030 0.032 0.039 0.043  A 212694
   4137.52929 14.389 14.425 14.541 14.637 14.772    0.030 0.024 0.023 0.026 0.029  A 213095
   4231.91469 29.999 29.999 29.999 29.999 29.999    0.069 0.059 0.068 0.078 0.083  D 223970
   4235.92121 29.999 29.999 29.999 29.999 29.999    0.064 0.058 0.063 0.071 0.078  D 224684
   4255.91922 13.737 13.672 13.674 13.703 13.745    0.036 0.035 0.033 0.038 0.043  A 227173
   4273.86947 13.632 13.651 13.758 13.894 13.980    0.045 0.042 0.034 0.036 0.038  A 228576
   4278.89938 15.204 14.860 14.512 14.389 14.272    0.047 0.036 0.033 0.037 0.040  A 229225
   4284.90766 29.999 29.999 29.999 29.999 29.999    0.054 0.039 0.030 0.031 0.035  C 229898
   4290.86309 13.270 13.379 13.375 13.342 13.233    0.057 0.050 0.040 0.041 0.037  A 230575
   4293.85436 13.634 13.647 13.658 13.615 13.503    0.042 0.038 0.030 0.029 0.030  A 231130
   4296.84736 29.999 29.999 29.999 29.999 29.999    0.053 0.050 0.049 0.054 0.060  C 231642
   4299.83825 14.232 14.306 14.196 14.184 14.185    0.053 0.043 0.046 0.050 0.052  B 232186
   4303.85696 13.843 13.961 13.980 14.001 13.925    0.044 0.041 0.037 0.038 0.040  A 232844
   4305.87636 14.090 14.169 14.220 14.261 14.223    0.036 0.034 0.026 0.027 0.028  A 233215
   4307.81757 13.370 13.374 13.344 13.385 13.423    0.048 0.047 0.046 0.047 0.051  B 233539
   4309.82587 14.095 14.072 14.100 14.151 14.288    0.042 0.033 0.025 0.028 0.031  A 233855
   4311.84192 13.742 13.737 13.717 13.771 13.789    0.049 0.038 0.030 0.032 0.035  A 234128
   4314.84172 13.582 13.584 13.501 13.507 13.532    0.043 0.037 0.029 0.030 0.032  A 234447
   4330.72300 13.981 13.886 13.868 13.785 13.772    0.072 0.064 0.062 0.063 0.065  D 235343
   4332.73847 29.999 29.999 29.999 29.999 29.999    0.045 0.043 0.042 0.045 0.047  C 235711
   4334.73175 13.438 13.476 13.502 13.575 13.598    0.033 0.032 0.023 0.024 0.027  A 236066
   4338.71588 13.273 13.276 13.166 13.086 13.010    0.052 0.054 0.054 0.059 0.063  B 236456
   4340.78019 29.999 29.999 29.999 29.999 29.999    0.060 0.060 0.066 0.071 0.076  D 236817
   4342.77918 29.999 29.999 29.999 29.999 29.999    0.080 0.075 0.074 0.078 0.084  D 237149
   4344.78889 29.999 29.999 29.999 29.999 29.999    0.055 0.053 0.057 0.063 0.068  D 237493
   4346.80931 29.999 29.999 29.999 29.999 29.999    0.052 0.051 0.054 0.058 0.063  C 237838
   4348.79545 13.769 13.701 13.742 13.897 13.999    0.061 0.043 0.035 0.037 0.042  A 238188
   4351.69671 13.880 13.938 14.008 14.053 13.986    0.046 0.040 0.039 0.045 0.051  A 238617
   4353.82707 29.999 29.999 29.999 29.999 29.999    0.035 0.032 0.024 0.025 0.027  C 238922
   4356.70057 29.999 29.999 29.999 29.999 29.999    0.032 0.033 0.026 0.029 0.033  C 239366
   4358.84229 29.999 29.999 29.999 29.999 29.999    0.040 0.038 0.033 0.033 0.035  C 239698
   4361.68555 29.999 29.999 29.999 29.999 29.999    0.057 0.044 0.047 0.048 0.049  C 240041
   4363.71353 14.228 14.332 14.479 14.578 14.540    0.035 0.031 0.025 0.027 0.028  A 240364
   4365.70077 13.606 13.758 13.786 13.811 13.721    0.038 0.032 0.024 0.026 0.030  A 240671
   4367.77670 29.999 29.999 29.999 29.999 29.999    0.045 0.036 0.031 0.036 0.041  C 240892
   4369.74213 29.999 29.999 29.999 29.999 29.999    0.039 0.038 0.034 0.039 0.043  C 241178
   4371.75843 14.279 14.320 14.336 14.455 14.403    0.064 0.040 0.035 0.039 0.044  A 241513
   4373.77463 13.316 13.438 13.555 13.725 13.838    0.059 0.036 0.031 0.035 0.037  A 241812
   4376.76690 13.556 13.533 99.999 99.999 99.999    0.041 0.037 0.034 0.037 0.043  C 242167
   4379.62715 13.412 13.427 13.444 13.487 13.555    0.037 0.031 0.025 0.028 0.030  A 242569
   4381.68260 29.999 29.999 29.999 29.999 29.999    0.039 0.037 0.035 0.037 0.040  C 242888
   4383.74343 13.416 13.517 13.505 13.470 13.368    0.058 0.041 0.032 0.033 0.034  A 243214
   4385.72065 13.928 13.941 13.884 13.874 13.817    0.034 0.031 0.024 0.025 0.026  A 243520
   4387.75308 29.999 29.999 29.999 29.999 29.999    0.063 0.061 0.059 0.063 0.069  D 243847
   4389.73078 29.999 29.999 29.999 29.999 29.999    0.046 0.041 0.037 0.042 0.048  C 244139
   4393.67025 13.187 13.152 13.102 13.069 12.991    0.054 0.045 0.045 0.052 0.059  B 244659
   4399.80140 29.999 29.999 29.999 29.999 29.999    0.052 0.036 0.034 0.038 0.044  C 244887
   4407.60647 14.064 14.075 14.068 14.084 14.145    0.040 0.033 0.024 0.026 0.028  A 245568
   4409.62068 14.109 14.194 14.342 14.542 14.700    0.047 0.032 0.026 0.029 0.033  A 245856
   4411.72274 13.606 13.669 13.686 13.666 13.665    0.049 0.040 0.037 0.041 0.043  A 246125
   4421.60715 14.214 14.245 14.332 14.381 14.471    0.040 0.031 0.025 0.028 0.032  A 246534
   4423.62251 14.108 14.159 14.236 14.278 14.230    0.051 0.038 0.036 0.041 0.046  A 246739
   4426.70199 29.999 29.999 29.999 29.999 29.999    0.070 0.045 0.044 0.051 0.058  C 246969
   4428.73908 29.999 29.999 29.999 29.999 29.999    0.064 0.042 0.040 0.046 0.052  C 247202
   4431.61017 13.338 13.319 13.323 13.324 13.318    0.046 0.037 0.031 0.033 0.038  A 247523
   4433.68590 14.249 14.203 14.123 14.015 13.871    0.045 0.035 0.031 0.034 0.035  A 247810
   4436.61852 14.103 14.140 14.191 14.201 14.007    0.074 0.041 0.034 0.035 0.036  A 248150
   4438.68333 13.595 13.621 13.673 13.698 13.796    0.053 0.046 0.045 0.047 0.049  B 248421
   4441.61308 13.566 13.655 13.710 13.793 13.770    0.169 0.079 0.064 0.062 0.050  D 248773
   4444.61889 14.133 14.165 14.283 14.400 14.386    0.051 0.037 0.032 0.034 0.037  A 249080
   4452.58674 13.737 13.788 13.857 13.934 13.728    0.064 0.037 0.029 0.031 0.033  A 250002
   4454.62016 13.854 13.878 13.898 13.881 13.878    0.042 0.036 0.034 0.039 0.044  A 250233
   4457.61065 29.999 29.999 29.999 29.999 29.999    0.060 0.039 0.039 0.044 0.053  C 250558
   4460.59953 29.999 29.999 29.999 29.999 29.999    0.050 0.035 0.029 0.032 0.036  C 250901
   4463.58138 14.287 14.250 14.327 14.433 14.433    0.051 0.040 0.035 0.036 0.041  A 251290
   4465.64806 14.049 14.130 14.024 13.786 13.610    0.049 0.036 0.032 0.036 0.040  A 251532
   4477.58082 14.518 14.549 14.651 14.773 14.789    0.063 0.038 0.030 0.032 0.035  A 252759
   4480.56351 29.999 29.999 29.999 29.999 29.999    0.044 0.037 0.036 0.042 0.049  C 253112
   4487.55066 29.999 29.999 29.999 29.999 29.999    0.071 0.054 0.058 0.063 0.071  D 253796
   4490.54395 14.138 14.146 14.297 14.609 14.957    0.043 0.034 0.031 0.032 0.034  A 254128
   4493.54226 13.614 13.649 13.702 13.813 14.071    0.048 0.032 0.026 0.027 0.031  A 254490
   4497.55414 13.580 13.616 13.601 13.550 13.612    0.054 0.037 0.033 0.035 0.036  A 254741
   4505.52351 29.999 29.999 29.999 29.999 29.999    0.065 0.042 0.038 0.042 0.048  C 255814
   4509.52716 14.254 14.434 14.454 14.398 14.676    0.051 0.042 0.041 0.047 0.052  A 256386
