#ndata= 103
#dataset= 1 ; 1 F0032+00_334
#desig= 003802+0341.1
#cra=    0.633987  00:38:02.4
#cdec=   3.684547 03:41:04.4
#class= 0
#cmag_0= 12.120
#cmer_0=  0.154
#nskip_0= 0
#cmag_1= 12.127
#cmer_1=  0.153
#nskip_1= 0
#cmag_2= 12.134
#cmer_2=  0.156
#nskip_2= 0
#cmag_3= 12.145
#cmer_3=  0.162
#nskip_3= 0
#cmag_4= 12.153
#cmer_4=  0.174
#nskip_4= 1
#ra=    0.633987  00:38:02.4
#dec=   3.684547 03:41:04.4
#     HJD      MAG_0  MAG_1  MAG_2  MAG_3  MAG_4    MER_0 MER_1 MER_2 MER_3 MER_4 GRADE FRAME
   1868.55687 12.049 12.025 12.019 12.032 12.021    0.056 0.025 0.022 0.024 0.025  A 45
   1903.53031 11.998 11.974 11.986 12.002 12.002    0.046 0.025 0.021 0.024 0.027  A 3621
   1907.53575 11.981 12.019 12.048 12.055 12.098    0.051 0.028 0.023 0.026 0.028  A 4268
   1922.52708 12.265 12.324 12.380 12.331 12.357    0.047 0.041 0.034 0.033 0.036  A 5727
   2053.90803 12.047 12.076 12.079 12.070 12.066    0.081 0.054 0.049 0.051 0.053  B 20142
   2445.87106 12.064 12.061 12.090 12.110 12.099    0.027 0.028 0.022 0.022 0.023  A 9198
   2467.84903 11.908 11.916 11.908 11.925 11.928    0.021 0.027 0.018 0.019 0.018  A 11589
   2468.82406 12.580 12.502 12.481 12.462 12.492    0.031 0.036 0.024 0.022 0.020  A 11795
   2473.83362 12.004 11.974 11.981 11.977 11.986    0.037 0.041 0.034 0.038 0.030  A 12769
   2482.72863 11.944 12.054 12.132 12.132 12.088    0.044 0.042 0.037 0.043 0.038  A 13195
   2490.82358 12.023 12.083 12.109 12.115 12.092    0.038 0.037 0.031 0.039 0.033  A 14147
   2493.74510 29.999 29.999 29.999 29.999 29.999    0.061 0.057 0.053 0.059 0.054  C 14520
   2495.75583 12.163 12.150 12.123 12.167 12.199    0.032 0.035 0.029 0.036 0.028  A 14852
   2496.78252 11.990 12.008 12.005 12.000 12.029    0.031 0.033 0.027 0.031 0.025  A 15074
   2498.77665 12.105 12.094 12.071 12.088 12.089    0.028 0.032 0.025 0.027 0.023  A 15497
   2499.77784 12.319 12.263 12.239 12.240 12.232    0.027 0.032 0.025 0.028 0.024  A 15707
   2501.77656 12.429 12.388 12.381 12.411 12.424    0.029 0.032 0.024 0.027 0.022  A 16069
   2502.77659 12.090 12.048 12.011 12.035 12.045    0.031 0.034 0.030 0.037 0.029  A 16281
   2503.77456 12.265 12.278 12.251 12.236 12.353    0.042 0.041 0.036 0.042 0.038  A 16484
   2521.70730 12.124 12.138 12.103 12.138 12.139    0.030 0.030 0.021 0.022 0.018  A 18425
   2529.70299 12.024 12.050 12.059 12.093 12.100    0.049 0.042 0.033 0.036 0.032  A 19104
   2552.72905 12.362 12.350 12.318 12.296 12.301    0.032 0.028 0.019 0.019 0.019  A 21183
   2553.80298 11.904 11.889 11.870 11.922 11.933    0.046 0.042 0.039 0.047 0.043  A 21393
   2556.62803 12.034 12.089 12.087 12.121 99.999    0.033 0.033 0.028 0.034 0.028  C 21685
   2600.62127 12.014 12.035 12.070 12.079 12.072    0.084 0.086 0.090 0.108 0.123  D 27364
   2623.53091 11.911 11.881 11.893 11.896 11.873    0.028 0.026 0.023 0.027 0.030  A 30085
   2625.60591 12.026 12.029 12.043 12.072 12.107    0.039 0.024 0.021 0.024 0.028  A 30400
   2628.61006 12.560 12.508 12.544 12.604 12.726    0.050 0.036 0.029 0.033 0.036  A 30709
   2635.53906 11.901 11.904 11.918 11.930 11.955    0.035 0.025 0.021 0.023 0.025  A 32185
   2637.56949 12.041 12.004 11.987 11.987 12.001    0.041 0.027 0.019 0.020 0.021  A 32490
   2639.57705 11.962 11.956 11.950 11.944 11.956    0.036 0.024 0.019 0.021 0.023  A 32801
   2641.58424 12.086 12.058 12.049 12.033 12.020    0.035 0.024 0.021 0.022 0.024  A 33087
   2643.57972 11.924 11.952 11.975 11.981 11.962    0.028 0.024 0.021 0.024 0.027  A 33397
   2645.56803 12.032 12.027 12.021 12.022 11.978    0.026 0.023 0.021 0.023 0.026  A 33689
   2650.53649 12.001 12.049 12.066 12.072 12.062    0.041 0.052 0.032 0.034 0.030  A 34238
   2654.53799 12.104 12.110 12.121 12.162 12.201    0.030 0.024 0.023 0.025 0.029  A 34854
   2658.53148 12.089 12.062 12.101 12.128 12.183    0.032 0.027 0.026 0.032 0.038  A 35555
   2663.52742 12.139 12.146 12.183 12.220 12.193    0.037 0.031 0.029 0.033 0.037  A 36403
   2787.90990 12.259 12.275 12.294 12.292 12.281    0.022 0.023 0.020 0.021 0.023  A 56913
   2809.90269 12.046 12.021 12.002 11.980 11.974    0.028 0.032 0.026 0.025 0.026  A 59617
   2815.91920 11.990 11.964 11.981 11.980 12.009    0.028 0.032 0.024 0.026 0.026  A 60873
   2820.87972 12.549 12.517 12.518 12.534 12.594    0.025 0.027 0.021 0.023 0.024  A 61613
   2829.91568 12.076 12.067 12.082 12.102 12.099    0.024 0.027 0.022 0.024 0.024  A 62403
   2831.86660 11.954 11.969 11.989 12.010 12.027    0.024 0.026 0.022 0.024 0.027  A 62828
   2836.87662 12.146 12.184 12.199 12.183 12.224    0.037 0.043 0.041 0.048 0.054  A 63776
   2841.89608 12.063 12.067 12.067 12.077 12.088    0.025 0.025 0.018 0.020 0.022  A 64635
   2844.86529 12.007 12.038 12.035 12.030 12.016    0.021 0.024 0.018 0.020 0.021  A 65098
   2851.85568 12.137 12.154 12.155 12.181 12.187    0.024 0.026 0.021 0.023 0.023  A 65533
   2854.77515 12.082 12.169 12.183 12.185 12.186    0.019 0.023 0.017 0.018 0.019  A 65940
   2858.77482 12.009 12.026 12.022 12.038 12.069    0.023 0.025 0.018 0.020 0.021  A 66379
   2860.77560 11.935 11.956 11.962 11.955 11.951    0.021 0.029 0.021 0.025 0.024  A 66809
   2874.76900 12.090 12.076 12.097 12.138 12.172    0.036 0.025 0.022 0.023 0.026  A 68417
   2876.76508 12.001 12.013 12.039 12.052 12.061    0.031 0.026 0.020 0.021 0.020  A 68813
   2879.74669 12.097 12.057 12.060 12.079 12.078    0.031 0.024 0.018 0.020 0.021  A 69299
   2883.73713 12.032 12.076 12.080 12.082 12.081    0.033 0.026 0.018 0.019 0.019  A 69661
   2885.71825 11.977 11.993 11.985 11.980 11.972    0.031 0.020 0.016 0.017 0.019  A 70059
   2905.77174 11.975 11.942 11.972 11.995 12.012    0.033 0.021 0.017 0.018 0.020  A 73036
   2908.69812 12.284 12.236 12.235 12.235 12.241    0.041 0.022 0.018 0.018 0.019  A 73435
   2910.73446 12.359 12.397 12.408 12.436 12.461    0.034 0.020 0.016 0.017 0.019  A 73763
   2912.69807 12.101 12.113 12.130 12.157 12.227    0.034 0.026 0.023 0.026 0.029  A 74124
   2915.67219 12.117 12.078 12.092 12.087 12.056    0.044 0.028 0.021 0.022 0.024  A 74398
   2918.69259 12.143 12.122 12.149 12.174 12.202    0.032 0.026 0.023 0.026 0.030  A 74912
   2923.67554 12.196 12.216 12.249 12.277 12.335    0.043 0.027 0.026 0.030 0.036  A 75471
   2926.67432 11.998 12.054 12.049 12.053 12.060    0.034 0.025 0.020 0.021 0.023  A 75830
   2928.67034 12.332 12.246 12.287 12.379 12.310    0.074 0.067 0.069 0.073 0.078  D 76202
   2930.66605 11.936 11.908 11.939 11.945 11.939    0.027 0.033 0.023 0.026 0.029  A 76550
   2932.65860 12.089 12.052 12.071 12.090 12.084    0.031 0.026 0.022 0.024 0.028  A 76902
   2934.65204 11.976 11.958 11.980 11.989 11.996    0.025 0.028 0.021 0.022 0.025  A 77253
   2936.65343 12.050 12.007 11.997 11.976 11.983    0.028 0.033 0.026 0.030 0.033  A 77605
   2939.68575 12.387 12.355 12.360 12.334 12.344    0.030 0.028 0.019 0.020 0.021  A 77834
   2944.60718 11.999 12.032 12.039 12.035 12.034    0.027 0.032 0.023 0.023 0.024  A 78512
   2945.64912 12.295 12.396 12.409 12.438 12.507    0.029 0.028 0.024 0.026 0.030  A 78708
   2953.61260 12.147 12.141 12.223 12.311 12.393    0.033 0.032 0.030 0.035 0.041  A 79821
   2957.61670 12.056 12.035 12.016 12.017 12.041    0.036 0.029 0.031 0.034 0.038  A 80367
   2959.61428 12.075 12.046 11.983 11.883 11.791    0.081 0.086 0.096 0.114 0.132  D 80656
   2961.60719 12.067 12.136 12.144 12.153 12.161    0.042 0.033 0.034 0.038 0.041  A 80909
   2963.61942 99.999 99.999 99.999 99.999 99.999    0.030 0.026 0.023 0.025 0.028  C 81192
   2965.63398 12.399 12.341 12.320 12.301 12.216    0.030 0.027 0.023 0.026 0.028  A 81484
   2969.60219 12.015 12.052 12.062 12.095 12.099    0.032 0.026 0.023 0.026 0.029  A 82036
   2971.62472 12.081 12.047 12.056 12.056 12.094    0.031 0.025 0.021 0.023 0.027  A 82240
   2978.53225 12.238 12.248 12.270 12.303 12.370    0.032 0.029 0.027 0.032 0.038  A 83087
   2980.59020 12.411 12.468 12.507 12.581 12.643    0.031 0.028 0.025 0.030 0.036  A 83358
   2982.60020 12.240 12.295 12.378 12.472 12.452    0.041 0.036 0.038 0.046 0.055  A 83636
   2984.60515 12.470 12.459 12.489 12.530 12.555    0.036 0.024 0.023 0.026 0.029  A 83894
   2986.60857 99.999 99.999 99.999 99.999 99.999    0.038 0.033 0.026 0.030 0.033  C 84160
   2989.60163 12.008 12.027 12.016 12.025 12.046    0.027 0.025 0.022 0.024 0.027  A 84509
   2991.62093 11.939 11.960 11.954 11.970 11.987    0.027 0.025 0.022 0.024 0.027  A 84773
   2997.54833 12.097 12.118 12.112 12.116 12.121    0.034 0.026 0.022 0.024 0.026  A 85548
   3007.58532 11.952 11.978 12.031 12.096 12.156    0.076 0.066 0.069 0.073 0.078  D 86701
   3013.56722 12.195 12.234 12.255 12.259 12.259    0.035 0.031 0.033 0.040 0.047  A 87485
   3018.53592 12.066 12.082 12.103 12.105 12.093    0.031 0.030 0.027 0.030 0.035  A 87976
   3025.52943 12.523 12.480 12.436 12.382 12.404    0.032 0.030 0.027 0.032 0.037  A 88386
   3164.91861 12.184 12.266 12.233 12.210 12.189    0.074 0.057 0.055 0.058 0.061  B 105297
   3170.89455 12.283 12.298 12.311 12.300 12.266    0.082 0.074 0.073 0.077 0.081  D 106098
   3182.92079 12.324 12.413 12.409 12.445 12.556    0.047 0.044 0.043 0.049 0.057  A 107605
   3186.89609 12.115 12.110 12.150 12.137 12.205    0.061 0.066 0.063 0.067 0.073  B 108183
   3266.71931 12.321 12.336 12.332 12.325 12.336    0.031 0.026 0.020 0.021 0.024  A 115214
   3268.71428 12.124 12.142 12.129 12.124 12.135    0.035 0.031 0.027 0.030 0.035  A 115515
   3270.69968 12.152 12.266 12.248 12.292 12.298    0.038 0.035 0.027 0.030 0.033  A 115813
   3272.70213 12.032 12.041 12.058 12.047 12.017    0.030 0.026 0.026 0.031 0.037  A 116089
   3274.71006 12.243 12.264 12.285 12.272 12.250    0.036 0.030 0.028 0.034 0.038  A 116351
   3278.71668 12.063 12.107 12.068 12.000 11.984    0.057 0.043 0.044 0.054 0.062  A 116858
   3280.74602 12.085 12.068 12.112 12.160 12.234    0.050 0.035 0.033 0.039 0.045  A 117132
#ndata= 8
#dataset= 2 ; 1 F0104+00_335
#desig= 003803+0341.0
#cra=    0.634061  00:38:02.6
#cdec=   3.684083 03:41:02.7
#class= 0
#cmag_0= 12.014
#cmer_0=  0.110
#nskip_0= 1
#cmag_1= 12.080
#cmer_1=  0.160
#nskip_1= 0
#cmag_2= 12.121
#cmer_2=  0.151
#nskip_2= 0
#cmag_3= 12.139
#cmer_3=  0.147
#nskip_3= 0
#cmag_4= 12.147
#cmer_4=  0.154
#nskip_4= 0
#ra=    0.634061  00:38:02.6
#dec=   3.684083 03:41:02.7
#     HJD      MAG_0  MAG_1  MAG_2  MAG_3  MAG_4    MER_0 MER_1 MER_2 MER_3 MER_4 GRADE FRAME
   2465.83294 11.844 11.805 11.877 11.933 11.975    0.056 0.054 0.045 0.047 0.044  A 11145
   2468.82406 12.459 12.401 12.395 12.388 12.426    0.041 0.044 0.033 0.033 0.032  A 11795
   2470.85209 12.142 12.139 12.191 12.211 12.195    0.036 0.040 0.032 0.038 0.031  A 12090
   2473.83362 11.871 11.859 11.891 11.905 11.922    0.043 0.044 0.037 0.042 0.035  A 12769
   2490.82358 11.899 11.971 12.021 12.044 12.033    0.043 0.041 0.034 0.042 0.037  A 14147
   2628.61006 12.446 12.398 12.457 12.532 12.662    0.050 0.038 0.032 0.035 0.039  A 30709
   2886.84499 11.982 11.999 12.053 12.076 12.098    0.033 0.033 0.026 0.029 0.031  A 70325
   2955.63005 12.080 12.137 12.171 12.200 12.213    0.039 0.038 0.031 0.034 0.038  A 80084
#ndata= 112
#dataset= 3 ; 1 F0032+08_379
#desig= 003802+0341.1
#cra=    0.633962  00:38:02.3
#cdec=   3.684599 03:41:04.6
#class= 0
#cmag_0= 12.098
#cmer_0=  0.119
#nskip_0= 0
#cmag_1= 12.101
#cmer_1=  0.125
#nskip_1= 0
#cmag_2= 12.106
#cmer_2=  0.129
#nskip_2= 0
#cmag_3= 12.114
#cmer_3=  0.139
#nskip_3= 0
#cmag_4= 12.119
#cmer_4=  0.151
#nskip_4= 0
#ra=    0.633962  00:38:02.3
#dec=   3.684599 03:41:04.6
#     HJD      MAG_0  MAG_1  MAG_2  MAG_3  MAG_4    MER_0 MER_1 MER_2 MER_3 MER_4 GRADE FRAME
   2277.53505 12.133 12.115 12.103 12.107 12.097    0.083 0.069 0.060 0.059 0.062  D 46429
   2900.70590 12.248 12.303 12.316 12.307 12.278    0.042 0.032 0.023 0.026 0.030  A 72252
   3326.56999 12.095 12.108 12.111 12.136 12.161    0.056 0.035 0.032 0.034 0.038  A 121086
   3365.55207 12.202 12.205 12.245 12.264 12.280    0.103 0.054 0.047 0.052 0.058  B 125030
   3525.92278 11.986 11.986 12.035 12.073 12.076    0.037 0.032 0.034 0.038 0.043  A 145591
   3529.92235 12.001 12.001 11.972 11.929 11.896    0.042 0.033 0.034 0.039 0.044  A 146290
   3543.91186 12.044 12.049 12.039 12.008 11.966    0.042 0.030 0.029 0.034 0.041  A 147638
   3552.90884 12.096 12.073 12.061 12.037 12.027    0.037 0.035 0.034 0.038 0.044  A 148559
   3558.89369 11.998 12.033 12.017 11.996 11.976    0.045 0.039 0.029 0.034 0.037  A 149316
   3561.88180 12.345 12.343 12.360 12.380 12.365    0.057 0.048 0.049 0.053 0.057  B 149823
   3564.87519 11.943 11.992 12.007 12.027 12.038    0.049 0.032 0.028 0.030 0.033  A 150327
   3569.89295 12.380 12.378 12.389 12.409 12.456    0.032 0.027 0.024 0.027 0.031  A 150660
   3572.85724 12.041 12.012 12.043 12.093 12.186    0.033 0.031 0.026 0.030 0.034  A 151023
   3575.74337 12.211 12.270 12.306 12.326 12.309    0.033 0.027 0.027 0.031 0.036  A 151510
   3579.87521 12.145 12.163 12.145 12.118 12.114    0.077 0.044 0.040 0.045 0.048  B 152236
   3583.84684 12.165 12.176 12.183 12.163 12.174    0.057 0.033 0.028 0.030 0.032  A 152907
   3586.81907 12.104 12.056 12.054 12.061 12.072    0.087 0.041 0.034 0.035 0.036  B 153410
   3589.80698 12.189 12.178 12.198 12.234 12.231    0.071 0.039 0.031 0.032 0.033  A 153900
   3592.79788 12.102 12.056 12.074 12.089 12.060    0.084 0.041 0.035 0.037 0.039  B 154414
   3600.79060 12.261 12.312 12.330 12.297 12.297    0.076 0.059 0.067 0.081 0.098  D 155440
   3617.75872 12.058 12.104 12.074 12.083 12.059    0.053 0.035 0.031 0.035 0.040  A 157174
   3620.72839 12.195 12.175 12.168 12.156 12.149    0.043 0.026 0.025 0.028 0.032  A 157618
   3622.77278 12.278 12.346 12.390 12.415 12.417    0.049 0.029 0.025 0.028 0.032  A 157948
   3625.78732 12.050 12.059 12.065 12.087 12.085    0.032 0.027 0.022 0.024 0.027  A 158216
   3628.72901 12.076 12.161 12.168 12.217 12.249    0.032 0.028 0.025 0.028 0.033  A 158480
   3633.73448 12.013 12.037 12.091 12.104 12.073    0.044 0.033 0.032 0.038 0.046  A 159249
   3636.72763 12.071 12.066 12.092 12.107 12.105    0.039 0.030 0.029 0.034 0.039  A 159612
   3639.67125 12.269 12.238 12.211 12.185 12.159    0.063 0.033 0.030 0.034 0.037  A 159947
   3642.69585 12.026 12.000 12.026 12.036 12.043    0.033 0.031 0.024 0.025 0.027  A 160336
   3644.76425 12.003 12.010 12.015 12.009 12.011    0.064 0.043 0.038 0.040 0.044  A 160649
   3648.65981 11.914 11.892 11.900 11.910 11.938    0.041 0.034 0.034 0.038 0.043  A 161037
   3650.71739 12.039 12.004 12.000 11.996 11.985    0.047 0.028 0.022 0.025 0.027  A 161337
   3652.72172 11.993 11.987 11.990 11.976 11.903    0.045 0.035 0.038 0.042 0.048  A 161630
   3654.68226 12.013 12.016 11.975 11.977 11.976    0.046 0.031 0.029 0.031 0.035  A 161894
   3656.65914 11.987 11.973 11.982 11.997 12.005    0.058 0.035 0.031 0.034 0.037  A 162184
   3661.65679 12.267 12.275 12.276 12.287 12.330    0.068 0.040 0.037 0.042 0.047  A 162941
   3663.66910 12.291 12.301 12.299 12.279 12.242    0.058 0.038 0.034 0.039 0.043  A 163222
   3665.72353 12.238 12.223 12.190 12.149 12.113    0.046 0.032 0.029 0.032 0.037  A 163532
   3669.64853 12.057 12.051 12.043 12.045 12.058    0.030 0.026 0.021 0.023 0.025  A 163977
   3671.74532 12.208 12.266 12.258 12.269 12.265    0.033 0.028 0.023 0.025 0.027  A 164293
   3673.74241 12.020 12.076 12.097 12.121 12.148    0.054 0.034 0.028 0.029 0.033  A 164580
   3676.60243 12.142 12.212 12.210 12.209 12.210    0.035 0.022 0.021 0.024 0.026  A 164962
   3680.57030 12.240 12.209 12.217 12.241 12.241    0.041 0.026 0.023 0.025 0.028  A 165328
   3699.57621 11.968 11.995 12.004 12.011 12.012    0.040 0.032 0.029 0.031 0.034  A 167882
   3701.65048 12.111 12.230 12.307 12.376 12.399    0.088 0.047 0.046 0.053 0.060  B 168180
   3704.62876 12.358 12.351 12.358 12.326 12.334    0.062 0.033 0.030 0.031 0.034  A 168566
   3707.60883 99.999 99.999 99.999 99.999 99.999    0.068 0.031 0.026 0.027 0.030  C 168971
   3716.53677 12.190 12.121 12.089 12.081 12.080    0.064 0.034 0.031 0.035 0.040  A 169911
   3722.53677 12.000 12.014 12.010 12.011 12.026    0.048 0.032 0.033 0.038 0.044  A 170660
   3725.54543 12.194 12.239 12.219 12.195 12.195    0.082 0.051 0.039 0.043 0.052  B 170969
   3728.54414 12.043 12.007 11.979 11.927 11.886    0.058 0.032 0.033 0.039 0.043  A 171379
   3732.54199 11.962 11.992 12.006 11.984 11.959    0.035 0.029 0.031 0.036 0.042  A 171789
   3736.53885 11.983 11.959 11.952 11.955 11.949    0.052 0.032 0.027 0.030 0.033  A 172315
   3891.92837 12.001 11.972 12.000 12.034 12.057    0.035 0.028 0.026 0.029 0.033  A 193453
   3901.92190 12.012 12.018 12.005 12.004 12.021    0.045 0.027 0.029 0.034 0.040  A 194944
   4092.53665 12.077 12.092 12.106 12.126 12.111    0.086 0.044 0.038 0.040 0.043  B 209479
   4103.54393 12.165 12.233 12.260 12.266 12.271    0.052 0.038 0.035 0.041 0.045  A 210558
   4106.54679 12.156 12.101 12.088 12.066 12.078    0.088 0.048 0.040 0.042 0.046  B 210928
   4281.93341 29.999 29.999 29.999 29.999 29.999    0.073 0.083 0.100 0.130 0.160  D 229418
   4284.87903 11.988 11.947 11.947 11.975 11.998    0.044 0.033 0.028 0.030 0.035  A 229889
   4290.92435 11.956 11.954 11.974 12.010 12.043    0.056 0.049 0.041 0.047 0.046  A 230598
   4293.86982 12.238 12.291 12.344 12.389 12.405    0.038 0.034 0.029 0.032 0.034  A 231135
   4296.86124 12.047 12.054 12.031 12.015 11.992    0.042 0.037 0.036 0.040 0.047  A 231647
   4299.86400 11.955 11.980 11.972 11.956 11.943    0.052 0.043 0.045 0.048 0.052  A 232194
   4301.85187 12.167 12.139 12.156 12.167 12.208    0.044 0.035 0.029 0.031 0.036  A 232543
   4303.88958 12.072 12.078 12.077 12.053 12.030    0.045 0.043 0.040 0.043 0.045  A 232855
   4305.87296 12.118 12.134 12.146 12.162 12.151    0.037 0.032 0.026 0.029 0.031  A 233214
   4307.83713 11.996 11.981 12.027 12.039 12.049    0.057 0.036 0.027 0.030 0.032  A 233546
   4309.84164 12.053 12.077 12.126 12.176 12.208    0.042 0.036 0.033 0.038 0.044  A 233861
   4311.85201 11.954 12.013 12.010 12.029 12.058    0.043 0.034 0.029 0.031 0.035  A 234132
   4329.83349 11.889 11.886 11.868 11.870 11.876    0.048 0.039 0.037 0.042 0.045  A 235206
   4333.77486 11.989 11.986 11.995 11.990 12.005    0.038 0.036 0.034 0.038 0.041  A 235904
   4336.77242 12.096 11.943 11.844 11.722 11.669    0.052 0.061 0.070 0.085 0.092  D 236248
   4339.75300 11.980 12.012 12.031 12.040 12.015    0.038 0.033 0.029 0.032 0.037  A 236628
   4344.78427 12.027 12.094 12.136 12.186 12.383    0.078 0.069 0.073 0.081 0.087  D 237491
   4346.80102 11.885 11.894 11.884 11.901 11.906    0.086 0.077 0.079 0.080 0.084  D 237835
   4351.72103 12.090 12.100 12.076 12.052 12.001    0.068 0.047 0.045 0.054 0.064  B 238625
   4354.71595 12.019 12.014 12.045 12.072 12.085    0.037 0.029 0.023 0.025 0.028  A 239024
   4356.75575 12.025 12.010 11.997 12.008 12.012    0.046 0.033 0.027 0.030 0.034  A 239384
   4359.69861 12.324 12.354 12.362 12.411 12.453    0.040 0.033 0.030 0.034 0.041  A 239817
   4362.68719 11.963 11.951 11.978 11.977 11.992    0.032 0.029 0.024 0.026 0.029  A 240189
   4364.69393 11.973 11.955 11.971 11.969 11.974    0.034 0.031 0.025 0.027 0.029  A 240522
   4366.85189 12.074 11.984 11.995 12.017 12.122    0.046 0.040 0.032 0.034 0.036  A 240759
   4371.82724 12.481 12.417 12.393 12.386 12.494    0.046 0.038 0.037 0.044 0.051  A 241536
   4374.80439 11.934 11.994 12.005 12.064 12.201    0.047 0.042 0.045 0.055 0.066  B 241868
   4377.64675 12.061 12.042 12.061 12.072 12.081    0.054 0.032 0.025 0.026 0.030  A 242263
   4379.68563 12.153 12.154 12.139 12.130 12.120    0.055 0.035 0.028 0.030 0.034  A 242588
   4381.71038 12.088 12.109 12.121 12.130 12.135    0.057 0.037 0.034 0.038 0.043  A 242897
   4383.78426 12.138 12.182 12.192 12.208 12.199    0.048 0.038 0.035 0.039 0.042  A 243227
   4385.73260 12.079 12.032 12.033 12.037 99.999    0.038 0.032 0.026 0.027 0.028  C 243524
   4388.61836 12.070 12.072 12.063 12.048 12.023    0.041 0.033 0.027 0.029 0.033  A 243956
   4392.63596 12.176 12.108 12.133 12.160 12.169    0.060 0.037 0.031 0.033 0.036  A 244515
   4399.67178 12.090 12.032 12.004 12.029 12.014    0.066 0.041 0.039 0.045 0.052  A 244843
   4402.67484 12.222 12.256 12.275 12.242 12.181    0.047 0.037 0.033 0.038 0.044  A 245125
   4404.74925 12.268 12.293 12.344 12.436 12.500    0.037 0.033 0.030 0.033 0.039  A 245381
   4408.60053 12.308 12.305 12.312 12.292 12.261    0.046 0.035 0.034 0.036 0.041  A 245717
   4411.60670 11.979 11.933 11.937 11.938 11.930    0.062 0.040 0.034 0.040 0.039  A 246085
   4420.57208 12.084 12.085 12.130 12.204 12.254    0.051 0.037 0.036 0.043 0.049  A 246437
   4427.55379 11.922 12.007 12.004 11.976 11.970    0.072 0.045 0.044 0.051 0.059  A 247027
   4429.60373 12.059 12.033 12.087 12.139 12.183    0.049 0.035 0.031 0.036 0.042  A 247288
   4432.58378 12.085 12.066 12.047 12.040 12.032    0.058 0.033 0.026 0.027 0.031  A 247650
   4437.56175 12.100 12.216 12.251 12.325 12.396    0.066 0.047 0.047 0.055 0.064  B 248253
   4439.65263 12.187 12.105 12.102 12.115 12.115    0.063 0.038 0.032 0.035 0.040  A 248532
   4443.56206 12.227 12.252 12.273 12.299 12.347    0.057 0.040 0.035 0.035 0.037  A 248956
   4449.56934 12.456 12.436 12.439 12.481 12.522    0.074 0.042 0.036 0.039 0.042  A 249611
   4454.54282 12.061 11.931 11.848 11.764 11.726    0.074 0.047 0.049 0.056 0.061  B 250207
   4457.55794 12.132 12.176 12.145 12.104 12.072    0.063 0.038 0.036 0.042 0.051  A 250539
   4460.56195 12.011 12.009 12.040 12.064 12.075    0.055 0.034 0.029 0.031 0.034  A 250887
   4463.54341 12.086 12.038 12.049 12.036 12.034    0.036 0.028 0.024 0.027 0.032  A 251276
   4466.54970 12.080 12.070 12.076 12.081 12.002    0.065 0.039 0.035 0.039 0.044  A 251614
   4469.54129 12.062 12.100 12.119 12.161 12.197    0.064 0.038 0.031 0.034 0.041  A 251948
   4474.55518 12.087 12.069 12.002 11.907 11.898    0.078 0.064 0.070 0.085 0.101  D 252448
#ndata= 1
#dataset= 4 ; 1 F2256+08_421
#desig= 003802+0341.2
#cra=    0.633910  00:38:02.1
#cdec=   3.685901 03:41:09.2
#class= 0
#cmag_0= 11.981
#cmer_0=  0.000
#nskip_0= 0
#cmag_1= 12.103
#cmer_1=  0.000
#nskip_1= 0
#cmag_2= 12.165
#cmer_2=  0.000
#nskip_2= 0
#cmag_3= 12.186
#cmer_3=  0.000
#nskip_3= 0
#cmag_4= 12.228
#cmer_4=  0.000
#nskip_4= 0
#ra=    0.633910  00:38:02.1
#dec=   3.685901 03:41:09.2
#     HJD      MAG_0  MAG_1  MAG_2  MAG_3  MAG_4    MER_0 MER_1 MER_2 MER_3 MER_4 GRADE FRAME
   4087.53990 11.982 12.103 12.166 12.186 12.228    0.185 0.094 0.053 0.042 0.041  D 208754
