#ndata= 106
#dataset= 1 ; 1 F0032+00_334
#desig= 003931+0330.0
#cra=    0.658485  00:39:30.5
#cdec=   3.499891 03:29:59.6
#class= 0
#cmag_0= 11.222
#cmer_0=  0.156
#nskip_0= 2
#cmag_1= 11.215
#cmer_1=  0.145
#nskip_1= 4
#cmag_2= 11.230
#cmer_2=  0.160
#nskip_2= 2
#cmag_3= 11.232
#cmer_3=  0.164
#nskip_3= 2
#cmag_4= 11.236
#cmer_4=  0.165
#nskip_4= 2
#ra=    0.658485  00:39:30.5
#dec=   3.499891 03:29:59.6
#     HJD      MAG_1  MAG_0  MAG_2  MAG_3  MAG_4    MER_1 MER_0 MER_2 MER_3 MER_4 GRADE FRAME
   1868.55687 11.362 11.380 11.354 11.350 11.336    0.025 0.056 0.022 0.024 0.025  A 45
   1903.53031 11.210 11.186 11.198 11.208 11.210    0.025 0.046 0.021 0.024 0.027  A 3621
   1907.53575 11.171 11.167 11.206 11.199 11.204    0.028 0.051 0.023 0.026 0.028  A 4268
   1922.52708 11.273 11.286 11.270 11.261 11.263    0.041 0.047 0.034 0.033 0.036  A 5727
   2053.90803 11.267 11.233 11.262 11.258 11.254    0.054 0.081 0.049 0.051 0.053  B 20142
   2445.87106 11.195 11.191 11.198 11.207 11.217    0.028 0.027 0.022 0.022 0.023  A 9198
   2467.84903 11.435 11.416 11.434 11.444 11.452    0.027 0.021 0.018 0.019 0.018  A 11589
   2468.82406 11.404 11.417 11.427 11.423 11.444    0.036 0.031 0.024 0.022 0.020  A 11795
   2473.83362 11.469 11.452 11.485 11.490 11.487    0.041 0.037 0.034 0.038 0.030  A 12769
   2482.72863 11.403 11.369 11.411 11.437 11.421    0.042 0.044 0.037 0.043 0.038  A 13195
   2490.82358 11.219 11.235 11.209 11.184 11.202    0.037 0.038 0.031 0.039 0.033  A 14147
   2493.74510 11.226 11.268 11.240 11.279 11.300    0.057 0.061 0.053 0.059 0.054  B 14520
   2495.75583 11.186 11.140 11.184 11.200 11.199    0.035 0.032 0.029 0.036 0.028  A 14852
   2496.78252 11.181 11.180 11.171 11.178 11.182    0.033 0.031 0.027 0.031 0.025  A 15074
   2498.77665 11.132 11.128 11.143 11.167 11.173    0.032 0.028 0.025 0.027 0.023  A 15497
   2499.77784 11.157 11.163 11.163 11.153 11.150    0.032 0.027 0.025 0.028 0.024  A 15707
   2501.77656 11.089 11.127 11.089 11.092 11.101    0.032 0.029 0.024 0.027 0.022  A 16069
   2502.77659 11.101 11.044 11.095 11.071 11.064    0.034 0.031 0.030 0.037 0.029  A 16281
   2503.77456 11.024 11.066 11.033 11.029 11.065    0.041 0.042 0.036 0.042 0.038  A 16484
   2521.70730 11.300 11.258 11.282 11.281 11.272    0.030 0.030 0.021 0.022 0.018  A 18425
   2529.70299 11.252 11.270 11.261 11.244 11.246    0.042 0.049 0.033 0.036 0.032  A 19104
   2552.72905 11.217 11.230 11.215 11.218 11.218    0.028 0.032 0.019 0.019 0.019  A 21183
   2553.80298 11.310 11.305 11.304 11.307 11.291    0.042 0.046 0.039 0.047 0.043  A 21393
   2556.62803 11.229 11.184 11.223 11.250 99.999    0.033 0.033 0.028 0.034 0.028  C 21685
   2600.62127 11.681 11.611 11.731 11.725 11.741    0.086 0.084 0.090 0.108 0.123  D 27364
   2623.53091 11.220 11.230 11.221 11.208 11.189    0.026 0.028 0.023 0.027 0.030  A 30085
   2625.60591 11.166 11.137 11.162 11.148 11.148    0.024 0.039 0.021 0.024 0.028  A 30400
   2628.61006 11.116 11.145 11.145 11.160 11.187    0.036 0.050 0.029 0.033 0.036  A 30709
   2635.53906 11.071 11.095 11.064 11.066 11.075    0.025 0.035 0.021 0.023 0.025  A 32185
   2637.56949 11.082 11.081 11.056 11.051 11.062    0.027 0.041 0.019 0.020 0.021  A 32490
   2639.57705 11.040 11.045 11.038 11.036 11.037    0.024 0.036 0.019 0.021 0.023  A 32801
   2641.58424 11.059 11.080 11.047 11.042 11.042    0.024 0.035 0.021 0.022 0.024  A 33087
   2643.57972 11.066 11.048 11.064 11.055 11.044    0.024 0.028 0.021 0.024 0.027  A 33397
   2645.56803 11.079 11.077 11.077 11.078 11.084    0.023 0.026 0.021 0.023 0.026  A 33689
   2650.53649 11.073 11.093 11.090 11.074 11.089    0.052 0.041 0.032 0.034 0.030  A 34238
   2654.53799 11.155 11.164 11.152 11.148 11.156    0.024 0.030 0.023 0.025 0.029  A 34854
   2658.53148 11.233 11.203 11.244 11.241 11.243    0.027 0.032 0.026 0.032 0.038  A 35555
   2663.52742 11.335 11.308 11.337 11.331 11.360    0.031 0.037 0.029 0.033 0.037  A 36403
   2787.90990 11.397 11.364 11.391 11.398 11.405    0.023 0.022 0.020 0.021 0.023  A 56913
   2809.90269 11.439 11.428 11.452 11.459 11.464    0.032 0.028 0.026 0.025 0.026  A 59617
   2815.91920 11.417 11.356 11.407 11.417 11.417    0.032 0.028 0.024 0.026 0.026  A 60873
   2820.87972 11.346 11.348 11.339 11.331 11.328    0.027 0.025 0.021 0.023 0.024  A 61613
   2829.91568 11.265 11.252 11.276 11.274 11.268    0.027 0.024 0.022 0.024 0.024  A 62403
   2831.86660 11.259 11.229 11.260 11.283 11.284    0.026 0.024 0.022 0.024 0.027  A 62828
   2836.87662 11.314 11.258 11.330 11.350 11.361    0.043 0.037 0.041 0.048 0.054  A 63776
   2841.89608 11.084 11.098 11.106 11.117 11.128    0.025 0.025 0.018 0.020 0.022  A 64635
   2844.86529 11.049 11.032 11.048 11.046 11.037    0.024 0.021 0.018 0.020 0.021  A 65098
   2851.85568 10.997 11.007 11.007 10.998 11.014    0.026 0.024 0.021 0.023 0.023  A 65533
   2854.77515 11.043 11.046 11.048 11.049 11.048    0.023 0.019 0.017 0.018 0.019  A 65940
   2858.77482 11.089 11.095 11.080 11.068 11.070    0.025 0.023 0.018 0.020 0.021  A 66379
   2860.77560 11.103 11.105 11.116 11.119 11.134    0.029 0.021 0.021 0.025 0.024  A 66809
   2874.76900 11.383 11.415 11.371 11.359 11.366    0.025 0.036 0.022 0.023 0.026  A 68417
   2876.76508 11.389 11.425 11.376 11.396 11.399    0.026 0.031 0.020 0.021 0.020  A 68813
   2879.74669 11.470 11.431 11.465 11.459 11.460    0.024 0.031 0.018 0.020 0.021  A 69299
   2883.73713 11.504 11.568 11.519 11.556 11.569    0.026 0.033 0.018 0.019 0.019  A 69661
   2885.71825 11.548 11.585 11.555 11.561 11.569    0.020 0.031 0.016 0.017 0.019  A 70059
   2905.77174 11.316 11.294 11.320 11.321 11.329    0.021 0.033 0.017 0.018 0.020  A 73036
   2908.69812 11.253 11.237 11.248 11.252 11.253    0.022 0.041 0.018 0.018 0.019  A 73435
   2910.73446 11.184 11.210 11.189 11.194 11.198    0.020 0.034 0.016 0.017 0.019  A 73763
   2912.69807 11.148 11.187 11.140 11.123 11.123    0.026 0.034 0.023 0.026 0.029  A 74124
   2915.67219 11.099 11.065 11.108 11.116 11.132    0.028 0.044 0.021 0.022 0.024  A 74398
   2918.69259 11.067 11.062 11.074 11.081 11.081    0.026 0.032 0.023 0.026 0.030  A 74912
   2923.67554 11.054 11.046 11.065 11.085 11.076    0.027 0.043 0.026 0.030 0.036  A 75471
   2926.67432 11.084 11.096 11.077 11.080 11.078    0.025 0.034 0.020 0.021 0.023  A 75830
   2928.67034 11.192 11.149 11.191 11.187 11.222    0.067 0.074 0.069 0.073 0.078  D 76202
   2930.66605 11.145 11.123 11.115 11.101 11.088    0.033 0.027 0.023 0.026 0.029  A 76550
   2932.65860 11.136 11.139 11.125 11.123 11.117    0.026 0.031 0.022 0.024 0.028  A 76902
   2934.65204 11.167 11.141 11.153 11.156 11.167    0.028 0.025 0.021 0.022 0.025  A 77253
   2936.65343 11.221 11.146 11.196 11.194 11.192    0.033 0.028 0.026 0.030 0.033  A 77605
   2939.68575 11.209 11.179 11.203 11.202 11.204    0.028 0.030 0.019 0.020 0.021  A 77834
   2944.60718 11.341 11.356 11.348 11.344 11.341    0.032 0.027 0.023 0.023 0.024  A 78512
   2945.64912 11.313 11.343 11.324 11.325 11.334    0.028 0.029 0.024 0.026 0.030  A 78708
   2953.61260 11.433 11.413 11.436 11.448 11.470    0.032 0.033 0.030 0.035 0.041  A 79821
   2957.61670 11.407 11.411 11.402 11.395 11.409    0.029 0.036 0.031 0.034 0.038  A 80367
   2959.61428 11.466 11.440 11.479 11.505 11.521    0.086 0.081 0.096 0.114 0.132  D 80656
   2961.60719 11.297 11.295 11.322 11.335 11.347    0.033 0.042 0.034 0.038 0.041  A 80909
   2963.61942 99.999 99.999 99.999 99.999 99.999    0.026 0.030 0.023 0.025 0.028  C 81192
   2965.63398 11.235 11.207 11.238 11.248 11.254    0.027 0.030 0.023 0.026 0.028  A 81484
   2969.60219 11.102 11.108 11.126 11.141 11.148    0.026 0.032 0.023 0.026 0.029  A 82036
   2971.62472 11.109 11.082 11.095 11.096 11.109    0.025 0.031 0.021 0.023 0.027  A 82240
   2978.53225 11.048 11.051 11.050 11.038 11.017    0.029 0.032 0.027 0.032 0.038  A 83087
   2980.59020 10.982 11.024 11.000 10.998 11.002    0.028 0.031 0.025 0.030 0.036  A 83358
   2982.60020 10.958 10.974 10.989 10.997 10.998    0.036 0.041 0.038 0.046 0.055  A 83636
   2984.60515 11.002 10.962 11.015 11.026 11.038    0.024 0.036 0.023 0.026 0.029  A 83894
   2986.60857 99.999 99.999 99.999 99.999 99.999    0.033 0.038 0.026 0.030 0.033  C 84160
   2989.60163 11.040 11.054 11.046 11.049 11.054    0.025 0.027 0.022 0.024 0.027  A 84509
   2991.62093 11.078 11.109 11.106 11.105 11.116    0.025 0.027 0.022 0.024 0.027  A 84773
   2997.54833 11.199 11.220 11.217 11.220 11.227    0.026 0.034 0.022 0.024 0.026  A 85548
   3007.58532 11.246 11.232 11.236 11.209 11.194    0.066 0.076 0.069 0.073 0.078  D 86701
   3013.56722 11.495 11.522 11.503 11.510 11.534    0.031 0.035 0.033 0.040 0.047  A 87485
   3018.53592 11.487 11.545 11.505 11.535 11.562    0.030 0.031 0.027 0.030 0.035  A 87976
   3025.52943 11.533 11.569 11.558 11.592 11.604    0.030 0.032 0.027 0.032 0.037  A 88386
   3164.91861 11.269 11.282 11.275 11.284 11.297    0.057 0.074 0.055 0.058 0.061  B 105297
   3170.89455 11.100 11.085 11.087 11.066 11.053    0.074 0.082 0.073 0.077 0.081  D 106098
   3182.92079 10.971 11.012 10.972 10.964 10.963    0.044 0.047 0.043 0.049 0.057  A 107605
   3186.89609 10.966 10.942 10.965 10.961 10.953    0.066 0.061 0.063 0.067 0.073  B 108183
   3266.71931 11.132 11.176 11.147 11.156 11.152    0.026 0.031 0.020 0.021 0.024  A 115214
   3268.71428 11.179 11.199 11.185 11.175 11.172    0.031 0.035 0.027 0.030 0.035  A 115515
   3270.69968 11.221 11.213 11.248 11.241 11.234    0.035 0.038 0.027 0.030 0.033  A 115813
   3272.70213 11.193 11.180 11.177 11.174 11.181    0.026 0.030 0.026 0.031 0.037  A 116089
   3274.71006 11.263 11.231 11.262 11.258 11.278    0.030 0.036 0.028 0.034 0.038  A 116351
   3278.71668 11.278 11.273 11.304 11.307 11.329    0.043 0.057 0.044 0.054 0.062  A 116858
   3280.74602 11.361 11.327 11.337 11.353 11.365    0.035 0.050 0.033 0.039 0.045  A 117132
   3715.55529 11.653 11.722 11.676 11.702 11.711    0.043 0.085 0.038 0.044 0.049  B 169807
   3726.54978 11.750 11.832 11.741 11.737 11.718    0.046 0.082 0.042 0.046 0.051  B 171107
   3730.54747 11.704 11.635 99.999 99.999 99.999    0.047 0.095 0.041 0.044 0.048  C 171522
#ndata= 8
#dataset= 2 ; 1 F0104+00_335
#desig= 003931+0330.1
#cra=    0.658523  00:39:30.7
#cdec=   3.501974 03:30:07.1
#class= 0
#cmag_0= 11.312
#cmer_0=  0.044
#nskip_0= 1
#cmag_1= 11.351
#cmer_1=  0.043
#nskip_1= 1
#cmag_2= 11.390
#cmer_2=  0.045
#nskip_2= 1
#cmag_3= 11.414
#cmer_3=  0.048
#nskip_3= 1
#cmag_4= 11.410
#cmer_4=  0.044
#nskip_4= 1
#ra=    0.658523  00:39:30.7
#dec=   3.501974 03:30:07.1
#     HJD      MAG_1  MAG_0  MAG_2  MAG_3  MAG_4    MER_1 MER_0 MER_2 MER_3 MER_4 GRADE FRAME
   2465.83294 11.386 11.341 11.432 11.459 11.425    0.054 0.056 0.045 0.047 0.044  A 11145
   2468.82406 11.312 11.303 11.349 11.359 11.386    0.044 0.041 0.033 0.033 0.032  A 11795
   2470.85209 11.331 11.257 11.349 11.380 11.384    0.040 0.036 0.032 0.038 0.031  A 12090
   2473.83362 11.365 11.326 11.404 11.431 11.433    0.044 0.043 0.037 0.042 0.035  A 12769
   2490.82358 11.120 11.118 11.129 11.122 11.150    0.041 0.043 0.034 0.042 0.037  A 14147
   2628.61006 11.015 11.028 11.067 11.095 11.132    0.038 0.050 0.032 0.035 0.039  A 30709
   2886.84499 11.439 11.447 11.476 11.483 11.489    0.033 0.033 0.026 0.029 0.031  A 70325
   2955.63005 11.344 11.358 11.415 11.430 11.431    0.038 0.039 0.031 0.034 0.038  A 80084
#ndata= 111
#dataset= 3 ; 1 F0032+08_379
#desig= 003930+0330.0
#cra=    0.658470  00:39:30.5
#cdec=   3.499765 03:29:59.2
#class= 0
#cmag_0= 11.372
#cmer_0=  0.175
#nskip_0= 2
#cmag_1= 11.365
#cmer_1=  0.174
#nskip_1= 2
#cmag_2= 11.368
#cmer_2=  0.179
#nskip_2= 2
#cmag_3= 11.377
#cmer_3=  0.179
#nskip_3= 3
#cmag_4= 11.380
#cmer_4=  0.183
#nskip_4= 3
#ra=    0.658470  00:39:30.5
#dec=   3.499765 03:29:59.2
#     HJD      MAG_1  MAG_0  MAG_2  MAG_3  MAG_4    MER_1 MER_0 MER_2 MER_3 MER_4 GRADE FRAME
   2277.53505 11.324 11.303 11.352 11.362 11.372    0.069 0.083 0.060 0.059 0.062  D 46429
   2900.70590 11.442 11.417 11.450 11.456 11.449    0.032 0.042 0.023 0.026 0.030  A 72252
   3326.56999 11.214 11.184 11.214 11.216 11.229    0.035 0.056 0.032 0.034 0.038  A 121086
   3525.92278 11.310 11.271 11.291 11.287 11.270    0.032 0.037 0.034 0.038 0.043  A 145591
   3529.92235 11.286 11.279 11.296 11.304 11.308    0.033 0.042 0.034 0.039 0.044  A 146290
   3543.91186 11.224 11.257 11.236 11.234 11.194    0.030 0.042 0.029 0.034 0.041  A 147638
   3552.90884 11.030 11.017 11.043 11.048 11.054    0.035 0.037 0.034 0.038 0.044  A 148559
   3558.89369 10.916 10.908 10.923 10.927 10.918    0.039 0.045 0.029 0.034 0.037  A 149316
   3561.88180 10.846 10.864 10.841 10.850 10.846    0.048 0.057 0.049 0.053 0.057  B 149823
   3564.87519 10.901 10.935 10.938 10.953 10.941    0.032 0.049 0.028 0.030 0.033  A 150327
   3569.89295 10.952 10.957 10.949 10.955 10.971    0.027 0.032 0.024 0.027 0.031  A 150660
   3572.85724 10.976 10.974 10.978 10.988 10.998    0.031 0.033 0.026 0.030 0.034  A 151023
   3575.74337 10.990 11.035 11.013 11.018 11.019    0.027 0.033 0.027 0.031 0.036  A 151510
   3579.87521 11.001 10.956 10.999 11.002 11.022    0.044 0.077 0.040 0.045 0.048  B 152236
   3583.84684 11.138 11.162 11.134 11.140 11.137    0.033 0.057 0.028 0.030 0.032  A 152907
   3586.81907 11.252 11.297 11.230 11.216 11.224    0.041 0.087 0.034 0.035 0.036  B 153410
   3589.80698 11.246 11.281 11.260 11.268 11.278    0.039 0.071 0.031 0.032 0.033  A 153900
   3592.79788 11.341 11.319 11.332 11.328 11.320    0.041 0.084 0.035 0.037 0.039  B 154414
   3600.79060 11.478 11.397 11.451 11.396 11.367    0.059 0.076 0.067 0.081 0.098  D 155440
   3617.75872 11.364 11.410 11.351 11.323 11.338    0.035 0.053 0.031 0.035 0.040  A 157174
   3620.72839 11.263 11.279 11.273 11.281 11.275    0.026 0.043 0.025 0.028 0.032  A 157618
   3622.77278 11.279 11.299 11.278 11.282 11.266    0.029 0.049 0.025 0.028 0.032  A 157948
   3625.78732 11.169 11.185 11.182 11.181 11.193    0.027 0.032 0.022 0.024 0.027  A 158216
   3628.72901 11.112 11.161 11.144 11.167 11.163    0.028 0.032 0.025 0.028 0.033  A 158480
   3633.73448 11.062 11.036 11.031 11.027 11.008    0.033 0.044 0.032 0.038 0.046  A 159249
   3636.72763 11.089 11.094 11.063 11.063 11.054    0.030 0.039 0.029 0.034 0.039  A 159612
   3639.67125 11.149 11.138 11.138 11.133 11.130    0.033 0.063 0.030 0.034 0.037  A 159947
   3642.69585 11.189 11.199 11.198 11.216 11.218    0.031 0.033 0.024 0.025 0.027  A 160336
   3644.76425 11.269 11.288 11.231 11.231 11.226    0.043 0.064 0.038 0.040 0.044  A 160649
   3648.65981 11.254 11.275 11.280 11.324 11.340    0.034 0.041 0.034 0.038 0.043  A 161037
   3650.71739 11.352 11.308 11.339 11.350 11.351    0.028 0.047 0.022 0.025 0.027  A 161337
   3652.72172 11.372 11.316 11.379 11.385 11.408    0.035 0.045 0.038 0.042 0.048  A 161630
   3654.68226 11.406 11.375 11.401 11.393 11.389    0.031 0.046 0.029 0.031 0.035  A 161894
   3656.65914 11.366 11.354 11.383 11.398 11.424    0.035 0.058 0.031 0.034 0.037  A 162184
   3661.65679 11.436 11.511 11.459 11.463 11.445    0.040 0.068 0.037 0.042 0.047  A 162941
   3663.66910 11.488 11.534 11.488 11.471 11.448    0.038 0.058 0.034 0.039 0.043  A 163222
   3665.72353 11.475 11.456 11.491 11.503 11.530    0.032 0.046 0.029 0.032 0.037  A 163532
   3669.64853 11.447 11.482 11.452 11.468 11.482    0.026 0.030 0.021 0.023 0.025  A 163977
   3671.74532 11.376 11.422 11.392 11.382 11.367    0.028 0.033 0.023 0.025 0.027  A 164293
   3673.74241 11.361 11.364 11.390 11.411 11.431    0.034 0.054 0.028 0.029 0.033  A 164580
   3676.60243 11.321 11.355 11.344 11.363 11.372    0.022 0.035 0.021 0.024 0.026  A 164962
   3680.57030 11.397 11.383 11.395 11.418 11.425    0.026 0.041 0.023 0.025 0.028  A 165328
   3699.57621 11.466 11.503 11.491 11.501 11.514    0.032 0.040 0.029 0.031 0.034  A 167882
   3701.65048 11.461 11.515 11.475 11.503 11.547    0.047 0.088 0.046 0.053 0.060  B 168180
   3704.62876 11.538 11.587 11.519 11.518 11.494    0.033 0.062 0.030 0.031 0.034  A 168566
   3707.60883 99.999 99.999 99.999 99.999 99.999    0.031 0.068 0.026 0.027 0.030  C 168971
   3716.53677 11.574 11.569 11.605 11.632 11.660    0.034 0.064 0.031 0.035 0.040  A 169911
   3722.53677 11.700 11.687 11.727 11.757 11.771    0.032 0.048 0.033 0.038 0.044  A 170660
   3725.54543 11.697 11.735 11.659 11.644 11.674    0.051 0.082 0.039 0.043 0.052  B 170969
   3728.54414 11.733 11.737 11.718 11.692 11.664    0.032 0.058 0.033 0.039 0.043  A 171379
   3732.54199 11.712 11.715 11.728 11.733 11.760    0.029 0.035 0.031 0.036 0.042  A 171789
   3736.53885 11.734 11.763 11.735 11.735 11.742    0.032 0.052 0.027 0.030 0.033  A 172315
   3891.92837 11.030 11.003 11.031 11.028 11.022    0.028 0.035 0.026 0.029 0.033  A 193453
   3901.92190 11.026 11.030 11.040 11.050 11.039    0.027 0.045 0.029 0.034 0.040  A 194944
   4092.53665 11.344 11.355 11.333 11.319 11.303    0.044 0.086 0.038 0.040 0.043  B 209479
   4103.54393 11.322 11.345 11.307 11.300 11.278    0.038 0.052 0.035 0.041 0.045  A 210558
   4106.54679 11.281 11.301 11.261 11.234 11.224    0.048 0.088 0.040 0.042 0.046  B 210928
   4281.93341 11.274 11.309 11.259 11.213 11.165    0.083 0.073 0.100 0.130 0.160  D 229418
   4284.87903 11.388 11.411 11.407 11.417 11.418    0.033 0.044 0.028 0.030 0.035  A 229889
   4290.92435 11.432 11.403 11.418 11.431 11.437    0.049 0.056 0.041 0.047 0.046  A 230598
   4293.86982 11.412 11.367 11.406 11.422 11.436    0.034 0.038 0.029 0.032 0.034  A 231135
   4296.86124 11.369 11.341 11.372 11.394 11.399    0.037 0.042 0.036 0.040 0.047  A 231647
   4299.86400 11.337 11.279 11.342 11.346 11.348    0.043 0.052 0.045 0.048 0.052  A 232194
   4301.85187 11.321 11.360 11.325 11.320 11.315    0.035 0.044 0.029 0.031 0.036  A 232543
   4303.88958 11.408 11.381 11.428 11.430 11.439    0.043 0.045 0.040 0.043 0.045  A 232855
   4305.87296 11.395 11.381 11.383 11.400 11.407    0.032 0.037 0.026 0.029 0.031  A 233214
   4307.83713 11.340 11.379 11.350 11.365 11.372    0.036 0.057 0.027 0.030 0.032  A 233546
   4309.84164 11.370 11.345 11.352 11.334 11.323    0.036 0.042 0.033 0.038 0.044  A 233861
   4311.85201 11.395 11.396 11.384 11.391 11.394    0.034 0.043 0.029 0.031 0.035  A 234132
   4329.83349 11.363 11.437 11.373 11.383 11.374    0.039 0.048 0.037 0.042 0.045  A 235206
   4333.77486 11.480 11.513 11.500 11.503 11.504    0.036 0.038 0.034 0.038 0.041  A 235904
   4336.77242 11.441 11.511 11.420 11.432 11.445    0.061 0.052 0.070 0.085 0.092  D 236248
   4339.75300 11.532 11.481 11.540 11.552 11.554    0.033 0.038 0.029 0.032 0.037  A 236628
   4344.78427 11.569 11.512 11.593 11.604 11.626    0.069 0.078 0.073 0.081 0.087  D 237491
   4346.80102 11.440 11.482 11.439 11.458 11.452    0.077 0.086 0.079 0.080 0.084  D 237835
   4351.72103 11.443 11.492 11.434 11.408 11.408    0.047 0.068 0.045 0.054 0.064  B 238625
   4354.71595 11.509 11.471 11.501 11.494 11.490    0.029 0.037 0.023 0.025 0.028  A 239024
   4356.75575 11.444 11.467 11.453 11.472 11.481    0.033 0.046 0.027 0.030 0.034  A 239384
   4359.69861 11.441 11.430 11.438 11.444 11.448    0.033 0.040 0.030 0.034 0.041  A 239817
   4362.68719 11.381 11.417 11.436 11.462 11.470    0.029 0.032 0.024 0.026 0.029  A 240189
   4364.69393 11.346 11.347 11.360 11.366 11.363    0.031 0.034 0.025 0.027 0.029  A 240522
   4366.85189 11.333 11.283 11.356 11.374 11.378    0.040 0.046 0.032 0.034 0.036  A 240759
   4371.82724 11.421 11.400 11.410 11.396 11.408    0.038 0.046 0.037 0.044 0.051  A 241536
   4374.80439 11.353 11.386 11.368 11.369 11.370    0.042 0.047 0.045 0.055 0.066  B 241868
   4377.64675 11.421 11.470 11.440 11.469 11.482    0.032 0.054 0.025 0.026 0.030  A 242263
   4379.68563 11.451 11.450 11.444 11.452 11.454    0.035 0.055 0.028 0.030 0.034  A 242588
   4381.71038 11.449 11.436 11.444 11.467 11.487    0.037 0.057 0.034 0.038 0.043  A 242897
   4383.78426 11.431 11.452 11.432 11.403 11.399    0.038 0.048 0.035 0.039 0.042  A 243227
   4385.73260 11.431 11.453 11.418 11.429 99.999    0.032 0.038 0.026 0.027 0.028  C 243524
   4388.61836 11.442 11.406 11.449 11.460 11.445    0.033 0.041 0.027 0.029 0.033  A 243956
   4392.63596 11.483 11.499 11.483 11.495 11.521    0.037 0.060 0.031 0.033 0.036  A 244515
   4399.67178 11.536 11.528 11.555 11.592 11.612    0.041 0.066 0.039 0.045 0.052  A 244843
   4402.67484 11.552 11.552 11.549 11.554 11.580    0.037 0.047 0.033 0.038 0.044  A 245125
   4404.74925 11.563 11.585 11.592 11.606 11.627    0.033 0.037 0.030 0.033 0.039  A 245381
   4408.60053 11.586 11.600 11.596 11.608 11.621    0.035 0.046 0.034 0.036 0.041  A 245717
   4411.60670 11.599 11.606 11.626 11.628 11.628    0.040 0.062 0.034 0.040 0.039  A 246085
   4420.57208 11.512 11.501 11.572 11.639 11.671    0.037 0.051 0.036 0.043 0.049  A 246437
   4427.55379 11.378 11.409 11.332 11.278 11.251    0.045 0.072 0.044 0.051 0.059  A 247027
   4429.60373 11.329 11.335 11.337 11.338 11.379    0.035 0.049 0.031 0.036 0.042  A 247288
   4432.58378 11.264 11.277 11.290 11.297 11.296    0.033 0.058 0.026 0.027 0.031  A 247650
   4437.56175 11.375 11.417 11.394 11.412 11.413    0.047 0.066 0.047 0.055 0.064  B 248253
   4439.65263 11.343 11.283 11.335 11.339 11.340    0.038 0.063 0.032 0.035 0.040  A 248532
   4443.56206 11.321 11.339 11.319 11.324 11.325    0.040 0.057 0.035 0.035 0.037  A 248956
   4449.56934 11.372 11.328 11.408 11.416 11.405    0.042 0.074 0.036 0.039 0.042  A 249611
   4454.54282 11.354 11.348 11.360 11.366 11.378    0.047 0.074 0.049 0.056 0.061  B 250207
   4457.55794 11.515 11.556 11.537 11.551 11.570    0.038 0.063 0.036 0.042 0.051  A 250539
   4460.56195 11.465 11.467 11.486 11.488 11.479    0.034 0.055 0.029 0.031 0.034  A 250887
   4463.54341 11.515 11.462 11.484 11.448 11.417    0.028 0.036 0.024 0.027 0.032  A 251276
   4466.54970 11.496 11.439 11.519 11.534 11.532    0.039 0.065 0.035 0.039 0.044  A 251614
   4469.54129 11.384 11.383 11.386 11.376 11.380    0.038 0.064 0.031 0.034 0.041  A 251948
   4474.55518 11.435 11.509 11.399 11.415 11.438    0.064 0.078 0.070 0.085 0.101  D 252448
