#ndata= 184
#dataset= 1 ; 1 F0032+16_424
#desig= 003946+1412.0
#cra=    0.662778  00:39:46.0
#cdec=  14.200364 14:12:01.3
#class= 0
#cmag_0=  9.222
#cmer_0=  0.205
#nskip_0= 9
#cmag_1=  9.223
#cmer_1=  0.203
#nskip_1= 13
#cmag_2=  9.221
#cmer_2=  0.201
#nskip_2= 12
#cmag_3=  9.222
#cmer_3=  0.201
#nskip_3= 11
#cmag_4=  9.214
#cmer_4=  0.199
#nskip_4= 11
#ra=    0.662778  00:39:46.0
#dec=  14.200364 14:12:01.3
#     HJD      MAG_3  MAG_0  MAG_1  MAG_2  MAG_4    MER_3 MER_0 MER_1 MER_2 MER_4 GRADE FRAME
   2623.54062  9.261  9.265  9.247  9.264  9.253    0.027 0.038 0.031 0.024 0.033  A 30089
   2627.54288  9.260  9.260  9.255  9.260  9.250    0.028 0.030 0.034 0.026 0.031  A 30530
   2629.55684  9.260  9.298  9.267  9.263  9.259    0.028 0.050 0.040 0.027 0.028  A 30839
   2636.53989  9.208  9.182  9.215  9.211  9.198    0.024 0.039 0.027 0.022 0.026  A 32339
   2639.53773  9.175  9.165  9.156  9.181  9.167    0.024 0.042 0.028 0.022 0.026  A 32784
   2641.54992  9.154  9.156  9.161  9.156  9.151    0.028 0.036 0.033 0.027 0.030  A 33072
   2644.53092  9.099  9.149  9.105  9.094  9.101    0.038 0.033 0.035 0.034 0.044  A 33526
   2805.91222  9.372  9.403  9.376  9.375  9.374    0.030 0.033 0.031 0.026 0.035  A 59278
   2810.88747  9.336  9.337  9.349  9.344  9.326    0.023 0.023 0.024 0.020 0.025  A 59836
   2815.93799  9.296  9.262  9.320  9.304  9.282    0.025 0.037 0.024 0.023 0.027  A 60881
   2820.91614  9.255  9.259  9.261  9.258  9.257    0.026 0.026 0.030 0.023 0.029  A 61629
   2829.91961  9.262  9.269  9.253  9.259  9.257    0.023 0.025 0.026 0.020 0.025  A 62405
   2831.87805  9.285  9.293  9.265  9.284  9.276    0.023 0.025 0.025 0.020 0.027  A 62833
   2841.89993  9.270  9.307  9.274  9.276  9.263    0.024 0.024 0.027 0.022 0.026  A 64637
   2844.87690  9.291  9.297  9.298  9.286  9.285    0.022 0.025 0.026 0.021 0.023  A 65103
   2851.86191  9.286  9.269  9.314  9.295  9.272    0.021 0.021 0.027 0.020 0.023  A 65536
   2854.78604  9.235  9.259  9.226  9.243  9.229    0.022 0.021 0.025 0.019 0.021  A 65945
   2858.79037  9.216  9.219  9.226  9.213  9.211    0.018 0.022 0.023 0.017 0.020  A 66386
   2860.79589  9.217  9.233  9.201  9.224  9.210    0.022 0.026 0.024 0.020 0.025  A 66818
   2862.78500  9.218  9.227  9.229  9.221  9.208    0.026 0.030 0.028 0.023 0.030  A 67228
   2872.80637  9.348  9.334  9.362  9.353  9.338    0.021 0.023 0.024 0.019 0.023  A 68231
   2875.81502  9.387  9.413  9.392  9.394  9.374    0.020 0.028 0.024 0.019 0.020  A 68626
   2877.77984  9.415  9.401  9.419  9.418  9.405    0.019 0.031 0.020 0.017 0.021  A 69008
   2880.75584  9.420  9.427  9.434  9.430  9.418    0.030 0.032 0.033 0.027 0.034  A 69414
   2883.78290  9.433  9.433  9.434  9.436  9.420    0.022 0.030 0.026 0.020 0.023  A 69681
   2885.73165  9.407  9.395  9.399  9.412  9.415    0.020 0.027 0.023 0.017 0.021  A 70065
   2892.74714  9.313  9.285  9.308  9.309  9.306    0.029 0.033 0.031 0.027 0.032  A 70721
   2896.75236  9.233  9.232  9.241  9.235  9.232    0.026 0.032 0.023 0.023 0.030  A 71519
   2898.71172  9.210  9.204  9.207  9.196  9.199    0.027 0.026 0.030 0.025 0.027  A 71900
   2903.78927  9.106  9.075  9.130  9.106  9.096    0.039 0.037 0.033 0.034 0.045  A 72727
   2905.78350  9.074  9.057  9.083  9.067  9.066    0.033 0.024 0.030 0.029 0.031  A 73041
   2908.70255  8.978  9.045  8.994  8.983  8.975    0.020 0.042 0.023 0.019 0.020  A 73437
   2910.74164  8.961  8.978  8.973  8.967  8.949    0.024 0.035 0.030 0.022 0.023  A 73766
   2912.70018  8.916  8.951  8.923  8.917  8.915    0.019 0.028 0.021 0.017 0.021  A 74125
   2917.63886  8.881  8.909  8.892  8.885  8.877    0.027 0.025 0.033 0.024 0.026  A 74763
   2918.79412  8.857  8.869  8.868  8.855  8.848    0.088 0.058 0.063 0.073 0.107  D 74953
   2924.71981  8.893  8.878  8.916  8.901  8.883    0.032 0.031 0.031 0.028 0.036  A 75660
   2927.65947  8.911  8.912  8.915  8.915  8.900    0.021 0.030 0.023 0.020 0.023  A 76010
   2929.66548  8.915  8.919  8.927  8.921  8.910    0.019 0.029 0.022 0.018 0.021  A 76369
   2931.67119  8.916  8.938  8.893  8.918  8.914    0.023 0.023 0.032 0.022 0.025  A 76732
   2933.66154  8.958  8.950  8.980  8.968  8.949    0.022 0.025 0.026 0.021 0.023  A 77082
   2935.65633  8.968  8.978  8.988  8.978  8.958    0.022 0.028 0.023 0.020 0.024  A 77440
   2937.66269  8.983  9.010  9.000  8.987  8.983    0.023 0.033 0.024 0.020 0.027  A 77713
   2940.66429  9.017  9.057  9.006  9.021  9.009    0.021 0.032 0.024 0.021 0.023  A 78012
   2942.60971  9.047  9.095  9.042  9.050  9.044    0.030 0.034 0.026 0.025 0.034  A 78189
   2945.59867  9.098  9.092  9.120  9.106  9.089    0.027 0.027 0.026 0.024 0.031  A 78686
   2953.61778  9.239  9.223  9.260  9.231  9.213    0.079 0.078 0.072 0.074 0.083  D 79823
   2957.62179  9.207  9.252  9.215  9.222  9.203    0.024 0.029 0.023 0.022 0.028  A 80369
   2961.61230  9.257  9.256  9.262  9.260  9.247    0.024 0.024 0.023 0.021 0.028  A 80911
   2963.62471  9.284  9.284  9.300  9.294  9.274    0.026 0.029 0.026 0.025 0.029  A 81194
   2965.63916  9.299  9.334  9.318  9.308  9.296    0.026 0.025 0.025 0.022 0.029  A 81486
   2969.60739  9.345  9.365  9.333  9.354  9.336    0.027 0.030 0.026 0.023 0.032  A 82038
   2971.62994  9.356  9.423  9.353  9.355  9.355    0.039 0.054 0.038 0.035 0.044  A 82242
   2973.58157  9.363  9.376  9.383  9.367  9.360    0.026 0.026 0.028 0.024 0.030  A 82445
   2978.54857  9.377  9.371  9.345  9.379  9.367    0.032 0.035 0.032 0.029 0.038  A 83093
   2980.60072  9.376  9.406  9.384  9.375  9.363    0.034 0.040 0.032 0.028 0.041  A 83362
   2982.60861  9.329  9.350  9.360  9.342  9.320    0.082 0.083 0.068 0.074 0.092  D 83639
   2985.54829  9.326  9.313  9.309  9.327  9.317    0.024 0.031 0.027 0.021 0.028  A 84006
   2987.56769  9.326  9.310  9.347  9.331  9.315    0.028 0.029 0.026 0.024 0.033  A 84279
   2990.56695  9.294  9.264  9.299  9.299  9.286    0.026 0.032 0.026 0.023 0.029  A 84618
   2993.55055  9.414  9.487  9.480  9.443  9.403    0.026 0.028 0.025 0.022 0.030  A 85021
   2996.55127  9.261  9.252  9.265  9.267  9.252    0.024 0.023 0.024 0.021 0.027  A 85410
   2998.56478  9.242  9.237  9.261  9.248  9.228    0.026 0.026 0.026 0.023 0.028  A 85691
   3170.93154  9.354  9.382  9.381  9.369  9.350    0.077 0.075 0.074 0.072 0.081  D 106112
   3179.92300  9.279  9.278  9.280  9.276  9.267    0.047 0.047 0.047 0.044 0.050  A 107298
   3183.92509  9.239  9.260  9.246  9.243  9.236    0.043 0.038 0.040 0.038 0.047  A 107754
   3189.91472  9.198  9.216  9.201  9.198  9.202    0.040 0.033 0.037 0.033 0.046  A 108523
   3271.68597  9.416  9.419  9.432  9.432  9.406    0.072 0.071 0.064 0.068 0.076  B 115949
   3271.84657  9.389  9.351  9.397  9.386  9.378    0.031 0.036 0.032 0.027 0.035  A 116006
   3273.68009  9.471  9.400  9.461  9.469  9.463    0.047 0.058 0.039 0.042 0.053  A 116213
   3279.73756  9.438  9.436  9.458  9.445  9.425    0.034 0.048 0.036 0.030 0.039  A 117002
   3293.61899  9.317  9.323  9.344  9.319  9.304    0.041 0.040 0.037 0.035 0.048  A 118307
   3296.58800  9.253  9.286  9.272  9.269  9.252    0.047 0.052 0.050 0.045 0.051  A 118646
   3299.61392  9.231  9.198  9.241  9.236  9.223    0.030 0.033 0.027 0.026 0.034  A 118934
   3321.63571  9.108  9.006  9.097  9.109  9.100    0.044 0.090 0.048 0.041 0.047  B 120787
   3326.61669  9.182  9.229  9.185  9.179  9.176    0.036 0.073 0.037 0.033 0.040  A 121100
   3343.55940  9.114  9.009  9.106  9.110  9.110    0.046 0.097 0.051 0.045 0.050  B 122899
   3541.92002  9.291  9.278  9.288  9.291  9.284    0.040 0.041 0.035 0.036 0.046  A 147336
   3547.91426  9.366  9.382  9.368  9.360  9.358    0.048 0.060 0.040 0.040 0.059  A 148130
   3558.88716  9.310  9.312  9.307  9.310  9.305    0.043 0.053 0.037 0.038 0.048  A 149314
   3561.87890  9.306  9.355  9.319  9.314  9.303    0.033 0.047 0.028 0.030 0.039  A 149822
   3564.85662  9.263  9.209  9.260  9.253  9.254    0.032 0.037 0.030 0.028 0.036  A 150320
   3569.86298  9.193  9.171  9.186  9.193  9.183    0.033 0.040 0.034 0.031 0.038  A 150650
   3572.83446  9.158  9.116  9.192  9.159  9.145    0.034 0.035 0.032 0.030 0.040  A 151016
   3575.82286  9.104  9.094  9.106  9.104  9.098    0.034 0.042 0.030 0.028 0.040  A 151536
   3579.92094  9.085  9.106  9.085  9.083  9.076    0.032 0.051 0.032 0.029 0.035  A 152251
   3583.82382  9.102  9.133  9.104  9.104  9.097    0.032 0.040 0.029 0.029 0.037  A 152899
   3586.79649  9.137  9.154  9.139  9.138  9.128    0.031 0.043 0.029 0.029 0.034  A 153403
   3589.78978  9.143  9.158  9.149  9.148  9.134    0.028 0.033 0.025 0.025 0.032  A 153894
   3592.77798  9.171  9.129  9.168  9.173  9.162    0.036 0.083 0.040 0.034 0.038  B 154407
   3596.78463  9.205  9.241  9.201  9.201  9.198    0.029 0.044 0.028 0.026 0.032  A 155012
   3599.90094  9.253  9.213  9.255  9.250  9.247    0.034 0.035 0.030 0.028 0.041  A 155324
   3602.75826  9.273  9.289  9.293  9.278  9.269    0.042 0.039 0.034 0.035 0.049  A 155775
   3617.73864  9.241  9.197  9.251  9.243  9.226    0.037 0.042 0.033 0.032 0.043  A 157167
   3620.70691  9.188  9.169  9.182  9.182  9.181    0.039 0.045 0.035 0.036 0.044  A 157611
   3622.79585  9.178  9.185  9.157  9.170  9.171    0.031 0.039 0.028 0.027 0.035  A 157957
   3625.82283  9.159  9.151  9.153  9.162  9.155    0.064 0.066 0.061 0.060 0.071  B 158229
   3628.71321  9.111  9.111  9.107  9.112  9.110    0.032 0.035 0.031 0.028 0.038  A 158475
   3634.76771  9.164  9.181  9.197  9.165  9.149    0.045 0.074 0.041 0.039 0.052  A 159418
   3637.75693  8.992  8.969  9.017  8.995  8.987    0.031 0.037 0.034 0.028 0.035  A 159750
   3640.74851  8.952  8.920  8.965  8.953  8.943    0.031 0.048 0.030 0.027 0.034  A 160051
   3643.63791  8.857  8.809  8.854  8.853  8.855    0.036 0.041 0.032 0.033 0.042  A 160453
   3646.73092  8.818  8.826  8.803  8.816  8.816    0.031 0.035 0.031 0.027 0.034  A 160794
   3651.63902  8.746  8.748  8.740  8.745  8.738    0.029 0.041 0.028 0.027 0.033  A 161445
   3653.63777  8.731  8.703  8.731  8.732  8.727    0.038 0.038 0.030 0.032 0.045  A 161756
   3655.63057  8.711  8.654  8.709  8.709  8.706    0.033 0.073 0.036 0.032 0.036  A 162015
   3661.68846  8.710  8.739  8.728  8.714  8.704    0.049 0.070 0.043 0.042 0.057  A 162951
   3663.70156  8.708  8.674  8.710  8.710  8.705    0.040 0.040 0.030 0.033 0.047  A 163233
   3666.59975  8.745  8.768  8.760  8.750  8.733    0.040 0.092 0.047 0.039 0.043  B 163639
   3669.69844  8.760  8.735  8.764  8.761  8.754    0.028 0.045 0.030 0.025 0.032  A 163994
   3672.58203  8.806  8.818  8.793  8.800  8.800    0.027 0.037 0.024 0.024 0.031  A 164379
   3674.69034  8.872  8.901  8.884  8.878  8.866    0.034 0.060 0.035 0.032 0.037  A 164703
   3677.64858  8.928  8.925  8.916  8.921  8.919    0.029 0.050 0.030 0.027 0.033  A 165117
   3704.57460  9.408  9.439  9.407  9.408  9.407    0.033 0.056 0.035 0.031 0.038  A 168547
   3707.56785  9.467  9.520  9.487  9.479  9.459    0.033 0.071 0.037 0.031 0.036  A 168956
   3711.57216  9.497  9.449  9.498  9.496  9.488    0.028 0.040 0.029 0.026 0.032  A 169240
   3716.55165  9.566  9.533  9.568  9.573  9.551    0.037 0.055 0.036 0.032 0.045  A 169916
   3719.55526  9.613  9.557  9.586  9.611  9.582    0.098 0.087 0.069 0.077 0.114  D 170287
   3722.54025 99.999 99.999 99.999 99.999 99.999    0.049 0.085 0.048 0.044 0.056  C 170661
   3725.54819  9.685  9.768  9.699  9.695  9.679    0.048 0.083 0.048 0.043 0.053  B 170970
   3728.54691  9.677  9.722  9.691  9.679  9.669    0.049 0.098 0.048 0.045 0.053  B 171380
   3732.54475  9.693  9.635  9.655  9.683  9.671    0.044 0.085 0.044 0.040 0.048  B 171790
   3736.54168  9.691  9.696  9.703  9.699  9.672    0.034 0.049 0.035 0.031 0.039  A 172316
   3893.92776  9.598  9.571  9.605  9.605  9.589    0.030 0.037 0.030 0.027 0.035  A 193809
   3902.91605  9.484  9.489  9.462  9.479  9.475    0.035 0.033 0.030 0.031 0.040  A 195129
   3912.92116  9.283  9.280  9.289  9.287  9.276    0.033 0.046 0.029 0.029 0.037  A 196843
   4089.57444  9.033  9.052  9.045  9.040  9.025    0.041 0.086 0.044 0.038 0.044  B 209108
   4092.55465  9.051  9.126  9.071  9.056  9.046    0.045 0.086 0.047 0.041 0.049  B 209485
   4105.53713  8.980  8.892  8.966  8.976  8.970    0.065 0.123 0.062 0.059 0.070  B 210786
   4278.91458  9.296  9.305  9.287  9.296  9.280    0.039 0.058 0.037 0.034 0.043  A 229231
   4282.87260  9.352  9.297  9.337  9.347  9.347    0.056 0.050 0.043 0.046 0.066  A 229550
   4284.90025  9.367  9.318  9.363  9.367 99.999    0.058 0.053 0.050 0.053 0.062  C 229896
   4286.89767  9.408  9.403  9.393  9.407  9.394    0.091 0.076 0.068 0.073 0.111  D 230259
   4291.85259  9.475  9.456  9.473  9.484  9.466    0.059 0.048 0.051 0.054 0.063  B 230762
   4297.84398  9.474  9.457  9.501  9.485  9.465    0.041 0.040 0.035 0.034 0.050  A 231818
   4300.83505  9.472  9.483  9.453  9.458  9.458    0.056 0.063 0.052 0.052 0.061  A 232351
   4302.85974  9.512  9.499  9.482  9.501  9.499    0.071 0.059 0.051 0.059 0.079  B 232673
   4304.83079  9.449  9.418  9.482  9.446  9.432    0.047 0.042 0.043 0.042 0.051  A 233022
   4306.81797  9.459  9.465  9.433  9.457  9.452    0.029 0.038 0.033 0.028 0.033  A 233381
   4308.81301  9.500  9.507  9.494  9.504  9.488    0.094 0.079 0.083 0.085 0.102  D 233709
   4310.82518  9.456  9.441  9.467  9.459  9.451    0.071 0.054 0.059 0.065 0.077  B 233960
   4312.81812  9.394  9.386  9.381  9.391  9.388    0.063 0.055 0.048 0.052 0.074  B 234286
   4329.79296  9.073  9.085  9.048  9.063  9.066    0.045 0.049 0.043 0.041 0.050  A 235192
   4331.77644  9.160  9.092  9.154  9.149  9.157    0.062 0.041 0.045 0.052 0.067  B 235545
   4333.76462  9.051  9.070  9.037  9.048  9.048    0.038 0.041 0.038 0.034 0.042  A 235900
   4336.76143  9.052  9.048  9.025  9.044  9.051    0.039 0.041 0.038 0.034 0.043  A 236244
   4339.73883  9.037  9.042  9.029  9.029  9.032    0.043 0.043 0.039 0.036 0.052  A 236623
   4344.81817  9.060  9.069  9.092  9.080  9.045    0.096 0.076 0.072 0.081 0.106  D 237502
   4346.85226  9.095  9.062  9.121  9.107  9.083    0.069 0.059 0.064 0.063 0.074  B 237853
   4349.70839  9.113  9.079  9.124  9.121  9.106    0.036 0.042 0.031 0.031 0.041  A 238315
   4351.73264  9.130  9.126  9.136  9.129  9.127    0.057 0.073 0.047 0.047 0.069  A 238629
   4354.69791  9.166  9.141  9.152  9.164  9.166    0.032 0.035 0.030 0.027 0.036  A 239018
   4357.68620  9.160  9.162  9.171  9.162  9.155    0.041 0.050 0.039 0.038 0.045  A 239479
   4359.77633  9.231  9.242  9.237  9.235  9.227    0.090 0.077 0.075 0.078 0.105  D 239843
   4362.67812  9.218  9.216  9.226  9.224  9.211    0.030 0.034 0.032 0.027 0.033  A 240186
   4364.68373  9.237  9.229  9.234  9.241  9.229    0.029 0.035 0.034 0.027 0.033  A 240518
   4367.65891  9.266  9.269  9.243  9.261  9.260    0.042 0.055 0.039 0.036 0.048  A 240852
   4372.75468  9.299  9.271  9.315  9.306  9.287    0.051 0.070 0.044 0.043 0.060  A 241670
   4375.75843  9.317  9.333  9.287  9.314  9.306    0.042 0.060 0.039 0.036 0.049  A 241998
   4378.62727  9.328  9.333  9.355  9.335  9.319    0.039 0.063 0.038 0.035 0.043  A 242416
   4380.71826  9.335  9.313  9.352  9.342  9.327    0.042 0.061 0.042 0.037 0.047  A 242746
   4382.74103  9.366  9.361  9.384  9.367  9.361    0.035 0.049 0.038 0.031 0.039  A 243058
   4384.76019  9.336  9.327  9.323  9.341  9.335    0.038 0.045 0.040 0.036 0.044  A 243370
   4387.60889  9.357  9.364  9.340  9.349  9.355    0.029 0.042 0.034 0.026 0.032  A 243797
   4389.61665  9.359  9.342  9.369  9.357  9.350    0.040 0.045 0.040 0.037 0.046  A 244099
   4393.60873  9.283  9.323  9.281  9.287  9.279    0.052 0.057 0.043 0.045 0.060  A 244638
   4399.72214  9.178  9.141  9.182  9.182  9.177    0.056 0.064 0.043 0.045 0.065  A 244860
   4403.57039  9.097  9.090  9.104  9.100  9.090    0.030 0.039 0.029 0.026 0.033  A 245236
   4407.57046  9.035  9.004  9.043  9.036  9.031    0.040 0.066 0.044 0.038 0.045  A 245554
   4409.64789  9.024  8.999  9.020  9.016  9.019    0.037 0.070 0.043 0.034 0.042  A 245864
   4413.62745  9.014  9.021  9.009  9.013  9.007    0.036 0.043 0.035 0.031 0.042  A 246244
   4420.61119  9.019  9.012  9.034  9.026  9.012    0.053 0.064 0.045 0.045 0.061  A 246450
   4422.66072  9.057  9.077  9.051  9.056  9.052    0.033 0.052 0.034 0.029 0.038  A 246662
   4427.59543  9.102  9.135  9.105  9.107  9.100    0.052 0.075 0.048 0.045 0.058  A 247041
   4429.62366  9.121  9.113  9.093  9.112  9.115    0.044 0.055 0.040 0.037 0.050  A 247295
   4432.59527  9.144  9.101  9.138  9.141  9.135    0.035 0.069 0.040 0.033 0.039  A 247654
   4437.57083  9.193  9.183  9.156  9.187  9.181    0.049 0.062 0.045 0.044 0.056  A 248256
   4440.56236  9.217  9.251  9.216  9.216  9.209    0.032 0.053 0.035 0.030 0.036  A 248639
   4443.58388  9.238  9.221  9.239  9.241  9.234    0.037 0.055 0.038 0.035 0.041  A 248964
   4457.56073  9.439  9.453  9.443  9.437  9.431    0.052 0.055 0.043 0.045 0.060  A 250540
   4460.56474  9.448  9.456  9.432  9.453  9.445    0.035 0.063 0.037 0.032 0.039  A 250888
   4463.54706  9.467  9.452  9.474  9.468  9.455    0.035 0.067 0.039 0.032 0.039  A 251277
   4467.53771  9.471  9.451  9.468  9.470  9.461    0.041 0.059 0.037 0.035 0.048  A 251721
   4470.53358 99.999 99.999 99.999 99.999 99.999    0.043 0.078 0.046 0.040 0.047  C 252068
#ndata= 18
#dataset= 2 ; 1 F0104+16_425
#desig= 003946+1412.1
#cra=    0.662756  00:39:45.9
#cdec=  14.201081 14:12:03.9
#class= 0
#cmag_0=  9.175
#cmer_0=  0.039
#nskip_0= 0
#cmag_1=  9.210
#cmer_1=  0.014
#nskip_1= 0
#cmag_2=  9.208
#cmer_2=  0.015
#nskip_2= 0
#cmag_3=  9.211
#cmer_3=  0.015
#nskip_3= 0
#cmag_4=  9.200
#cmer_4=  0.015
#nskip_4= 0
#ra=    0.662756  00:39:45.9
#dec=  14.201081 14:12:03.9
#     HJD      MAG_3  MAG_0  MAG_1  MAG_2  MAG_4    MER_3 MER_0 MER_1 MER_2 MER_4 GRADE FRAME
   3365.56609  9.200  9.216  9.188  9.187  9.180    0.046 0.076 0.045 0.041 0.051  A 125034
   3617.65862  9.229  9.180  9.215  9.225  9.217    0.040 0.040 0.035 0.035 0.046  A 157141
   3617.67438  9.219  9.168  9.219  9.217  9.210    0.040 0.043 0.037 0.035 0.045  A 157146
   3617.70501  9.217  9.208  9.223  9.215  9.210    0.038 0.042 0.035 0.033 0.044  A 157156
   3617.73576  9.213  9.182  9.217  9.218  9.201    0.038 0.045 0.034 0.033 0.043  A 157166
   3617.91961  9.244  9.183  9.256  9.248  9.227    0.051 0.046 0.042 0.043 0.059  A 157224
   3618.65609  9.207  9.219  9.207  9.200  9.193    0.040 0.043 0.032 0.033 0.046  A 157289
   3618.68443  9.195  9.207  9.210  9.196  9.181    0.037 0.042 0.032 0.033 0.042  A 157299
   3618.71675  9.206  9.183  9.211  9.209  9.196    0.037 0.040 0.032 0.032 0.044  A 157309
   3618.74773  9.220  9.220  9.230  9.220  9.208    0.036 0.045 0.032 0.032 0.041  A 157319
   3618.77720  9.205  9.111  9.201  9.207  9.199    0.039 0.074 0.039 0.035 0.045  A 157329
   3618.80853  9.229  9.174  9.225  9.222  9.217    0.039 0.047 0.035 0.035 0.045  A 157339
   3618.84135  9.223  9.112  9.201  9.207  9.219    0.054 0.088 0.051 0.047 0.060  B 157349
   3618.87217  9.190  9.132  9.198  9.191  9.179    0.048 0.055 0.040 0.040 0.057  A 157359
   3618.90307  9.236  9.237  9.234  9.229  9.224    0.041 0.046 0.035 0.035 0.047  A 157369
   3619.68795  9.183  9.123  9.167  9.174  9.171    0.035 0.045 0.030 0.031 0.042  A 157443
   3619.71700  9.186  9.121  9.190  9.186  9.183    0.037 0.042 0.032 0.032 0.042  A 157453
   3619.74534  9.223  9.194  9.211  9.214  9.204    0.036 0.070 0.036 0.033 0.041  A 157463
