#ndata= 508
#dataset= 1 ; 1 F0100-64_037
#desig= 004556-6404.0
#cra=    0.765654  00:45:56.4
#cdec= -64.067238 -64:04:02.1
#class= 0
#cmag_0= 14.316
#cmer_0=  0.714
#nskip_0= 0
#cmag_1= 14.325
#cmer_1=  0.668
#nskip_1= 0
#cmag_2= 14.392
#cmer_2=  0.622
#nskip_2= 0
#cmag_3= 14.436
#cmer_3=  0.616
#nskip_3= 0
#cmag_4= 14.502
#cmer_4=  0.671
#nskip_4= 0
#ra=    0.765654  00:45:56.4
#dec= -64.067238 -64:04:02.1
#     HJD      MAG_0  MAG_1  MAG_2  MAG_3  MAG_4    MER_0 MER_1 MER_2 MER_3 MER_4 GRADE FRAME
   1879.54133 29.999 29.999 29.999 29.999 29.999    0.037 0.022 0.018 0.021 0.023  C 1759
   1919.57327 29.999 29.999 29.999 29.999 29.999    0.031 0.026 0.023 0.027 0.031  C 5276
   1922.53581 29.999 29.999 29.999 29.999 29.999    0.030 0.022 0.019 0.022 0.025  C 5731
   1928.54166 29.999 29.999 29.999 29.999 29.999    0.033 0.024 0.020 0.022 0.026  C 6737
   1949.52801 29.999 29.999 29.999 29.999 29.999    0.038 0.029 0.024 0.026 0.029  C 9146
   2070.84326 29.999 29.999 29.999 29.999 29.999    0.061 0.040 0.043 0.052 0.060  C 22607
   2082.89358 14.933 14.834 14.871 14.851 15.305    0.064 0.029 0.024 0.027 0.029  A 23475
   2104.84608 29.999 29.999 29.999 29.999 29.999    0.058 0.030 0.026 0.028 0.029  C 26098
   2117.80362 14.430 14.335 14.305 14.201 14.310    0.049 0.029 0.023 0.025 0.028  A 27378
   2133.77329 14.910 14.866 15.006 15.278 15.209    0.049 0.028 0.024 0.026 0.028  A 29057
   2135.77194 29.999 29.999 29.999 29.999 29.999    0.069 0.047 0.048 0.055 0.063  C 29485
   2136.76765 14.118 14.321 14.331 14.243 14.081    0.058 0.044 0.044 0.049 0.054  B 29697
   2156.69085 29.999 29.999 29.999 29.999 29.999    0.052 0.040 0.032 0.032 0.035  C 31672
   2168.70024 14.408 14.432 14.607 14.749 14.729    0.043 0.032 0.025 0.026 0.028  A 32293
   2170.74415 29.999 29.999 29.999 29.999 29.999    0.067 0.055 0.056 0.068 0.079  D 32508
   2171.69464 29.999 29.999 29.999 29.999 29.999    0.049 0.036 0.027 0.028 0.029  C 32627
   2173.68466 29.999 29.999 29.999 29.999 29.999    0.036 0.031 0.025 0.026 0.029  C 32999
   2174.68232 29.999 29.999 29.999 29.999 29.999    0.046 0.035 0.027 0.028 0.030  C 33173
   2178.66276 29.999 29.999 29.999 29.999 29.999    0.048 0.040 0.031 0.031 0.034  C 33611
   2180.58378 29.999 29.999 29.999 29.999 29.999    0.053 0.044 0.037 0.040 0.043  C 33767
   2183.61684 29.999 29.999 29.999 29.999 29.999    0.048 0.040 0.031 0.031 0.034  C 33879
   2185.64960 29.999 29.999 29.999 29.999 29.999    0.041 0.037 0.029 0.030 0.032  C 34272
   2194.64308 29.999 29.999 29.999 29.999 29.999    0.045 0.040 0.029 0.027 0.028  C 35653
   2197.63936 29.999 29.999 29.999 29.999 29.999    0.045 0.038 0.029 0.029 0.030  C 36145
   2202.63063 29.999 29.999 29.999 29.999 29.999    0.047 0.041 0.032 0.032 0.034  C 36909
   2206.61469 29.999 29.999 29.999 29.999 29.999    0.044 0.040 0.030 0.030 0.030  C 37478
   2207.61123 29.999 29.999 29.999 29.999 29.999    0.045 0.039 0.032 0.034 0.037  C 37649
   2211.57814 29.999 29.999 29.999 29.999 29.999    0.043 0.040 0.031 0.032 0.031  C 37827
   2213.57538 29.999 29.999 29.999 29.999 29.999    0.046 0.043 0.032 0.033 0.033  C 38062
   2215.61046 29.999 29.999 29.999 29.999 29.999    0.044 0.041 0.033 0.035 0.033  C 38392
   2216.60608 29.999 29.999 29.999 29.999 29.999    0.047 0.044 0.034 0.036 0.035  C 38560
   2222.59810 29.999 29.999 29.999 29.999 29.999    0.039 0.039 0.031 0.034 0.032  C 39169
   2225.59085 29.999 29.999 29.999 29.999 29.999    0.044 0.036 0.028 0.031 0.031  C 39490
   2226.59158 29.999 29.999 29.999 29.999 29.999    0.039 0.038 0.030 0.035 0.033  C 39645
   2229.58224 29.999 29.999 29.999 29.999 29.999    0.042 0.041 0.032 0.037 0.034  C 40119
   2233.57334 29.999 29.999 29.999 29.999 29.999    0.045 0.041 0.032 0.036 0.034  C 40608
   2236.55442 29.999 29.999 29.999 29.999 29.999    0.047 0.042 0.033 0.039 0.036  C 41072
   2249.60719 29.999 29.999 29.999 29.999 29.999    0.042 0.042 0.035 0.038 0.034  C 42683
   2260.57933 29.999 29.999 29.999 29.999 29.999    0.063 0.052 0.041 0.049 0.049  C 44214
   2262.57369 12.972 13.229 13.718 14.314 14.761    0.081 0.065 0.048 0.052 0.050  D 44517
   2446.83639 29.999 29.999 29.999 29.999 29.999    0.031 0.034 0.025 0.024 0.024  C 9342
   2452.82212 29.999 29.999 29.999 29.999 29.999    0.036 0.037 0.030 0.033 0.035  C 9529
   2468.90695 29.999 29.999 29.999 29.999 29.999    0.031 0.034 0.026 0.028 0.027  C 11830
   2473.87372 29.999 29.999 29.999 29.999 29.999    0.038 0.041 0.036 0.042 0.038  C 12786
   2493.79429 29.999 29.999 29.999 29.999 29.999    0.056 0.052 0.045 0.045 0.042  C 14542
   2495.72968 29.999 29.999 29.999 29.999 29.999    0.039 0.038 0.034 0.040 0.037  C 14841
   2499.77444 29.999 29.999 29.999 29.999 29.999    0.035 0.037 0.029 0.032 0.026  C 15706
   2501.77079 29.999 29.999 29.999 29.999 29.999    0.036 0.035 0.028 0.031 0.027  C 16067
   2502.77078 29.999 29.999 29.999 29.999 29.999    0.045 0.042 0.035 0.038 0.031  C 16279
   2503.77089 29.999 29.999 29.999 29.999 29.999    0.061 0.059 0.050 0.054 0.049  C 16483
   2521.83190 29.999 29.999 29.999 29.999 29.999    0.030 0.033 0.027 0.027 0.027  C 18479
   2526.82248 29.999 29.999 29.999 29.999 29.999    0.041 0.046 0.036 0.031 0.028  C 18922
   2540.65395 29.999 29.999 29.999 29.999 29.999    0.032 0.033 0.029 0.031 0.032  C 19718
   2545.75207 29.999 29.999 29.999 29.999 29.999    0.033 0.029 0.030 0.028 0.027  C 20221
   2554.62429 29.999 29.999 29.999 29.999 29.999    0.057 0.047 0.040 0.045 0.046  C 21503
   2560.67397 29.999 29.999 29.999 29.999 29.999    0.034 0.030 0.024 0.022 0.024  C 22422
   2564.67013 29.999 29.999 29.999 29.999 29.999    0.034 0.031 0.027 0.026 0.027  C 23107
   2565.69290 29.999 29.999 29.999 29.999 29.999    0.025 0.026 0.024 0.023 0.024  C 23295
   2578.66540 29.999 29.999 29.999 29.999 29.999    0.028 0.032 0.023 0.024 0.022  C 24958
   2620.55026 29.999 29.999 29.999 29.999 29.999    0.031 0.030 0.020 0.021 0.022  C 29434
   2624.62671 29.999 29.999 29.999 29.999 29.999    0.043 0.043 0.030 0.028 0.028  C 30247
   2627.63078 29.999 29.999 29.999 29.999 29.999    0.035 0.036 0.028 0.028 0.030  C 30569
   2634.57421 29.999 29.999 29.999 29.999 29.999    0.037 0.032 0.025 0.022 0.023  C 32051
   2642.60884 29.999 29.999 29.999 29.999 29.999    0.025 0.022 0.020 0.022 0.024  C 33255
   2658.61612 29.999 29.999 29.999 29.999 29.999    0.025 0.025 0.025 0.028 0.032  C 35591
   2669.53912 29.999 29.999 29.999 29.999 29.999    0.028 0.029 0.029 0.035 0.042  C 37390
   2677.53271 29.999 29.999 29.999 29.999 29.999    0.032 0.031 0.024 0.023 0.026  C 38760
   2681.54531 29.999 29.999 29.999 29.999 29.999    0.025 0.024 0.022 0.025 0.027  C 39420
   2686.53523 29.999 29.999 29.999 29.999 29.999    0.039 0.030 0.027 0.032 0.036  C 40319
   2688.54069 29.999 29.999 29.999 29.999 29.999    0.035 0.025 0.026 0.028 0.033  C 40685
   2693.52532 29.999 29.999 29.999 29.999 29.999    0.030 0.026 0.025 0.027 0.030  C 41536
   2759.92333 29.999 29.999 29.999 29.999 29.999    0.039 0.036 0.035 0.040 0.047  C 53343
   2763.92016 29.999 29.999 29.999 29.999 29.999    0.026 0.025 0.023 0.025 0.028  C 54147
   2767.91636 29.999 29.999 29.999 29.999 29.999    0.024 0.028 0.023 0.025 0.026  C 54621
   2829.93514 29.999 29.999 29.999 29.999 29.999    0.031 0.035 0.030 0.033 0.032  C 62411
   2836.89103 29.999 29.999 29.999 29.999 29.999    0.043 0.048 0.046 0.051 0.055  C 63782
   2839.88667 29.999 29.999 29.999 29.999 29.999    0.077 0.077 0.076 0.081 0.088  D 64213
   2851.87595 29.999 29.999 29.999 29.999 29.999    0.027 0.031 0.027 0.030 0.031  C 65542
   2854.76087 29.999 29.999 29.999 29.999 29.999    0.025 0.030 0.025 0.029 0.029  C 65934
   2871.82412 29.999 29.999 29.999 29.999 29.999    0.024 0.024 0.019 0.020 0.022  C 68029
   2874.77183 29.999 29.999 29.999 29.999 29.999    0.032 0.033 0.033 0.031 0.030  C 68419
   2883.73719 29.999 29.999 29.999 29.999 29.999    0.022 0.027 0.025 0.026 0.027  C 69662
   2885.69998 29.999 29.999 29.999 29.999 29.999    0.026 0.028 0.027 0.028 0.028  C 70052
   2893.63749 29.999 29.999 29.999 29.999 29.999    0.029 0.031 0.029 0.030 0.033  C 70879
   2898.70211 29.999 29.999 29.999 29.999 29.999    0.023 0.028 0.027 0.028 0.028  C 71897
   2905.77078 29.999 29.999 29.999 29.999 29.999    0.023 0.032 0.027 0.029 0.029  C 73037
   2912.71273 29.999 29.999 29.999 29.999 29.999    0.025 0.030 0.029 0.032 0.033  C 74132
   2921.74055 29.999 29.999 29.999 29.999 29.999    0.028 0.027 0.027 0.032 0.038  C 75124
   2926.72550 29.999 29.999 29.999 29.999 29.999    0.028 0.043 0.037 0.034 0.032  C 75854
   2934.69853 29.999 29.999 29.999 29.999 29.999    0.043 0.065 0.046 0.035 0.028  D 77275
   2940.58751 29.999 29.999 29.999 29.999 29.999    0.023 0.025 0.022 0.021 0.022  C 77981
   2944.77137 29.999 29.999 29.999 29.999 29.999    0.034 0.030 0.030 0.037 0.045  C 78584
   2946.61466 29.999 29.999 29.999 29.999 29.999    0.024 0.032 0.028 0.028 0.026  C 78817
   2953.73181 29.999 29.999 29.999 29.999 29.999    0.038 0.042 0.048 0.057 0.068  C 79869
   2957.76970 29.999 29.999 29.999 29.999 29.999    0.028 0.027 0.028 0.033 0.039  C 80429
   2964.57568 29.999 29.999 29.999 29.999 29.999    0.023 0.022 0.020 0.023 0.026  C 81320
   2966.59555 29.999 29.999 29.999 29.999 29.999    0.025 0.024 0.021 0.024 0.027  C 81614
   2970.59718 29.999 29.999 29.999 29.999 29.999    0.020 0.020 0.018 0.021 0.025  C 82109
   2974.75819 29.999 29.999 29.999 29.999 29.999    0.033 0.027 0.026 0.031 0.036  C 82622
   2980.69971 29.999 29.999 29.999 29.999 29.999    0.026 0.026 0.024 0.029 0.034  C 83402
   2982.71061 29.999 29.999 29.999 29.999 29.999    0.033 0.033 0.035 0.042 0.050  C 83678
   2987.56974 29.999 29.999 29.999 29.999 29.999    0.022 0.023 0.020 0.022 0.024  C 84281
   2991.67992 29.999 29.999 29.999 29.999 29.999    0.069 0.059 0.058 0.063 0.067  D 84797
   2993.69531 29.999 29.999 29.999 29.999 29.999    0.023 0.025 0.023 0.027 0.030  C 85080
   2996.60408 29.999 29.999 29.999 29.999 29.999    0.035 0.029 0.029 0.031 0.034  C 85432
   2998.61292 29.999 29.999 29.999 29.999 29.999    0.025 0.024 0.022 0.024 0.027  C 85711
   3005.59937 29.999 29.999 29.999 29.999 29.999    0.023 0.023 0.023 0.026 0.031  C 86447
   3009.65952 29.999 29.999 29.999 29.999 29.999    0.030 0.029 0.029 0.036 0.042  C 86981
   3011.65563 29.999 29.999 29.999 29.999 29.999    0.027 0.030 0.033 0.039 0.047  C 87256
   3013.65796 29.999 29.999 29.999 29.999 29.999    0.030 0.030 0.031 0.037 0.043  C 87522
   3019.59018 29.999 29.999 29.999 29.999 29.999    0.027 0.026 0.023 0.026 0.029  C 88123
   3023.59188 29.999 29.999 29.999 29.999 29.999    0.024 0.023 0.022 0.026 0.030  C 88280
   3031.55588 29.999 29.999 29.999 29.999 29.999    0.023 0.024 0.023 0.026 0.030  C 88822
   3036.57746 29.999 29.999 29.999 29.999 29.999    0.031 0.030 0.029 0.033 0.039  C 89347
   3041.54156 29.999 29.999 29.999 29.999 29.999    0.031 0.029 0.030 0.036 0.041  C 89664
   3050.52852 29.999 29.999 29.999 29.999 29.999    0.025 0.024 0.021 0.024 0.029  C 90824
   3059.50916 29.999 29.999 29.999 29.999 29.999    0.030 0.030 0.029 0.034 0.040  C 92039
   3062.51486 29.999 29.999 29.999 29.999 29.999    0.075 0.059 0.063 0.071 0.080  D 92441
   3067.50296 29.999 29.999 29.999 29.999 29.999    0.031 0.033 0.031 0.036 0.043  C 93002
   3156.93381 29.999 29.999 29.999 29.999 29.999    0.024 0.024 0.023 0.028 0.033  C 104270
   3163.87830 29.999 29.999 29.999 29.999 29.999    0.031 0.026 0.025 0.030 0.034  C 105105
   3170.87353 29.999 29.999 29.999 29.999 29.999    0.030 0.028 0.027 0.032 0.037  C 106090
   3366.68299 29.999 29.999 29.999 29.999 29.999    0.052 0.036 0.035 0.041 0.049  C 125184
   3395.59636 29.999 29.999 29.999 29.999 29.999    0.037 0.028 0.031 0.038 0.043  C 127251
   3404.58078 29.999 29.999 29.999 29.999 29.999    0.036 0.027 0.027 0.029 0.032  C 128387
   3413.53097 29.999 29.999 29.999 29.999 29.999    0.043 0.040 0.041 0.044 0.049  C 129741
   3418.53456 29.999 29.999 29.999 29.999 29.999    0.065 0.064 0.065 0.069 0.074  D 130541
   3432.50387 29.999 29.999 29.999 29.999 29.999    0.084 0.041 0.041 0.048 0.055  C 132479
   3438.49851 29.999 29.999 29.999 29.999 29.999    0.050 0.051 0.062 0.080 0.097  D 133141
   3522.88981 29.999 29.999 29.999 29.999 29.999    0.036 0.034 0.034 0.037 0.042  C 145098
   3544.87060 14.392 14.437 14.568 14.677 14.620    0.075 0.040 0.037 0.041 0.046  B 147778
   3563.87337 14.128 13.887 13.783 13.684 13.678    0.057 0.032 0.028 0.030 0.032  A 150164
   3568.91639 29.999 29.999 29.999 29.999 29.999    0.037 0.033 0.024 0.024 0.026  C 150474
   3571.84062 29.999 29.999 29.999 29.999 29.999    0.034 0.034 0.030 0.034 0.038  C 150970
   3595.81090 29.999 29.999 29.999 29.999 29.999    0.050 0.045 0.049 0.058 0.070  C 154878
   3618.72954 29.999 29.999 29.999 29.999 29.999    0.041 0.033 0.030 0.032 0.037  C 157314
   3621.71968 29.999 29.999 29.999 29.999 29.999    0.047 0.044 0.036 0.040 0.047  C 157767
   3631.72894 29.999 29.999 29.999 29.999 29.999    0.034 0.031 0.028 0.031 0.037  C 158986
   3633.77674 29.999 29.999 29.999 29.999 29.999    0.033 0.030 0.026 0.030 0.035  C 159263
   3636.75754 29.999 29.999 29.999 29.999 29.999    0.032 0.034 0.030 0.033 0.039  C 159623
   3648.64937 99.999 99.999 99.999 99.999 99.999    0.060 0.059 0.057 0.061 0.066  D 161035
   3650.70709 29.999 29.999 29.999 29.999 29.999    0.029 0.029 0.021 0.022 0.024  C 161335
   3652.70778 29.999 29.999 29.999 29.999 29.999    0.051 0.038 0.037 0.043 0.049  C 161627
   3662.75772 29.999 29.999 29.999 29.999 29.999    0.037 0.034 0.036 0.045 0.056  C 163107
   3673.56706 29.999 29.999 29.999 29.999 29.999    0.036 0.031 0.023 0.023 0.026  C 164522
   3700.59796 29.999 29.999 29.999 29.999 29.999    0.044 0.031 0.027 0.030 0.034  C 168028
   3707.69605 29.999 29.999 29.999 29.999 29.999    0.031 0.024 0.021 0.023 0.026  C 169003
   3720.66709 29.999 29.999 29.999 29.999 29.999    0.040 0.027 0.029 0.035 0.041  C 170448
   3728.63365 29.999 29.999 29.999 29.999 29.999    0.045 0.030 0.029 0.035 0.040  C 171411
   3746.61929 29.999 29.999 29.999 29.999 29.999    0.038 0.030 0.031 0.035 0.040  C 173669
   3752.60599 29.999 29.999 29.999 29.999 29.999    0.038 0.034 0.039 0.049 0.057  C 174506
   3773.55117 29.999 29.999 29.999 29.999 29.999    0.033 0.030 0.036 0.046 0.057  C 177330
   3776.54181 29.999 29.999 29.999 29.999 29.999    0.034 0.029 0.032 0.039 0.045  C 177764
   3779.54253 29.999 29.999 29.999 29.999 29.999    0.033 0.033 0.036 0.045 0.054  C 178221
   3783.54123 29.999 29.999 29.999 29.999 29.999    0.043 0.038 0.039 0.046 0.052  C 178639
   3791.51942 29.999 29.999 29.999 29.999 29.999    0.030 0.028 0.029 0.035 0.039  C 179361
   3794.51253 29.999 29.999 29.999 29.999 29.999    0.035 0.032 0.034 0.038 0.042  C 179796
   4134.58652 29.999 29.999 29.999 29.999 29.999    0.035 0.029 0.031 0.037 0.043  C 212710
   4285.87252 29.999 29.999 29.999 29.999 29.999    0.049 0.043 0.038 0.037 0.044  C 230061
   4361.69298 15.014 15.141 15.186 15.114 15.190    0.044 0.045 0.040 0.041 0.042  A 240044
#dataset= 1 ; 2 F0100-64_037
#desig= 004554-6404.0
#cra=    0.764949  00:45:53.8
#cdec= -64.066154 -64:03:58.2
#class= 0
#cmag_0= 14.275
#cmer_0=  0.407
#nskip_0= 0
#cmag_1= 14.328
#cmer_1=  0.460
#nskip_1= 1
#cmag_2= 14.394
#cmer_2=  0.519
#nskip_2= 0
#cmag_3= 14.452
#cmer_3=  0.619
#nskip_3= 1
#cmag_4= 14.536
#cmer_4=  0.753
#nskip_4= 0
#ra=    0.764949  00:45:53.8
#dec= -64.066154 -64:03:58.2
#     HJD      MAG_0  MAG_1  MAG_2  MAG_3  MAG_4    MER_0 MER_1 MER_2 MER_3 MER_4 GRADE FRAME
   1868.57131 14.343 14.439 14.364 14.268 14.290    0.051 0.024 0.020 0.022 0.025  A 53
   1869.55804 14.578 14.724 14.900 15.020 15.079    0.047 0.022 0.019 0.021 0.023  A 209
   1873.55412 29.999 29.999 29.999 29.999 29.999    0.069 0.030 0.026 0.028 0.030  C 807
   1875.55303 13.770 13.835 13.844 13.852 13.841    0.051 0.022 0.020 0.023 0.025  A 1129
   1877.54497 14.339 14.426 14.465 14.563 14.779    0.048 0.026 0.021 0.022 0.025  A 1447
   1881.53091 14.798 14.713 14.732 14.842 14.731    0.044 0.027 0.023 0.025 0.028  A 2067
   1885.52130 13.819 13.799 13.724 13.637 13.638    0.047 0.026 0.023 0.026 0.030  A 2374
   1887.54849 14.365 14.398 14.312 14.208 14.179    0.046 0.022 0.020 0.023 0.026  A 2705
   1889.56502 29.999 29.999 29.999 29.999 29.999    0.041 0.029 0.026 0.028 0.032  C 3032
   1900.56133 29.999 29.999 29.999 29.999 29.999    0.043 0.027 0.024 0.026 0.030  C 3320
   1905.58833 14.721 14.736 14.741 14.783 14.932    0.049 0.022 0.019 0.021 0.023  A 3969
   1914.56383 14.450 14.438 14.385 14.433 14.299    0.047 0.024 0.021 0.023 0.026  A 4738
   1925.53570 29.999 29.999 29.999 29.999 29.999    0.046 0.031 0.029 0.031 0.034  C 6235
   1931.54764 14.219 14.353 14.487 14.754 15.042    0.031 0.025 0.020 0.021 0.023  A 7225
   1934.54397 29.999 29.999 29.999 29.999 29.999    0.036 0.031 0.026 0.027 0.028  C 7716
   1939.53341 13.582 13.597 13.603 13.619 13.595    0.033 0.031 0.023 0.026 0.028  A 8354
   1963.50717 29.999 29.999 29.999 29.999 29.999    0.065 0.058 0.049 0.055 0.060  C 10757
   2052.93491 14.400 14.523 14.713 14.769 14.839    0.055 0.027 0.025 0.028 0.030  A 19947
   2054.89637 14.565 14.550 14.642 14.619 14.531    0.076 0.036 0.031 0.033 0.036  B 20361
   2056.88348 14.658 14.686 14.586 14.501 14.522    0.097 0.048 0.039 0.038 0.038  D 20805
   2058.90430 14.778 14.873 14.844 14.591 14.654    0.063 0.028 0.025 0.028 0.031  A 21256
   2067.84886 14.705 14.922 14.972 14.979 15.753    0.067 0.031 0.029 0.033 0.035  A 21941
   2068.84926 14.816 16.830 99.999 99.999 99.999    0.066 0.040 0.041 0.048 0.056  C 22167
   2069.84221 13.794 13.907 13.955 13.992 14.148    0.069 0.032 0.030 0.032 0.035  A 22387
   2080.83777 14.191 14.161 14.199 14.252 14.445    0.065 0.029 0.026 0.027 0.030  A 22985
   2085.89727 29.999 29.999 29.999 29.999 29.999    0.054 0.032 0.026 0.028 0.031  C 23931
   2087.84734 13.851 13.747 13.775 13.864 14.056    0.062 0.029 0.026 0.029 0.032  A 24354
   2088.86168 14.146 14.332 14.282 14.127 14.062    0.067 0.031 0.026 0.029 0.030  A 24589
   2093.89435 14.727 14.914 15.227 15.062 14.978    0.050 0.028 0.025 0.028 0.031  A 24886
   2094.82843 14.607 14.527 14.480 14.511 14.702    0.069 0.033 0.030 0.034 0.038  A 25082
   2095.80182 14.755 14.984 14.866 14.707 15.863    0.080 0.046 0.036 0.048 0.047  B 25297
   2103.76239 14.725 14.687 14.729 14.882 14.669    0.069 0.036 0.031 0.032 0.034  A 25865
   2105.84191 13.677 13.765 13.888 13.919 13.859    0.058 0.030 0.025 0.027 0.029  A 26319
   2106.86141 14.226 14.240 14.390 14.625 14.950    0.051 0.028 0.023 0.025 0.028  A 26530
   2113.86694 14.894 14.821 14.931 15.048 15.491    0.045 0.027 0.023 0.025 0.026  A 26648
   2115.76929 14.792 14.751 14.846 14.774 14.506    0.048 0.031 0.026 0.028 0.031  A 26922
   2116.81167 14.058 13.966 13.927 13.930 13.819    0.044 0.028 0.024 0.027 0.030  A 27163
   2128.71706 14.272 14.179 14.109 13.996 13.952    0.051 0.029 0.025 0.028 0.032  A 27974
   2129.73861 14.902 14.651 14.529 14.422 14.408    0.061 0.028 0.024 0.026 0.029  A 28198
   2130.75606 14.448 14.469 14.550 14.684 14.725    0.063 0.031 0.027 0.028 0.031  A 28422
   2131.76417 14.491 14.297 14.235 14.199 14.061    0.060 0.028 0.024 0.027 0.029  A 28625
   2132.77792 14.966 15.052 14.855 14.645 14.741    0.053 0.027 0.024 0.026 0.029  A 28843
   2134.77566 13.695 13.675 13.637 13.645 13.553    0.055 0.031 0.028 0.030 0.032  A 29272
   2144.74662 13.885 13.784 13.741 13.687 13.689    0.069 0.033 0.029 0.031 0.033  A 31052
   2167.68386 29.999 29.999 29.999 29.999 29.999    0.045 0.031 0.025 0.026 0.029  C 32118
   2169.71186 14.610 14.659 14.930 15.449 16.477    0.048 0.037 0.029 0.029 0.030  A 32451
   2172.71095 29.999 29.999 29.999 29.999 29.999    0.043 0.034 0.026 0.025 0.027  C 32822
   2184.63884 29.999 29.999 29.999 29.999 29.999    0.048 0.041 0.031 0.031 0.034  C 34081
   2186.68693 29.999 29.999 29.999 29.999 29.999    0.045 0.039 0.030 0.031 0.033  C 34403
   2190.56377 29.999 29.999 29.999 29.999 29.999    0.039 0.035 0.026 0.027 0.028  C 34907
   2191.64942 13.951 13.942 13.922 13.949 14.095    0.047 0.038 0.027 0.028 0.031  A 35120
   2192.64624 14.148 14.369 14.434 14.499 14.655    0.043 0.033 0.025 0.025 0.027  A 35293
   2193.64964 29.999 29.999 29.999 29.999 29.999    0.046 0.037 0.028 0.027 0.029  C 35477
   2195.64289 29.999 29.999 29.999 29.999 29.999    0.044 0.036 0.026 0.027 0.029  C 35830
   2196.64419 29.999 29.999 29.999 29.999 29.999    0.050 0.043 0.038 0.042 0.046  C 35963
   2198.63595 29.999 29.999 29.999 29.999 29.999    0.046 0.040 0.029 0.028 0.029  C 36315
   2199.63436 29.999 29.999 29.999 29.999 29.999    0.045 0.040 0.030 0.028 0.029  C 36494
   2201.62312 13.683 13.677 13.673 13.722 13.744    0.043 0.037 0.028 0.027 0.028  A 36738
   2203.62014 29.999 29.999 29.999 29.999 29.999    0.045 0.040 0.030 0.030 0.031  C 37078
   2204.61584 29.999 29.999 29.999 29.999 29.999    0.045 0.040 0.030 0.029 0.030  C 37203
   2214.60595 29.999 29.999 29.999 29.999 29.999    0.047 0.042 0.034 0.035 0.036  C 38223
   2217.60574 29.999 29.999 29.999 29.999 29.999    0.043 0.040 0.031 0.033 0.031  C 38727
   2219.57668 29.999 29.999 29.999 29.999 29.999    0.044 0.041 0.034 0.036 0.033  C 38888
   2224.58187 29.999 29.999 29.999 29.999 29.999    0.048 0.044 0.034 0.037 0.034  C 39323
   2227.58542 29.999 29.999 29.999 29.999 29.999    0.042 0.039 0.030 0.035 0.032  C 39795
   2228.58143 29.999 29.999 29.999 29.999 29.999    0.044 0.040 0.032 0.037 0.035  C 39956
   2230.57779 29.999 29.999 29.999 29.999 29.999    0.044 0.040 0.031 0.035 0.033  C 40282
   2232.56820 29.999 29.999 29.999 29.999 29.999    0.043 0.041 0.031 0.035 0.033  C 40445
   2235.56019 29.999 29.999 29.999 29.999 29.999    0.042 0.039 0.031 0.033 0.031  C 40912
   2237.56147 29.999 29.999 29.999 29.999 29.999    0.042 0.040 0.033 0.037 0.035  C 41232
   2239.56912 29.999 29.999 29.999 29.999 29.999    0.051 0.046 0.037 0.043 0.040  C 41394
   2241.54326 29.999 29.999 29.999 29.999 29.999    0.044 0.041 0.033 0.037 0.036  C 41700
   2243.54174 29.999 29.999 29.999 29.999 29.999    0.047 0.046 0.039 0.044 0.042  C 42015
   2247.58197 29.999 29.999 29.999 29.999 29.999    0.056 0.049 0.040 0.045 0.045  C 42309
   2251.59992 29.999 29.999 29.999 29.999 29.999    0.050 0.044 0.035 0.042 0.041  C 43001
   2255.59101 29.999 29.999 29.999 29.999 29.999    0.046 0.040 0.033 0.039 0.038  C 43609
   2257.58712 29.999 29.999 29.999 29.999 29.999    0.058 0.051 0.039 0.047 0.045  C 43928
   2444.84374 29.999 29.999 29.999 29.999 29.999    0.032 0.029 0.019 0.020 0.021  C 8968
   2465.85770 29.999 29.999 29.999 29.999 29.999    0.033 0.035 0.029 0.033 0.029  C 11155
   2467.84096 14.531 14.461 14.658 14.921 14.916    0.030 0.030 0.021 0.021 0.019  A 11585
   2470.82608 29.999 29.999 29.999 29.999 29.999    0.036 0.035 0.029 0.032 0.028  C 12078
   2471.91228 29.999 29.999 29.999 29.999 29.999    0.033 0.034 0.027 0.031 0.027  C 12594
   2481.83101 29.999 29.999 29.999 29.999 29.999    0.059 0.055 0.049 0.056 0.054  C 13033
   2482.71904 29.999 29.999 29.999 29.999 29.999    0.045 0.041 0.036 0.043 0.038  C 13191
   2486.79313 29.999 29.999 29.999 29.999 29.999    0.048 0.041 0.037 0.041 0.042  C 13391
   2487.80265 29.999 29.999 29.999 29.999 29.999    0.066 0.057 0.050 0.054 0.054  C 13551
   2489.76482 29.999 29.999 29.999 29.999 29.999    0.040 0.039 0.033 0.036 0.036  C 13903
   2490.79186 29.999 29.999 29.999 29.999 29.999    0.040 0.037 0.031 0.032 0.031  C 14133
   2496.77935 13.774 13.811 13.923 14.031 13.975    0.042 0.041 0.034 0.037 0.028  A 15073
   2498.76652 14.087 14.253 14.560 14.864 15.229    0.035 0.035 0.028 0.032 0.028  A 15493
   2520.69780 29.999 29.999 29.999 29.999 29.999    0.031 0.028 0.020 0.021 0.021  C 18226
   2544.71367 14.168 14.123 14.203 14.308 14.468    0.026 0.029 0.029 0.029 0.029  A 20015
   2552.81292 29.999 29.999 29.999 29.999 29.999    0.028 0.026 0.022 0.021 0.022  C 21219
   2556.68444 29.999 29.999 29.999 29.999 29.999    0.040 0.038 0.033 0.038 0.033  C 21711
   2558.70997 15.011 15.406 15.476 15.520 16.159    0.048 0.026 0.019 0.019 0.021  A 22078
   2559.67542 14.547 14.718 14.868 15.161 15.429    0.030 0.028 0.019 0.020 0.021  A 22244
   2561.66044 29.999 29.999 29.999 29.999 29.999    0.032 0.026 0.024 0.025 0.027  C 22564
   2562.66593 13.674 13.751 13.757 13.743 13.713    0.026 0.028 0.023 0.025 0.024  A 22747
   2563.67092 14.272 14.098 14.152 14.210 13.938    0.040 0.031 0.027 0.025 0.025  A 22928
   2566.70545 29.999 29.999 29.999 29.999 29.999    0.031 0.032 0.025 0.028 0.027  C 23479
   2622.57760 29.999 29.999 29.999 29.999 29.999    0.029 0.029 0.021 0.021 0.023  C 29942
   2629.63025 29.999 29.999 29.999 29.999 29.999    0.044 0.038 0.030 0.027 0.028  C 30870
   2636.60097 14.012 14.079 14.086 14.042 14.069    0.033 0.023 0.019 0.022 0.025  A 32366
   2638.61058 14.592 14.552 14.527 14.558 14.692    0.049 0.026 0.023 0.026 0.028  A 32661
   2640.61104 14.596 14.678 14.702 14.654 14.716    0.044 0.024 0.021 0.022 0.024  A 32971
   2644.60472 13.927 14.012 14.077 14.181 14.313    0.048 0.027 0.025 0.028 0.030  A 33558
   2646.58639 14.324 14.211 14.212 14.160 14.122    0.041 0.024 0.022 0.023 0.026  A 33852
   2649.58053 14.529 14.545 14.807 15.002 15.542    0.027 0.027 0.021 0.022 0.023  A 34103
   2651.58565 14.694 15.052 15.214 15.085 15.036    0.035 0.026 0.023 0.024 0.026  A 34415
   2653.59972 14.171 14.397 14.269 14.053 13.971    0.031 0.024 0.023 0.024 0.026  A 34728
   2655.61513 29.999 29.999 29.999 29.999 29.999    0.030 0.029 0.026 0.027 0.030  C 35224
   2660.61832 29.999 29.999 29.999 29.999 29.999    0.040 0.029 0.027 0.031 0.034  C 35932
   2662.61522 13.833 13.760 13.731 13.744 13.736    0.031 0.025 0.021 0.023 0.025  A 36272
   2665.53405 29.999 29.999 29.999 29.999 29.999    0.026 0.025 0.023 0.023 0.025  C 36757
   2667.54250 14.734 14.775 15.093 15.723 16.019    0.022 0.021 0.019 0.021 0.023  A 37065
   2673.54221 13.799 13.825 13.888 13.982 14.000    0.034 0.022 0.020 0.021 0.024  A 38058
   2675.53683 14.263 14.222 14.203 14.183 14.208    0.034 0.024 0.021 0.024 0.027  A 38415
   2683.55579 29.999 29.999 29.999 29.999 29.999    0.027 0.026 0.024 0.027 0.032  C 39781
   2691.51673 14.010 13.912 99.999 99.999 99.999    0.034 0.022 0.022 0.024 0.027  C 41232
   2696.51103 29.999 29.999 29.999 29.999 29.999    0.025 0.024 0.022 0.024 0.026  C 42048
   2698.51694 29.999 29.999 29.999 29.999 29.999    0.026 0.025 0.023 0.025 0.029  C 42459
   2701.50744 13.813 13.786 13.706 13.642 13.567    0.025 0.025 0.024 0.026 0.028  A 43031
   2755.92212 29.999 29.999 29.999 29.999 29.999    0.026 0.027 0.023 0.025 0.027  C 52581
   2776.91828 29.999 29.999 29.999 29.999 29.999    0.032 0.031 0.032 0.032 0.034  C 55426
   2809.84318 14.417 14.492 14.824 15.326 15.798    0.029 0.023 0.022 0.025 0.028  A 59591
   2811.88081 13.838 13.975 14.160 14.272 14.332    0.026 0.023 0.021 0.023 0.025  A 60058
   2813.88769 14.508 14.516 14.527 14.508 14.570    0.029 0.022 0.021 0.023 0.024  A 60518
   2831.86539 29.999 29.999 29.999 29.999 29.999    0.029 0.034 0.031 0.035 0.034  C 62827
   2834.80262 29.999 29.999 29.999 29.999 29.999    0.070 0.072 0.074 0.087 0.101  D 63406
   2841.83986 14.294 14.447 14.661 14.904 14.912    0.026 0.027 0.021 0.022 0.023  A 64612
   2844.89185 29.999 29.999 29.999 29.999 29.999    0.027 0.030 0.024 0.026 0.025  C 65109
   2859.78092 13.766 13.784 13.779 13.713 13.610    0.025 0.029 0.025 0.027 0.028  A 66601
   2861.76852 29.999 29.999 29.999 29.999 29.999    0.031 0.033 0.031 0.035 0.036  C 67017
   2879.74699 29.999 29.999 29.999 29.999 29.999    0.024 0.033 0.032 0.029 0.028  C 69300
   2886.80171 14.259 14.184 14.183 14.189 14.262    0.029 0.039 0.038 0.037 0.035  A 70307
   2896.70997 14.035 14.146 14.398 14.619 15.034    0.025 0.032 0.030 0.032 0.033  A 71502
   2908.70393 14.117 14.197 14.432 14.655 14.717    0.038 0.035 0.034 0.033 0.030  A 73439
   2910.74295 29.999 29.999 29.999 29.999 29.999    0.025 0.034 0.032 0.033 0.032  C 73768
   2915.68335 29.999 29.999 29.999 29.999 29.999    0.028 0.033 0.031 0.036 0.036  C 74404
   2917.60753 13.698 13.762 13.965 14.229 14.618    0.026 0.031 0.030 0.033 0.034  A 74752
   2918.75018 29.999 29.999 29.999 29.999 29.999    0.037 0.039 0.044 0.054 0.065  C 74937
   2923.72188 13.622 13.725 13.726 13.718 13.684    0.028 0.033 0.029 0.029 0.030  A 75493
   2928.72248 29.999 29.999 29.999 29.999 29.999    0.062 0.063 0.060 0.061 0.062  D 76226
   2930.71520 29.999 29.999 29.999 29.999 29.999    0.028 0.025 0.024 0.021 0.022  C 76572
   2932.70380 13.709 13.641 13.620 13.613 13.601    0.028 0.031 0.028 0.028 0.030  A 76923
   2936.70247 29.999 29.999 29.999 29.999 29.999    0.059 0.068 0.060 0.064 0.073  D 77627
   2942.61310 29.999 29.999 29.999 29.999 29.999    0.032 0.039 0.039 0.045 0.045  C 78192
   2943.65760 13.782 13.869 14.082 14.185 14.237    0.026 0.021 0.018 0.020 0.022  A 78371
   2947.81943 29.999 29.999 29.999 29.999 29.999    0.042 0.032 0.028 0.028 0.032  C 79082
   2951.71517 13.849 13.923 13.892 13.733 13.616    0.024 0.025 0.024 0.029 0.033  A 79594
   2955.77231 29.999 29.999 29.999 29.999 29.999    0.047 0.049 0.049 0.053 0.058  C 80140
   2962.54883 13.761 13.781 13.779 13.800 14.001    0.030 0.028 0.027 0.031 0.035  A 81028
   2968.60579 29.999 29.999 29.999 29.999 29.999    0.020 0.022 0.020 0.023 0.025  C 81893
   2972.63450 14.698 14.988 15.324 15.810 16.409    0.022 0.022 0.022 0.024 0.027  A 82385
   2976.67593 29.999 29.999 29.999 29.999 29.999    0.028 0.028 0.026 0.029 0.032  C 82868
   2978.68039 13.730 13.719 13.789 13.887 14.036    0.025 0.024 0.023 0.026 0.029  A 83145
   2985.55022 29.999 29.999 29.999 29.999 29.999    0.022 0.021 0.019 0.022 0.024  C 84008
   2989.65147 14.279 14.419 14.550 14.604 14.605    0.058 0.032 0.036 0.049 0.049  A 84529
   3001.58803 14.456 14.426 14.536 14.724 15.118    0.024 0.022 0.020 0.023 0.026  A 85970
   3007.61423 13.761 13.775 13.802 13.812 13.873    0.027 0.026 0.023 0.026 0.029  A 86713
   3017.58601 13.768 13.797 13.867 13.940 13.933    0.026 0.023 0.022 0.025 0.028  A 87856
   3028.56904 29.999 29.999 29.999 29.999 29.999    0.027 0.024 0.022 0.025 0.028  C 88548
   3033.57331 29.999 29.999 29.999 29.999 29.999    0.027 0.024 0.024 0.027 0.031  C 89004
   3044.53189 13.777 13.754 13.746 13.828 13.795    0.025 0.023 0.022 0.025 0.028  A 90021
   3047.53059 14.209 14.124 14.231 14.311 14.261    0.045 0.033 0.033 0.037 0.041  A 90429
   3053.52192 14.193 14.295 14.349 14.337 14.533    0.033 0.031 0.030 0.031 0.035  A 91230
   3125.92828 29.999 29.999 29.999 29.999 29.999    0.045 0.048 0.046 0.052 0.059  C 100818
   3130.92420 29.999 29.999 29.999 29.999 29.999    0.048 0.034 0.035 0.040 0.045  C 101586
   3142.92789 29.999 29.999 29.999 29.999 29.999    0.028 0.027 0.026 0.031 0.036  C 103208
   3166.90641 14.345 14.437 14.347 14.334 14.844    0.029 0.029 0.031 0.037 0.044  A 105502
   3175.92678 29.999 29.999 29.999 29.999 29.999    0.025 0.025 0.022 0.025 0.028  C 106687
   3179.86494 14.674 14.833 14.940 15.181 15.403    0.024 0.024 0.020 0.024 0.028  A 107280
   3183.89396 14.100 14.204 14.502 15.286 17.234    0.025 0.027 0.024 0.029 0.033  A 107742
   3187.84596 29.999 29.999 29.999 29.999 29.999    0.029 0.029 0.028 0.034 0.039  C 108346
   3191.85326 14.077 14.446 15.219 99.999 99.999    0.045 0.041 0.037 0.042 0.052  C 108800
   3211.92104 14.104 14.220 14.294 14.284 14.307    0.032 0.032 0.024 0.024 0.023  A 109540
   3358.57062 29.999 29.999 29.999 29.999 29.999    0.043 0.027 0.023 0.025 0.028  C 124679
   3363.62528 29.999 29.999 29.999 29.999 29.999    0.040 0.032 0.031 0.034 0.039  C 124943
   3382.58615 29.999 29.999 29.999 29.999 29.999    0.059 0.036 0.031 0.035 0.040  C 125610
   3398.57135 14.121 14.077 13.996 13.928 13.985    0.039 0.025 0.027 0.031 0.035  A 127612
   3410.54044 14.560 14.411 14.222 14.070 13.971    0.039 0.027 0.027 0.030 0.034  A 129315
   3415.54227 13.919 13.801 13.813 13.844 13.914    0.061 0.036 0.029 0.031 0.034  A 130074
   3425.52480 13.606 13.568 13.495 13.444 13.393    0.035 0.026 0.029 0.036 0.042  A 131635
   3427.52610 14.168 14.183 14.035 13.864 13.982    0.050 0.042 0.048 0.055 0.062  B 131970
   3483.91947 29.999 29.999 29.999 29.999 29.999    0.059 0.062 0.068 0.076 0.085  D 140590
   3511.92428 29.999 29.999 29.999 29.999 29.999    0.062 0.050 0.049 0.054 0.056  C 143769
   3525.91671 29.999 29.999 29.999 29.999 29.999    0.045 0.033 0.030 0.032 0.036  C 145588
   3529.88897 29.999 29.999 29.999 29.999 29.999    0.094 0.055 0.053 0.056 0.063  D 146277
   3552.86180 29.999 29.999 29.999 29.999 29.999    0.080 0.049 0.042 0.049 0.054  C 148543
   3556.86267 14.235 14.400 14.540 14.677 14.691    0.040 0.030 0.025 0.027 0.031  A 149141
   3560.83607 29.999 29.999 29.999 29.999 29.999    0.065 0.040 0.039 0.043 0.046  C 149628
   3574.82890 29.999 29.999 29.999 29.999 29.999    0.034 0.033 0.028 0.030 0.034  C 151352
   3577.82806 29.999 29.999 29.999 29.999 29.999    0.041 0.033 0.032 0.035 0.039  C 151869
   3581.87495 13.760 13.796 13.796 13.852 14.016    0.032 0.027 0.022 0.022 0.025  A 152530
   3584.81487 14.558 14.655 14.741 14.711 14.579    0.043 0.034 0.030 0.032 0.036  A 153065
   3587.79984 29.999 29.999 29.999 29.999 29.999    0.036 0.031 0.027 0.028 0.032  C 153578
   3590.79874 29.999 29.999 29.999 29.999 29.999    0.042 0.030 0.025 0.025 0.027  C 154067
   3597.81379 29.999 29.999 29.999 29.999 29.999    0.036 0.031 0.028 0.032 0.034  C 155189
   3601.72868 14.570 14.681 14.652 14.685 15.283    0.041 0.029 0.027 0.031 0.036  A 155587
   3603.82108 29.999 29.999 29.999 29.999 29.999    0.036 0.034 0.030 0.035 0.043  C 155945
   3615.82981 14.566 14.817 15.000 15.237 15.004    0.037 0.037 0.037 0.042 0.046  A 156968
   3624.76643 29.999 29.999 29.999 29.999 29.999    0.031 0.032 0.024 0.025 0.027  C 158089
   3626.76202 29.999 29.999 29.999 29.999 29.999    0.046 0.045 0.040 0.044 0.048  C 158361
   3629.71888 13.819 13.876 13.954 14.028 14.123    0.040 0.037 0.032 0.035 0.041  A 158645
   3639.67527 14.042 14.050 14.010 13.937 13.883    0.037 0.040 0.037 0.039 0.040  A 159949
   3642.69587 29.999 29.999 29.999 29.999 29.999    0.033 0.030 0.023 0.023 0.025  C 160337
   3644.77260 15.183 15.465 16.135 17.772 17.023    0.055 0.037 0.034 0.038 0.043  A 160653
   3654.68736 14.734 14.618 14.652 14.856 14.974    0.061 0.033 0.028 0.030 0.033  A 161897
   3656.66197 14.528 14.423 14.463 14.440 14.367    0.047 0.032 0.027 0.028 0.032  A 162186
   3658.66507 13.897 13.898 13.941 13.932 13.973    0.042 0.030 0.025 0.029 0.033  A 162483
   3660.69325 14.640 14.843 15.345 15.921 15.147    0.038 0.032 0.031 0.036 0.043  A 162801
   3665.59388 14.859 14.794 14.669 14.657 14.992    0.031 0.027 0.024 0.025 0.028  A 163491
   3668.67941 14.364 14.390 14.477 14.563 14.532    0.030 0.029 0.022 0.023 0.025  A 163844
   3670.73100 14.716 14.771 14.786 14.767 14.501    0.035 0.030 0.022 0.023 0.025  A 164145
   3675.64127 14.556 14.499 14.604 14.666 14.577    0.044 0.028 0.022 0.024 0.027  A 164833
   3677.77826 14.464 14.552 14.745 15.008 15.018    0.055 0.033 0.026 0.027 0.029  A 165163
   3702.73114 13.766 13.829 13.794 13.724 13.647    0.033 0.027 0.024 0.026 0.029  A 168332
   3705.62133 14.385 14.381 14.502 14.651 14.628    0.050 0.032 0.027 0.031 0.035  A 168702
   3711.69831 13.702 13.755 13.682 13.630 13.673    0.037 0.026 0.022 0.025 0.027  A 169285
   3713.65786 14.179 14.204 14.271 14.306 14.273    0.054 0.031 0.027 0.029 0.031  A 169547
   3715.69586 14.962 15.756 99.999 99.999 99.999    0.029 0.030 0.032 0.038 0.045  C 169846
   3718.58339 29.999 29.999 29.999 29.999 29.999    0.034 0.027 0.029 0.035 0.041  C 170182
   3726.57873 14.483 14.552 14.564 14.584 14.710    0.040 0.027 0.026 0.031 0.037  A 171117
   3732.59820 14.201 14.354 14.414 14.459 14.376    0.054 0.037 0.037 0.042 0.046  A 171809
   3735.60124 14.453 14.553 14.638 14.854 15.206    0.076 0.038 0.033 0.034 0.036  B 172200
   3738.56752 15.035 15.331 15.444 15.647 15.687    0.039 0.025 0.023 0.025 0.028  A 172606
   3740.61929 13.669 13.729 13.834 13.973 13.864    0.040 0.026 0.024 0.026 0.030  A 172901
   3743.60129 14.533 14.439 14.321 14.316 14.174    0.033 0.025 0.024 0.028 0.032  A 173267
   3749.59028 14.230 14.570 14.865 14.824 14.497    0.034 0.031 0.035 0.043 0.052  B 174080
   3755.56385 29.999 29.999 29.999 29.999 29.999    0.038 0.028 0.028 0.032 0.038  C 174896
   3758.56297 14.653 14.538 14.330 14.107 13.869    0.033 0.025 0.025 0.028 0.031  A 175318
   3761.56849 14.545 14.508 14.277 13.988 13.845    0.036 0.028 0.031 0.037 0.043  A 175716
   3764.55602 29.999 29.999 29.999 29.999 29.999    0.049 0.037 0.038 0.042 0.047  C 176127
   3767.54857 29.999 29.999 29.999 29.999 29.999    0.055 0.037 0.039 0.044 0.048  C 176543
   3770.54093 29.999 29.999 29.999 29.999 29.999    0.056 0.056 0.064 0.077 0.090  D 176940
   3788.51902 14.197 14.245 14.250 14.247 14.558    0.047 0.030 0.032 0.036 0.039  A 178939
   3798.50851 14.753 15.155 15.704 16.396 99.999    0.040 0.028 0.035 0.038 0.042  C 180358
   3851.92528 29.999 29.999 29.999 29.999 29.999    0.077 0.049 0.049 0.059 0.068  C 187535
   3860.92398 14.672 14.879 15.194 15.796 16.084    0.057 0.037 0.031 0.033 0.037  A 188927
   3864.92383 15.021 15.476 16.116 16.593 16.009    0.055 0.033 0.031 0.035 0.041  A 189635
   3868.91315 29.999 29.999 29.999 29.999 29.999    0.068 0.043 0.040 0.047 0.055  C 190289
   3872.90616 13.884 13.710 13.469 13.244 13.152    0.033 0.029 0.029 0.034 0.039  A 191023
   3877.89940 29.999 29.999 29.999 29.999 29.999    0.032 0.027 0.025 0.026 0.030  C 191579
   3888.90106 29.999 29.999 29.999 29.999 29.999    0.081 0.079 0.085 0.098 0.111  D 192918
   3892.87239 29.999 29.999 29.999 29.999 29.999    0.086 0.080 0.085 0.094 0.105  D 193604
   3898.90971 14.114 14.206 14.406 14.851 15.385    0.039 0.030 0.030 0.036 0.042  A 194444
   3902.88411 14.609 14.537 14.654 14.889 15.618    0.042 0.031 0.027 0.030 0.033  A 195117
   3905.90696 29.999 29.999 29.999 29.999 29.999    0.076 0.043 0.036 0.038 0.041  C 195692
   3909.86323 14.125 14.171 14.169 14.131 13.934    0.037 0.029 0.027 0.031 0.035  A 196451
   3913.92263 15.103 15.217 15.119 14.921 14.937    0.058 0.040 0.039 0.040 0.042  A 197031
   4090.59599 29.999 29.999 29.999 29.999 29.999    0.039 0.028 0.025 0.027 0.032  C 209245
   4092.66881 14.342 14.437 14.455 14.369 14.304    0.040 0.032 0.032 0.034 0.039  A 209526
   4104.58541 13.974 14.100 14.452 14.999 16.509    0.053 0.049 0.055 0.060 0.066  B 210681
   4106.63637 29.999 29.999 29.999 29.999 29.999    0.031 0.027 0.025 0.029 0.032  C 210960
   4109.64802 14.758 14.840 14.720 14.564 14.529    0.048 0.040 0.040 0.043 0.046  A 211249
   4125.56016 14.659 14.563 14.585 14.611 14.534    0.042 0.049 0.054 0.056 0.058  B 211509
   4127.56905 14.670 14.631 14.411 14.197 13.939    0.055 0.052 0.056 0.066 0.072  D 211774
   4129.58062 29.999 29.999 29.999 29.999 29.999    0.032 0.025 0.024 0.028 0.032  C 212044
   4132.54667 13.921 14.063 14.181 14.074 14.142    0.039 0.026 0.028 0.035 0.041  A 212415
   4137.55816 14.758 14.732 15.044 15.805 15.645    0.041 0.024 0.025 0.028 0.031  A 213104
   4153.51776 14.727 14.743 14.645 14.664 15.008    0.030 0.024 0.023 0.026 0.030  A 215234
   4160.50949 99.999 99.999 99.999 99.999 99.999    0.035 0.028 0.028 0.032 0.037  C 216260
   4164.50783 29.999 29.999 29.999 29.999 29.999    0.060 0.048 0.056 0.063 0.067  D 216861
   4229.92928 29.999 29.999 29.999 29.999 29.999    0.040 0.035 0.030 0.033 0.038  C 223616
   4233.92503 13.610 13.627 13.564 13.530 13.517    0.039 0.039 0.036 0.038 0.045  A 224317
   4255.90548 29.999 29.999 29.999 29.999 29.999    0.034 0.036 0.033 0.038 0.044  C 227168
   4268.92902 29.999 29.999 29.999 29.999 29.999    0.039 0.042 0.040 0.043 0.048  C 228082
   4273.85872 14.197 14.296 14.474 14.594 14.600    0.041 0.039 0.031 0.031 0.032  A 228572
   4278.90560 13.978 14.031 13.989 13.901 13.799    0.040 0.038 0.036 0.038 0.041  A 229227
   4290.86810 14.199 14.147 14.327 14.598 14.972    0.055 0.055 0.050 0.050 0.048  B 230577
   4293.86572 29.999 29.999 29.999 29.999 29.999    0.057 0.057 0.052 0.054 0.056  C 231133
   4296.85905 29.999 29.999 29.999 29.999 29.999    0.038 0.038 0.035 0.039 0.045  C 231646
   4299.85487 14.283 14.303 14.254 14.083 14.006    0.071 0.071 0.071 0.072 0.075  D 232191
   4301.84004 14.522 14.390 14.501 14.780 14.735    0.050 0.039 0.033 0.035 0.039  A 232539
   4304.77923 29.999 29.999 29.999 29.999 29.999    0.038 0.040 0.037 0.038 0.039  C 233005
   4306.81543 29.999 29.999 29.999 29.999 29.999    0.032 0.031 0.024 0.024 0.026  C 233380
   4308.81702 29.999 29.999 29.999 29.999 29.999    0.042 0.040 0.039 0.047 0.055  C 233710
   4310.83730 29.999 29.999 29.999 29.999 29.999    0.035 0.034 0.028 0.031 0.037  C 233964
   4312.84122 29.999 29.999 29.999 29.999 29.999    0.058 0.054 0.054 0.059 0.070  C 234293
   4316.76667 29.999 29.999 29.999 29.999 29.999    0.039 0.034 0.028 0.030 0.034  C 234689
   4319.86745 29.999 29.999 29.999 29.999 29.999    0.032 0.030 0.025 0.027 0.031  C 235063
   4329.83570 29.999 29.999 29.999 29.999 29.999    0.040 0.040 0.035 0.037 0.039  C 235207
   4331.81332 29.999 29.999 29.999 29.999 29.999    0.034 0.033 0.025 0.025 0.026  C 235558
   4333.78259 29.999 29.999 29.999 29.999 29.999    0.044 0.045 0.047 0.056 0.062  C 235907
   4336.78155 14.206 14.725 14.626 14.796 14.842    0.036 0.036 0.030 0.032 0.033  A 236252
   4339.74308 29.999 29.999 29.999 29.999 29.999    0.031 0.033 0.027 0.029 0.033  C 236625
   4341.75903 29.999 29.999 29.999 29.999 29.999    0.049 0.047 0.047 0.053 0.058  C 236966
   4343.79267 29.999 29.999 29.999 29.999 29.999    0.047 0.043 0.042 0.046 0.051  C 237331
   4345.79590 14.279 14.202 14.298 14.479 14.433    0.046 0.046 0.046 0.050 0.055  B 237658
   4347.81627 14.526 14.640 14.612 14.406 14.416    0.077 0.059 0.063 0.083 0.095  D 238019
   4350.72091 29.999 29.999 29.999 29.999 29.999    0.040 0.033 0.028 0.030 0.035  C 238477
   4353.71065 29.999 29.999 29.999 29.999 29.999    0.032 0.030 0.024 0.025 0.028  C 238882
   4355.76843 29.999 29.999 29.999 29.999 29.999    0.031 0.031 0.026 0.027 0.029  C 239218
   4358.69794 29.999 29.999 29.999 29.999 29.999    0.039 0.035 0.029 0.029 0.031  C 239651
   4363.72331 14.194 14.216 14.135 14.069 14.177    0.033 0.032 0.024 0.026 0.028  A 240368
   4365.71576 14.359 14.563 14.774 14.983 15.282    0.032 0.031 0.026 0.028 0.032  A 240677
   4367.79969 29.999 29.999 29.999 29.999 29.999    0.043 0.038 0.033 0.038 0.045  C 240900
   4369.79646 29.999 29.999 29.999 29.999 29.999    0.038 0.038 0.033 0.036 0.043  C 241196
   4371.81801 13.766 13.732 13.704 13.692 13.658    0.033 0.032 0.030 0.035 0.039  A 241534
   4374.79502 29.999 29.999 29.999 29.999 29.999    0.043 0.046 0.045 0.052 0.061  C 241866
   4377.64655 14.496 14.440 14.533 14.622 14.766    0.038 0.029 0.025 0.026 0.029  A 242264
   4379.69946 14.446 14.499 14.486 14.396 14.261    0.030 0.031 0.026 0.027 0.028  A 242594
   4381.72827 14.169 14.104 14.056 14.013 13.954    0.063 0.045 0.044 0.047 0.048  A 242904
   4383.80046 29.999 29.999 29.999 29.999 29.999    0.057 0.057 0.056 0.060 0.051  D 243234
   4386.61411 14.392 14.394 14.482 14.558 14.569    0.030 0.029 0.023 0.024 0.028  A 243643
   4388.66895 29.999 29.999 29.999 29.999 29.999    0.031 0.032 0.025 0.026 0.027  C 243975
   4392.63807 13.608 13.587 13.537 13.406 13.350    0.042 0.031 0.025 0.027 0.030  A 244517
   4398.73877 29.999 29.999 29.999 29.999 29.999    0.038 0.032 0.031 0.036 0.042  C 244750
   4400.71975 13.384 13.410 13.258 12.969 12.961    0.082 0.055 0.056 0.068 0.078  D 244998
   4403.74735 14.624 14.653 14.670 14.587 14.636    0.040 0.031 0.029 0.031 0.035  A 245297
   4407.74219 29.999 29.999 29.999 29.999 29.999    0.038 0.035 0.032 0.036 0.042  C 245615
   4410.61542 14.604 14.729 14.735 14.586 14.471    0.066 0.040 0.033 0.034 0.037  A 245962
   4413.65723 14.953 15.262 15.643 15.995 16.796    0.036 0.038 0.038 0.042 0.044  A 246256
   4418.78770 14.425 14.525 14.668 14.606 14.360    0.059 0.051 0.037 0.037 0.040  B 246352
   4421.66606 14.541 14.613 14.709 14.839 15.037    0.049 0.044 0.031 0.026 0.029  A 246553
   4423.68902 29.999 29.999 29.999 29.999 29.999    0.033 0.029 0.028 0.033 0.038  C 246760
   4426.76655 13.567 13.496 13.482 13.585 13.734    0.083 0.057 0.057 0.067 0.080  D 246982
   4429.59071 13.716 13.679 13.656 13.638 13.744    0.032 0.031 0.029 0.032 0.036  A 247285
   4431.66932 29.999 29.999 29.999 29.999 29.999    0.030 0.031 0.028 0.031 0.036  C 247543
   4433.76419 29.999 29.999 29.999 29.999 29.999    0.059 0.036 0.029 0.031 0.034  C 247836
   4436.63511 14.667 14.643 14.580 14.489 14.502    0.055 0.036 0.031 0.032 0.035  A 248156
   4438.71505 14.429 14.429 14.310 14.204 14.223    0.050 0.038 0.036 0.040 0.044  A 248431
   4444.62678 15.089 15.272 15.510 15.816 15.695    0.097 0.065 0.049 0.048 0.047  D 249083
   4452.58936 29.999 29.999 29.999 29.999 29.999    0.047 0.038 0.038 0.039 0.043  C 250003
   4454.62196 29.999 29.999 29.999 29.999 29.999    0.048 0.045 0.049 0.055 0.061  C 250234
   4456.67322 29.999 29.999 29.999 29.999 29.999    0.042 0.042 0.045 0.056 0.069  C 250463
   4459.60868 29.999 29.999 29.999 29.999 29.999    0.037 0.032 0.033 0.039 0.048  C 250800
   4462.59932 29.999 29.999 29.999 29.999 29.999    0.031 0.029 0.025 0.029 0.033  C 251164
   4464.67170 13.629 13.606 13.625 13.655 13.668    0.043 0.033 0.031 0.033 0.037  A 251426
   4467.60216 14.415 14.615 14.980 16.181 99.999    0.051 0.043 0.046 0.050 0.054  C 251744
   4470.60429 29.999 29.999 29.999 29.999 29.999    0.078 0.081 0.082 0.084 0.086  D 252089
   4474.60587 13.796 13.734 13.757 13.817 13.845    0.030 0.027 0.026 0.030 0.037  A 252465
   4477.57830 14.450 14.623 14.859 15.093 14.954    0.056 0.043 0.047 0.052 0.054  B 252758
   4480.56020 29.999 29.999 29.999 29.999 29.999    0.055 0.038 0.041 0.048 0.057  C 253111
   4483.57549 29.999 29.999 29.999 29.999 29.999    0.034 0.029 0.028 0.032 0.037  C 253438
   4486.59387 29.999 29.999 29.999 29.999 29.999    0.039 0.035 0.037 0.044 0.051  C 253694
   4489.56553 29.999 29.999 29.999 29.999 29.999    0.036 0.030 0.028 0.031 0.037  C 254038
   4491.60840 14.510 14.620 14.581 14.329 14.555    0.037 0.031 0.027 0.031 0.037  A 254268
   4494.56007 13.954 13.912 13.867 13.859 13.746    0.050 0.049 0.029 0.032 0.035  A 254622
   4498.56205 29.999 29.999 29.999 29.999 29.999    0.031 0.029 0.025 0.027 0.032  C 254880
   4501.55427 29.999 29.999 29.999 29.999 29.999    0.044 0.035 0.035 0.044 0.054  C 255258
   4504.55425 29.999 29.999 29.999 29.999 29.999    0.036 0.036 0.039 0.046 0.056  C 255682
   4507.52842 29.999 29.999 29.999 29.999 29.999    0.041 0.034 0.034 0.040 0.047  C 256105
   4510.54104 29.999 29.999 29.999 29.999 29.999    0.042 0.039 0.042 0.049 0.057  C 256518
   4518.52163 29.999 29.999 29.999 29.999 29.999    0.040 0.033 0.032 0.038 0.044  C 257371
   4521.51554 13.913 13.917 13.917 13.902 13.949    0.037 0.028 0.026 0.031 0.035  A 257802
   4524.50849 29.999 29.999 29.999 29.999 29.999    0.041 0.036 0.036 0.042 0.050  C 258249
   4528.50826 29.999 29.999 29.999 29.999 29.999    0.041 0.034 0.033 0.038 0.044  C 258839
