#ndata= 1
#dataset= 1 ; 1 F0040-40_123
#desig= 004634-3330.9
#cra=    0.776073  00:46:33.9
#cdec= -33.515474 -33:30:55.7
#class= 0
#cmag_0= 13.026
#cmer_0=  0.000
#nskip_0= 0
#cmag_1= 13.035
#cmer_1=  0.000
#nskip_1= 0
#cmag_2= 13.049
#cmer_2=  0.000
#nskip_2= 0
#cmag_3= 13.087
#cmer_3=  0.000
#nskip_3= 0
#cmag_4= 13.137
#cmer_4=  0.000
#nskip_4= 0
#ra=    0.776073  00:46:33.9
#dec= -33.515474 -33:30:55.7
#     HJD      MAG_0  MAG_1  MAG_2  MAG_3  MAG_4    MER_0 MER_1 MER_2 MER_3 MER_4 GRADE FRAME
   2140.75004 13.027 13.035 13.050 13.088 13.137    0.068 0.033 0.027 0.030 0.033  A 30231
#ndata= 1
#dataset= 2 ; 1 F0000-32_158
#desig= 004634-3331.0
#cra=    0.776179  00:46:34.2
#cdec= -33.516015 -33:30:57.7
#class= 0
#cmag_0= 12.804
#cmer_0=  0.000
#nskip_0= 0
#cmag_1= 12.779
#cmer_1=  0.000
#nskip_1= 0
#cmag_2= 12.780
#cmer_2=  0.000
#nskip_2= 0
#cmag_3= 12.738
#cmer_3=  0.000
#nskip_3= 0
#cmag_4= 12.736
#cmer_4=  0.000
#nskip_4= 0
#ra=    0.776179  00:46:34.2
#dec= -33.516015 -33:30:57.7
#     HJD      MAG_0  MAG_1  MAG_2  MAG_3  MAG_4    MER_0 MER_1 MER_2 MER_3 MER_4 GRADE FRAME
   2521.74235 12.804 12.780 12.781 12.738 12.736    0.048 0.040 0.037 0.043 0.044  A 18440
#ndata= 436
#dataset= 3 ; 1 F0036-32_159
#desig= 004635-3331.0
#cra=    0.776381  00:46:35.0
#cdec= -33.517041 -33:31:01.3
#class= 0
#cmag_0= 12.818
#cmer_0=  0.109
#nskip_0= 0
#cmag_1= 12.823
#cmer_1=  0.097
#nskip_1= 0
#cmag_2= 12.875
#cmer_2=  0.130
#nskip_2= 0
#cmag_3= 12.928
#cmer_3=  0.151
#nskip_3= 0
#cmag_4= 12.906
#cmer_4=  0.098
#nskip_4= 0
#ra=    0.776381  00:46:35.0
#dec= -33.517041 -33:31:01.3
#     HJD      MAG_0  MAG_1  MAG_2  MAG_3  MAG_4    MER_0 MER_1 MER_2 MER_3 MER_4 GRADE FRAME
   2222.58917 12.760 12.748 12.832 12.895 12.829    0.042 0.038 0.031 0.038 0.035  A 39164
   2228.57915 12.606 12.611 12.647 12.682 12.691    0.044 0.038 0.032 0.041 0.039  A 39954
   2234.53717 13.089 13.112 13.148 13.206 13.199    0.044 0.039 0.033 0.039 0.037  A 40746
   2511.80296 29.999 29.999 29.999 29.999 29.999    0.052 0.052 0.046 0.050 0.052  C 17160
   2529.68436 29.999 29.999 29.999 29.999 29.999    0.054 0.046 0.035 0.037 0.035  C 19096
   2960.64390 29.999 29.999 29.999 29.999 29.999    0.067 0.088 0.088 0.088 0.081  D 80780
   3163.91064 29.999 29.999 29.999 29.999 29.999    0.028 0.026 0.026 0.029 0.035  C 105116
   3629.70916 29.999 29.999 29.999 29.999 29.999    0.037 0.033 0.029 0.034 0.039  C 158641
   3647.82070 29.999 29.999 29.999 29.999 29.999    0.028 0.027 0.021 0.024 0.027  C 160936
   3906.87229 29.999 29.999 29.999 29.999 29.999    0.029 0.024 0.023 0.026 0.029  C 195872
#dataset= 3 ; 2 F0036-32_159
#desig= 004634-3330.9
#cra=    0.776047  00:46:33.8
#cdec= -33.515221 -33:30:54.8
#class= 0
#cmag_0= 12.679
#cmer_0=  0.251
#nskip_0= 2
#cmag_1= 12.683
#cmer_1=  0.253
#nskip_1= 3
#cmag_2= 12.695
#cmer_2=  0.263
#nskip_2= 1
#cmag_3= 12.706
#cmer_3=  0.274
#nskip_3= 1
#cmag_4= 12.718
#cmer_4=  0.281
#nskip_4= 2
#ra=    0.776047  00:46:33.8
#dec= -33.515221 -33:30:54.8
#     HJD      MAG_0  MAG_1  MAG_2  MAG_3  MAG_4    MER_0 MER_1 MER_2 MER_3 MER_4 GRADE FRAME
   1868.55987 12.611 12.641 12.630 12.621 12.633    0.058 0.026 0.023 0.025 0.027  A 47
   1869.54434 12.643 12.616 12.603 12.594 12.611    0.047 0.020 0.019 0.021 0.024  A 202
   1871.59254 12.366 12.397 12.374 12.347 12.328    0.070 0.025 0.022 0.023 0.025  A 500
   1873.56952 12.356 12.390 12.416 12.457 12.501    0.059 0.025 0.021 0.023 0.025  A 813
   1875.55947 13.548 13.611 13.580 13.535 13.492    0.060 0.026 0.022 0.024 0.026  A 1131
   1877.56032 12.455 12.483 12.498 12.517 12.533    0.038 0.023 0.020 0.024 0.025  A 1453
   1879.52959 12.372 12.401 12.395 12.404 12.429    0.042 0.022 0.018 0.021 0.024  A 1753
   1881.53032 12.987 12.962 13.001 13.073 13.097    0.040 0.021 0.019 0.020 0.023  A 2066
   1885.53626 12.478 12.478 12.494 12.538 12.566    0.038 0.025 0.021 0.024 0.026  A 2380
   1887.56807 12.503 12.523 12.538 12.552 12.526    0.050 0.024 0.022 0.025 0.029  A 2713
   1889.57756 12.559 12.577 12.592 12.608 12.624    0.042 0.028 0.025 0.028 0.032  A 3037
   1900.58946 12.511 12.520 12.520 12.535 12.560    0.039 0.026 0.021 0.023 0.025  A 3332
   1903.60841 12.754 12.803 12.774 12.747 12.685    0.052 0.029 0.024 0.025 0.027  A 3656
   1906.55241 12.748 12.731 12.757 12.792 12.823    0.041 0.024 0.019 0.020 0.022  A 4116
   1920.54186 12.440 12.481 12.474 12.472 12.466    0.038 0.025 0.019 0.021 0.024  A 5422
   1924.52596 12.449 12.516 12.575 12.653 12.697    0.041 0.029 0.027 0.030 0.035  A 6061
   1928.52506 13.055 13.041 13.081 13.143 13.236    0.042 0.030 0.026 0.028 0.033  A 6730
   1932.52604 12.631 12.622 12.666 12.660 12.651    0.039 0.031 0.025 0.026 0.031  A 7380
   2026.92926 13.019 13.095 12.971 12.835 12.738    0.055 0.039 0.042 0.049 0.060  B 17537
   2031.92521 12.478 12.459 12.474 12.549 12.580    0.048 0.029 0.027 0.029 0.034  A 18141
   2034.90999 12.446 12.410 12.438 12.470 12.479    0.047 0.033 0.030 0.032 0.035  A 18775
   2040.90629 12.478 12.408 12.352 12.305 12.284    0.079 0.037 0.034 0.037 0.041  A 19578
   2053.87244 12.838 12.764 12.719 12.699 12.688    0.064 0.029 0.026 0.027 0.030  A 20126
   2054.94778 12.638 12.658 12.768 12.649 12.583    0.085 0.052 0.057 0.069 0.083  D 20384
   2056.90119 12.483 12.412 12.395 12.373 12.368    0.069 0.030 0.025 0.027 0.029  A 20812
   2067.85873 12.577 12.516 12.513 12.526 12.591    0.065 0.030 0.026 0.028 0.033  A 21946
   2068.86158 12.490 12.535 12.582 12.664 12.710    0.066 0.037 0.031 0.033 0.036  A 22173
   2069.85455 13.155 13.229 13.273 13.336 13.427    0.068 0.030 0.026 0.030 0.032  A 22393
   2070.85846 12.449 12.489 12.507 12.514 12.436    0.062 0.029 0.024 0.026 0.029  A 22614
   2080.84137 12.434 12.430 12.426 12.421 12.437    0.068 0.030 0.026 0.027 0.030  A 22987
   2085.90317 12.538 12.530 12.554 12.554 12.546    0.043 0.027 0.022 0.024 0.028  A 23934
   2087.85802 12.444 12.466 12.471 12.481 12.479    0.068 0.034 0.032 0.036 0.039  A 24359
   2088.87004 12.952 12.965 12.940 12.920 12.911    0.061 0.027 0.023 0.026 0.029  A 24593
   2093.88719 12.615 12.585 12.558 12.566 12.627    0.056 0.028 0.024 0.025 0.028  A 24883
   2094.83026 13.458 13.357 13.418 13.483 13.463    0.060 0.033 0.027 0.030 0.034  A 25083
   2095.80832 12.369 12.404 12.507 12.660 12.640    0.074 0.049 0.050 0.057 0.066  B 25300
   2103.76462 12.439 12.508 12.533 12.550 12.538    0.060 0.030 0.025 0.027 0.029  A 25866
   2104.84161 12.797 12.849 12.905 12.942 12.955    0.056 0.027 0.024 0.026 0.029  A 26096
   2105.83522 12.523 12.531 12.535 12.567 12.602    0.060 0.028 0.024 0.026 0.028  A 26316
   2106.84087 12.613 12.510 12.522 12.582 12.630    0.060 0.033 0.025 0.026 0.028  A 26521
   2113.85160 12.686 12.755 12.766 12.763 12.760    0.042 0.027 0.021 0.022 0.025  A 26641
   2116.80545 12.828 12.825 12.817 12.840 12.936    0.042 0.026 0.022 0.024 0.026  A 27160
   2117.79521 12.536 12.499 12.500 12.499 12.503    0.054 0.028 0.024 0.025 0.029  A 27374
   2129.84800 12.984 13.090 13.086 13.040 12.916    0.037 0.024 0.021 0.023 0.026  A 28245
   2130.75942 12.712 12.676 12.647 12.672 12.723    0.054 0.025 0.022 0.023 0.025  A 28423
   2131.75859 12.796 12.783 12.786 12.788 12.813    0.060 0.027 0.023 0.025 0.028  A 28622
   2132.76789 12.477 12.514 12.535 12.554 12.583    0.062 0.029 0.023 0.025 0.028  A 28838
   2133.76555 12.500 12.472 12.472 12.485 12.512    0.053 0.026 0.022 0.024 0.027  A 29053
   2134.77017 13.179 13.217 13.257 13.284 13.252    0.053 0.027 0.024 0.026 0.029  A 29269
   2135.75975 12.508 12.471 12.363 12.305 12.198    0.068 0.047 0.046 0.053 0.060  B 29479
   2136.75552 12.582 12.555 12.558 12.566 12.598    0.054 0.028 0.024 0.027 0.029  A 29691
   2141.75227 12.489 12.480 12.492 12.506 12.493    0.051 0.024 0.022 0.024 0.027  A 30444
   2144.74154 12.509 12.539 12.534 12.525 12.535    0.052 0.026 0.023 0.025 0.028  A 31049
   2156.77471 12.815 12.714 12.719 12.706 12.778    0.044 0.034 0.029 0.031 0.034  A 31706
   2164.69321 13.072 13.087 13.095 13.139 13.264    0.047 0.032 0.026 0.027 0.029  A 31931
   2167.67937 13.057 13.072 13.106 13.106 13.157    0.049 0.032 0.026 0.029 0.031  A 32115
   2168.68682 12.708 12.675 12.703 12.723 12.771    0.054 0.033 0.027 0.028 0.030  A 32286
   2169.69845 12.390 12.386 12.405 12.390 12.354    0.034 0.034 0.027 0.030 0.028  A 32444
   2170.73754 12.366 12.327 12.461 12.658 12.456    0.077 0.072 0.075 0.090 0.103  D 32504
   2171.68996 12.975 12.949 12.950 13.000 13.007    0.040 0.030 0.025 0.026 0.029  A 32624
   2173.67283 12.962 12.972 12.938 12.938 12.955    0.044 0.029 0.024 0.025 0.027  A 32994
   2174.68021 12.796 12.821 12.827 12.820 12.808    0.046 0.033 0.026 0.028 0.030  A 33171
   2175.65823 12.523 12.538 12.540 12.502 12.528    0.051 0.039 0.034 0.037 0.040  A 33306
   2177.64779 12.527 12.606 12.563 12.576 12.615    0.052 0.038 0.030 0.032 0.035  A 33430
   2183.72764 12.538 12.591 12.599 12.597 12.606    0.038 0.036 0.032 0.034 0.034  A 33926
   2185.64986 12.612 12.725 12.726 12.690 12.665    0.043 0.037 0.030 0.032 0.034  A 34271
   2186.67595 13.172 13.197 13.321 13.417 13.477    0.042 0.038 0.030 0.033 0.033  A 34397
   2188.67191 12.491 12.488 12.533 12.544 12.556    0.041 0.037 0.031 0.034 0.032  A 34706
   2190.60706 12.359 12.417 12.428 12.419 12.404    0.043 0.035 0.028 0.028 0.029  A 34925
   2191.64527 12.546 12.511 12.558 12.573 12.582    0.034 0.030 0.024 0.025 0.026  A 35117
   2192.64209 13.133 13.142 13.179 13.243 13.311    0.042 0.030 0.024 0.026 0.028  A 35290
   2193.64771 12.469 12.496 12.511 12.535 12.556    0.037 0.031 0.025 0.026 0.026  A 35475
   2194.62991 12.688 12.704 12.757 12.779 12.751    0.043 0.035 0.027 0.028 0.030  A 35646
   2195.63193 13.228 13.200 13.220 13.225 13.252    0.042 0.034 0.027 0.028 0.030  A 35824
   2196.64002 12.365 12.398 12.428 12.480 12.497    0.044 0.035 0.029 0.031 0.032  A 35960
   2197.62848 12.450 12.467 12.504 12.549 12.562    0.045 0.036 0.028 0.029 0.029  A 36139
   2198.62284 13.149 13.161 13.129 13.144 13.201    0.043 0.034 0.027 0.029 0.029  A 36308
   2199.62791 12.419 12.436 12.432 12.437 12.449    0.042 0.035 0.029 0.030 0.029  A 36490
   2201.60765 12.905 12.953 12.936 12.898 12.978    0.042 0.035 0.027 0.028 0.028  A 36730
   2202.61746 12.426 12.500 12.516 12.544 12.537    0.043 0.036 0.028 0.030 0.029  A 36902
   2203.61594 12.482 12.557 12.536 12.519 12.526    0.044 0.041 0.035 0.039 0.042  A 37075
   2204.60271 12.958 13.063 13.103 13.171 13.170    0.042 0.037 0.027 0.029 0.028  A 37196
   2206.60370 12.533 12.534 12.532 12.558 12.524    0.039 0.037 0.029 0.033 0.030  A 37472
   2207.60701 13.290 13.340 13.364 13.417 13.416    0.046 0.038 0.030 0.032 0.033  A 37646
   2211.62397 12.530 12.492 12.545 12.603 12.692    0.046 0.043 0.038 0.042 0.041  A 37846
   2213.57072 29.999 29.999 29.999 29.999 29.999    0.041 0.039 0.033 0.035 0.034  C 38059
   2214.59498 12.591 12.538 12.535 12.554 12.547    0.045 0.039 0.031 0.034 0.035  A 38217
   2215.59484 12.404 12.456 12.487 12.493 12.505    0.047 0.042 0.036 0.040 0.039  A 38384
   2216.59508 13.025 13.016 13.025 13.010 13.008    0.043 0.038 0.032 0.036 0.034  A 38554
   2217.59693 12.703 12.643 12.667 12.705 12.713    0.043 0.037 0.030 0.036 0.033  A 38722
   2219.56561 29.999 29.999 29.999 29.999 29.999    0.044 0.040 0.033 0.037 0.035  C 38882
   2221.58449 12.426 12.387 12.421 12.414 12.416    0.045 0.039 0.032 0.036 0.033  A 39007
   2225.59084 12.513 12.523 12.593 12.621 12.638    0.041 0.036 0.029 0.034 0.032  A 39489
   2226.58258 29.999 29.999 29.999 29.999 29.999    0.044 0.036 0.030 0.036 0.035  C 39640
   2227.58093 12.462 12.446 12.454 12.431 12.457    0.043 0.040 0.031 0.036 0.034  A 39792
   2230.54825 12.486 12.527 12.509 12.479 12.469    0.044 0.039 0.031 0.036 0.034  A 40268
   2232.56357 12.684 12.596 12.649 12.705 12.747    0.042 0.036 0.031 0.035 0.034  A 40442
   2235.55098 12.750 12.759 12.755 12.751 12.777    0.044 0.037 0.030 0.035 0.033  A 40907
   2236.54968 12.504 12.445 12.488 12.528 12.521    0.049 0.042 0.034 0.041 0.039  A 41069
   2239.54360 12.523 12.467 12.481 12.548 12.546    0.048 0.042 0.035 0.043 0.042  A 41382
   2241.54733 12.842 12.867 12.911 12.939 13.001    0.048 0.043 0.036 0.043 0.041  A 41701
   2243.55027 12.761 12.684 12.628 12.613 12.712    0.057 0.048 0.041 0.050 0.050  A 42018
   2248.53929 12.488 12.460 12.463 12.431 12.444    0.054 0.043 0.036 0.042 0.042  A 42455
   2250.59133 12.289 12.370 12.440 12.477 12.496    0.048 0.043 0.034 0.040 0.038  A 42835
   2252.58720 12.480 12.458 12.469 12.461 12.484    0.055 0.045 0.037 0.042 0.041  A 43157
   2254.57872 13.138 13.218 13.214 13.240 13.257    0.056 0.044 0.036 0.041 0.039  A 43445
   2256.57982 12.467 12.440 12.443 12.446 12.454    0.054 0.047 0.037 0.040 0.038  A 43762
   2258.58511 12.508 12.543 12.554 12.561 12.575    0.062 0.053 0.043 0.048 0.046  A 44088
   2263.58212 29.999 29.999 29.999 29.999 29.999    0.075 0.059 0.048 0.056 0.054  D 44683
   2266.53665 29.999 29.999 29.999 29.999 29.999    0.066 0.052 0.045 0.056 0.056  C 45095
   2271.53982 29.999 29.999 29.999 29.999 29.999    0.082 0.065 0.054 0.063 0.064  D 45523
   2446.84462 12.364 12.421 12.411 12.391 12.360    0.048 0.051 0.041 0.040 0.039  A 9346
   2467.83185 12.605 12.602 12.595 12.576 12.603    0.021 0.026 0.018 0.019 0.019  A 11581
   2471.88873 12.834 12.860 12.914 12.904 12.884    0.032 0.034 0.029 0.034 0.029  A 12584
   2482.73145 29.999 29.999 29.999 29.999 29.999    0.045 0.041 0.035 0.039 0.035  C 13196
   2489.75893 12.663 12.626 12.577 12.601 12.566    0.031 0.035 0.028 0.031 0.031  A 13900
   2493.77720 12.801 12.810 12.757 12.682 12.711    0.043 0.042 0.038 0.045 0.037  A 14534
   2498.75871 12.492 12.467 12.500 12.502 12.502    0.030 0.034 0.026 0.030 0.024  A 15489
   2499.76892 12.483 12.518 12.523 12.514 12.554    0.028 0.032 0.024 0.026 0.021  A 15703
   2501.75859 12.502 12.496 12.519 12.527 12.536    0.030 0.034 0.026 0.027 0.023  A 16061
   2502.76306 12.500 12.477 12.516 12.582 12.534    0.031 0.033 0.029 0.036 0.026  A 16275
   2503.76782 29.999 29.999 29.999 29.999 29.999    0.045 0.045 0.042 0.050 0.044  C 16481
   2520.77331 12.660 12.632 12.700 12.753 12.737    0.047 0.039 0.027 0.028 0.022  A 18257
   2521.74235 12.767 12.757 12.760 12.747 12.751    0.029 0.028 0.021 0.020 0.020  A 18440
   2526.79060 13.463 13.425 13.479 13.553 13.707    0.049 0.049 0.037 0.029 0.023  A 18907
   2538.87883 29.999 29.999 29.999 29.999 29.999    0.081 0.064 0.057 0.065 0.066  D 19434
   2540.63675 12.486 12.516 12.523 12.551 12.570    0.031 0.031 0.026 0.027 0.028  A 19710
   2544.70682 12.591 12.576 12.582 12.593 12.546    0.030 0.033 0.030 0.028 0.027  A 20011
   2545.74773 12.518 12.484 12.489 12.473 12.503    0.026 0.027 0.020 0.019 0.021  A 20218
   2552.76488 12.509 12.465 12.503 12.529 12.576    0.027 0.023 0.019 0.021 0.024  A 21198
   2553.81225 12.373 12.348 12.323 12.366 12.448    0.055 0.045 0.040 0.046 0.049  A 21397
   2556.61736 12.477 12.442 12.448 12.438 12.454    0.043 0.038 0.031 0.033 0.032  A 21681
   2558.67328 12.677 12.662 12.659 12.671 12.666    0.027 0.026 0.018 0.018 0.020  A 22061
   2558.75325 12.495 12.508 12.496 12.503 12.510    0.034 0.030 0.024 0.025 0.028  A 22095
   2559.66890 12.788 12.772 12.762 12.757 12.769    0.033 0.022 0.018 0.020 0.022  A 22240
   2560.66037 12.488 12.547 12.540 12.526 12.539    0.030 0.031 0.024 0.029 0.029  A 22415
   2561.65628 12.978 12.902 12.875 12.896 12.916    0.034 0.019 0.018 0.020 0.023  A 22561
   2562.64829 12.586 12.612 12.623 12.614 12.612    0.025 0.039 0.029 0.033 0.030  A 22738
   2565.80599 12.636 12.654 12.587 12.547 12.485    0.030 0.032 0.032 0.032 0.036  A 23343
   2578.68842 12.950 13.058 13.087 13.121 13.130    0.033 0.035 0.025 0.026 0.022  A 24967
   2620.57565 12.986 13.106 13.128 13.142 13.118    0.054 0.044 0.030 0.027 0.025  A 29444
   2624.64199 12.704 12.665 12.631 12.610 12.613    0.036 0.023 0.024 0.026 0.030  A 30253
   2627.65078 12.405 12.369 12.382 12.417 12.382    0.023 0.023 0.024 0.026 0.030  A 30577
   2629.64773 12.574 12.597 12.602 12.608 12.653    0.031 0.024 0.023 0.027 0.030  A 30877
   2634.59630 12.548 12.581 12.578 12.600 12.621    0.022 0.023 0.021 0.021 0.021  A 32060
   2636.61829 12.512 12.551 12.545 12.553 12.568    0.018 0.020 0.018 0.020 0.023  A 32373
   2638.62782 12.620 12.655 12.647 12.636 12.621    0.026 0.022 0.021 0.023 0.025  A 32668
   2640.62568 13.001 12.976 12.965 12.997 13.080    0.026 0.020 0.019 0.020 0.024  A 32977
   2642.62343 12.459 12.478 12.494 12.514 12.510    0.020 0.021 0.020 0.022 0.025  A 33261
   2644.61920 12.692 12.690 12.720 12.776 12.741    0.033 0.024 0.022 0.024 0.028  A 33564
   2649.53365 12.415 12.455 12.392 12.363 12.352    0.032 0.049 0.024 0.024 0.025  A 34083
   2651.55058 12.953 12.922 13.009 13.092 13.252    0.029 0.036 0.026 0.026 0.028  A 34400
   2653.57110 12.505 12.552 12.598 12.635 12.604    0.039 0.029 0.022 0.025 0.026  A 34716
   2655.59590 12.615 12.656 12.700 12.708 12.724    0.025 0.023 0.023 0.025 0.029  A 35216
   2659.54985 12.514 12.482 12.433 12.400 12.393    0.026 0.021 0.020 0.021 0.024  A 35732
   2661.54891 13.081 13.094 13.112 13.178 13.244    0.030 0.020 0.018 0.022 0.024  A 36074
   2663.55010 12.526 12.501 12.498 12.488 12.529    0.028 0.022 0.021 0.022 0.025  A 36413
   2665.55442 12.666 12.679 12.682 12.692 12.702    0.024 0.022 0.020 0.023 0.026  A 36766
   2667.55598 12.744 12.739 12.754 12.767 12.854    0.025 0.022 0.021 0.023 0.026  A 37071
   2669.55248 12.709 12.691 12.656 12.613 12.546    0.054 0.055 0.057 0.062 0.068  D 37396
   2672.53251 12.460 12.471 12.498 12.483 12.513    0.021 0.020 0.020 0.021 0.024  A 37881
   2675.52133 12.529 12.415 12.385 12.379 12.378    0.027 0.028 0.028 0.031 0.036  A 38409
   2677.52471 12.721 12.692 12.654 12.656 12.671    0.027 0.026 0.026 0.027 0.031  A 38757
   2681.52540 12.340 12.338 12.359 12.367 12.379    0.029 0.025 0.024 0.028 0.033  A 39412
   2759.92312 12.605 12.556 12.499 12.504 12.575    0.033 0.036 0.035 0.041 0.049  A 53344
   2763.92232 12.460 12.385 12.374 12.371 12.391    0.025 0.032 0.028 0.031 0.034  A 54149
   2767.92360 12.929 12.914 12.914 12.897 12.910    0.024 0.027 0.023 0.026 0.029  A 54625
   2783.90398 13.074 13.119 13.152 13.174 13.317    0.028 0.030 0.028 0.030 0.035  A 56044
   2785.87987 12.688 12.703 12.756 12.867 12.918    0.042 0.045 0.044 0.046 0.051  A 56453
   2809.84437 12.517 12.558 12.471 12.480 12.491    0.026 0.032 0.025 0.029 0.029  A 59592
   2812.84560 12.403 12.346 12.386 12.413 12.461    0.030 0.039 0.029 0.034 0.036  A 60271
   2816.93941 12.876 12.891 12.867 12.845 12.816    0.029 0.029 0.021 0.023 0.025  A 60985
   2820.86369 13.004 13.062 13.029 13.042 13.033    0.026 0.033 0.026 0.029 0.029  A 61606
   2829.92577 12.441 12.441 12.448 12.473 12.475    0.028 0.027 0.022 0.023 0.025  A 62407
   2831.85834 12.528 12.530 12.539 12.549 12.529    0.026 0.028 0.021 0.024 0.026  A 62824
   2836.85166 13.142 13.160 13.226 13.272 13.339    0.026 0.028 0.025 0.028 0.032  A 63765
   2839.88008 12.519 12.446 12.421 12.481 12.530    0.034 0.038 0.035 0.041 0.047  A 64210
   2841.82538 12.640 12.672 12.676 12.677 12.654    0.029 0.033 0.028 0.031 0.033  A 64606
   2844.85643 12.389 12.402 12.422 12.431 12.418    0.025 0.028 0.022 0.026 0.024  A 65094
   2851.86753 12.443 12.410 12.454 12.458 12.486    0.021 0.023 0.017 0.019 0.020  A 65538
   2854.75012 12.437 12.420 12.410 12.395 12.396    0.021 0.025 0.018 0.020 0.021  A 65929
   2859.77270 12.540 12.560 12.587 12.606 12.620    0.021 0.026 0.019 0.021 0.022  A 66597
   2861.76247 12.394 12.479 12.510 12.488 12.464    0.025 0.030 0.025 0.029 0.033  A 67014
   2871.84463 12.981 13.018 13.029 13.020 12.989    0.022 0.027 0.019 0.021 0.021  A 68037
   2874.76129 12.524 12.590 12.647 12.665 12.666    0.027 0.039 0.025 0.027 0.024  A 68414
   2876.75577 12.737 12.720 12.724 12.712 12.767    0.021 0.024 0.018 0.017 0.019  A 68809
   2883.73222 12.403 12.348 12.358 12.359 12.350    0.022 0.026 0.018 0.019 0.019  A 69659
   2885.69269 12.451 12.485 12.464 12.491 12.522    0.022 0.023 0.018 0.018 0.019  A 70048
   2893.75618 12.458 12.462 12.485 12.567 12.649    0.030 0.029 0.026 0.031 0.035  A 70926
   2894.69919 12.593 12.662 12.650 12.620 12.579    0.033 0.041 0.035 0.041 0.043  A 71103
   2894.86246 12.739 12.731 12.878 13.035 13.108    0.040 0.037 0.031 0.034 0.035  A 71165
   2898.69981 12.382 12.386 12.379 12.362 12.378    0.021 0.023 0.018 0.019 0.022  A 71895
   2900.69351 12.798 12.780 12.773 12.771 12.785    0.028 0.032 0.023 0.026 0.025  A 72248
   2903.77376 12.381 12.348 12.346 12.358 12.347    0.023 0.026 0.021 0.023 0.025  A 72722
   2905.74973 12.549 12.532 12.519 12.493 12.490    0.027 0.020 0.016 0.016 0.020  A 73027
   2908.69490 12.501 12.537 12.515 12.505 12.499    0.019 0.024 0.016 0.018 0.020  A 73434
   2910.73120 12.944 12.997 13.056 13.113 13.155    0.042 0.022 0.018 0.019 0.020  A 73762
   2915.66882 13.283 13.176 13.130 13.083 13.130    0.042 0.021 0.019 0.021 0.023  A 74397
   2918.68904 12.777 12.780 12.775 12.798 12.848    0.031 0.024 0.022 0.025 0.029  A 74911
   2921.72798 12.409 12.467 12.502 12.498 12.518    0.037 0.028 0.029 0.035 0.045  A 75118
   2926.72138 12.933 12.893 12.915 12.959 12.949    0.023 0.023 0.019 0.020 0.023  A 75851
   2928.71835 12.530 12.549 12.535 12.521 12.472    0.027 0.024 0.021 0.024 0.028  A 76223
   2930.71073 12.375 12.364 12.379 12.406 12.448    0.023 0.020 0.019 0.019 0.022  A 76569
   2932.69967 12.817 12.810 12.799 12.740 12.692    0.028 0.025 0.027 0.031 0.036  A 76920
   2934.69438 12.703 12.630 12.644 12.660 12.641    0.022 0.022 0.017 0.018 0.020  A 77272
   2936.69796 12.361 12.420 12.450 12.455 12.487    0.051 0.050 0.053 0.060 0.071  D 77624
   2940.57834 12.358 12.374 12.396 12.412 12.436    0.029 0.021 0.018 0.019 0.022  A 77976
   2943.58884 12.364 12.356 12.374 12.379 12.405    0.023 0.036 0.026 0.031 0.028  A 78342
   2944.73349 12.450 12.483 12.504 12.489 12.460    0.351 0.211 0.110 0.070 0.042  D 78567
   2946.60816 12.542 12.559 12.571 12.583 12.581    0.023 0.026 0.023 0.028 0.027  A 78813
   2948.60712 12.582 12.708 12.737 12.741 12.722    0.027 0.035 0.030 0.033 0.038  A 79126
   2950.63896 12.681 12.682 12.653 12.643 12.624    0.027 0.025 0.024 0.029 0.033  A 79444
   2954.65338 12.408 12.373 12.398 12.442 12.497    0.026 0.028 0.026 0.030 0.035  A 79947
   2958.64530 12.572 12.581 12.620 12.664 12.700    0.022 0.023 0.021 0.023 0.026  A 80526
   2962.65063 12.904 12.873 12.917 12.969 13.002    0.022 0.022 0.020 0.022 0.025  A 81067
   2964.65656 12.500 12.486 12.500 12.518 12.512    0.022 0.023 0.021 0.023 0.026  A 81352
   2966.66184 12.816 12.840 12.809 12.806 12.798    0.035 0.040 0.044 0.045 0.047  A 81640
   2968.66661 12.519 12.523 12.506 12.500 12.481    0.023 0.021 0.020 0.022 0.025  A 81917
   2973.55427 13.107 13.089 13.108 13.148 13.278    0.023 0.025 0.019 0.022 0.025  A 82435
   2975.57980 12.378 12.391 12.423 12.416 12.406    0.034 0.025 0.022 0.025 0.029  A 82692
   2977.60773 13.060 13.067 13.084 13.121 13.153    0.022 0.022 0.020 0.023 0.027  A 82974
   2979.62850 12.530 12.532 12.513 12.474 12.490    0.028 0.024 0.024 0.028 0.032  A 83251
   2981.64540 12.968 12.961 12.959 12.988 12.985    0.028 0.025 0.025 0.031 0.036  A 83513
   2983.66444 12.339 12.337 12.334 12.332 12.385    0.028 0.026 0.026 0.030 0.036  A 83788
   2991.54784 12.550 12.550 12.551 12.555 12.562    0.024 0.022 0.021 0.023 0.026  A 84744
   2993.58353 12.745 12.761 12.758 12.778 12.772    0.031 0.035 0.038 0.040 0.042  A 85035
   2995.63356 12.342 12.376 12.393 12.380 12.376    0.024 0.023 0.022 0.024 0.027  A 85308
   2997.65967 12.839 12.812 12.820 12.840 12.969    0.022 0.023 0.021 0.024 0.028  A 85593
   3006.58168 12.781 12.797 12.809 12.833 12.869    0.028 0.027 0.027 0.032 0.038  A 86567
   3008.60993 12.516 12.550 12.592 12.640 12.685    0.026 0.027 0.027 0.030 0.035  A 86832
   3011.58093 12.551 12.550 12.558 12.597 12.587    0.029 0.029 0.029 0.033 0.040  A 87227
   3016.60285 12.740 12.705 12.697 12.701 12.773    0.030 0.038 0.040 0.043 0.048  A 87731
   3019.56027 12.466 12.436 12.419 12.432 12.437    0.032 0.034 0.035 0.038 0.044  A 88111
   3030.53184 13.290 13.255 13.296 13.314 13.300    0.023 0.024 0.024 0.027 0.032  A 88694
   3033.54197 13.253 13.207 13.203 13.285 13.408    0.031 0.030 0.030 0.036 0.043  A 88992
   3037.54302 12.622 12.620 12.583 12.563 12.566    0.027 0.030 0.027 0.030 0.036  A 89451
   3042.52053 13.000 13.033 13.149 13.251 13.305    0.029 0.031 0.030 0.034 0.040  A 89755
   3046.51714 12.671 12.692 12.653 12.652 12.680    0.029 0.032 0.030 0.036 0.043  A 90295
   3130.92440 12.807 12.855 12.802 12.672 12.566    0.053 0.051 0.050 0.055 0.058  B 101587
   3157.91721 12.527 12.502 12.479 12.470 12.421    0.035 0.042 0.047 0.053 0.058  B 104323
   3171.88646 13.345 13.247 13.236 13.297 13.307    0.033 0.034 0.034 0.040 0.048  A 106264
   3177.93468 12.540 12.500 12.502 12.489 12.425    0.041 0.044 0.045 0.055 0.063  B 106999
   3180.90085 12.537 12.556 12.563 12.551 12.564    0.021 0.022 0.021 0.023 0.026  A 107432
   3185.88375 12.418 12.396 12.417 12.440 12.532    0.029 0.026 0.025 0.029 0.034  A 108017
   3193.93136 12.397 12.395 12.381 12.376 12.341    0.043 0.032 0.027 0.030 0.035  A 108990
   3266.72098 13.079 13.069 13.087 13.085 13.053    0.039 0.030 0.023 0.025 0.026  A 115215
   3270.68296 12.586 12.560 12.507 12.471 12.480    0.039 0.038 0.029 0.030 0.034  A 115811
   3276.74475 29.999 29.999 29.999 29.999 29.999    0.041 0.034 0.030 0.036 0.042  C 116602
   3278.83110 13.085 13.215 13.399 13.477 13.418    0.039 0.037 0.033 0.037 0.044  A 116889
   3291.77411 12.359 12.393 12.397 12.385 12.389    0.040 0.034 0.023 0.022 0.022  A 118183
   3298.63220 12.443 12.455 12.451 12.472 12.539    0.036 0.029 0.023 0.025 0.029  A 118801
   3356.60491 13.348 13.320 13.334 13.363 13.380    0.097 0.051 0.045 0.048 0.049  D 124463
   3359.59451 13.347 13.380 13.393 13.392 13.329    0.092 0.047 0.040 0.044 0.047  D 124793
   3362.62143 12.617 12.587 12.553 12.539 12.562    0.050 0.038 0.036 0.039 0.043  A 124832
   3385.54186 12.456 12.437 12.460 12.488 12.520    0.061 0.032 0.029 0.032 0.036  A 126002
   3387.56889 13.069 13.082 13.052 13.012 12.979    0.067 0.037 0.033 0.037 0.042  A 126295
   3390.55951 12.989 13.011 13.051 13.055 12.947    0.041 0.030 0.028 0.033 0.039  A 126695
   3394.55955 12.704 12.778 12.792 12.836 12.848    0.031 0.027 0.029 0.034 0.038  A 127114
   3397.55044 12.671 12.653 12.636 12.666 12.693    0.043 0.026 0.027 0.031 0.036  A 127472
   3400.54587 12.792 12.785 12.831 12.881 12.922    0.031 0.023 0.022 0.024 0.028  A 127879
   3404.53517 12.390 12.430 12.467 12.515 12.580    0.031 0.023 0.023 0.025 0.029  A 128371
   3411.51912 12.742 12.785 12.858 12.961 13.001    0.037 0.030 0.032 0.039 0.044  A 129439
   3512.89061 12.968 12.938 12.892 12.827 12.787    0.045 0.031 0.027 0.032 0.037  A 143945
   3526.88496 12.467 12.482 12.458 12.414 12.379    0.042 0.033 0.033 0.037 0.042  A 145765
   3541.88309 12.589 12.555 12.587 12.620 12.649    0.030 0.026 0.025 0.030 0.035  A 147324
   3544.90053 99.999 99.999 99.999 99.999 99.999    0.037 0.027 0.028 0.034 0.039  C 147788
   3552.86475 12.781 12.765 12.723 12.692 12.676    0.036 0.029 0.028 0.031 0.036  A 148544
   3560.82651 12.539 12.530 12.555 12.586 12.615    0.047 0.036 0.032 0.034 0.037  A 149625
   3563.84612 12.489 12.481 12.424 12.355 12.343    0.031 0.025 0.025 0.028 0.031  A 150155
   3568.90452 12.421 12.441 12.434 12.431 12.433    0.033 0.030 0.023 0.025 0.028  A 150470
   3570.88334 12.421 12.450 12.466 12.485 12.526    0.032 0.026 0.024 0.027 0.030  A 150839
   3573.84055 12.429 12.529 12.505 12.512 12.493    0.038 0.034 0.027 0.031 0.035  A 151179
   3576.82620 12.441 12.411 12.414 12.432 12.430    0.032 0.027 0.025 0.029 0.033  A 151710
   3579.87887 12.562 12.595 12.580 12.613 12.675    0.058 0.038 0.034 0.036 0.041  A 152237
   3583.83963 12.503 12.536 12.532 12.533 12.556    0.049 0.031 0.026 0.028 0.030  A 152904
   3586.80074 12.935 12.929 12.930 12.922 12.912    0.068 0.040 0.034 0.036 0.038  A 153404
   3589.79317 12.960 13.013 13.040 13.086 13.169    0.048 0.031 0.025 0.026 0.029  A 153895
   3592.78139 13.031 13.091 13.092 13.086 13.116    0.065 0.035 0.031 0.033 0.035  A 154408
   3596.82908 12.948 12.961 12.935 12.910 12.830    0.045 0.035 0.036 0.044 0.051  A 155023
   3603.73618 12.607 12.682 12.710 12.726 12.783    0.034 0.028 0.026 0.029 0.034  A 155916
   3615.87431 12.488 12.457 12.485 12.489 12.487    0.060 0.037 0.035 0.041 0.048  A 156981
   3618.71942 12.545 12.547 12.587 12.645 12.621    0.066 0.040 0.037 0.040 0.045  A 157310
   3621.70963 12.519 12.547 12.530 12.525 12.545    0.071 0.042 0.040 0.045 0.053  A 157763
   3624.75457 12.688 12.696 12.696 12.687 12.684    0.034 0.033 0.023 0.025 0.027  A 158084
   3626.75112 12.789 12.790 12.789 12.836 12.838    0.032 0.032 0.026 0.030 0.033  A 158357
   3631.72787 12.420 12.467 12.460 12.501 12.557    0.059 0.036 0.032 0.039 0.046  A 158985
   3633.76520 13.061 13.078 13.132 13.217 13.294    0.033 0.028 0.027 0.032 0.038  A 159259
   3636.75397 12.940 12.916 12.860 12.785 12.715    0.040 0.031 0.029 0.033 0.040  A 159621
   3639.66020 12.503 12.516 12.534 12.542 12.540    0.051 0.040 0.035 0.036 0.040  A 159944
   3641.85006 12.787 12.881 12.941 12.978 13.033    0.030 0.027 0.024 0.027 0.031  A 160245
   3644.64859 12.791 12.722 12.704 12.676 12.678    0.068 0.039 0.038 0.044 0.050  A 160610
   3650.63778 12.963 12.903 12.944 12.952 12.954    0.034 0.026 0.020 0.022 0.024  A 161310
   3652.67104 12.494 12.480 12.481 12.502 12.516    0.081 0.041 0.035 0.037 0.040  B 161614
   3654.66971 12.700 12.690 12.672 12.618 12.574    0.070 0.036 0.032 0.034 0.038  A 161890
   3656.64938 13.173 13.157 13.152 13.166 13.117    0.032 0.026 0.024 0.026 0.029  A 162181
   3658.66432 12.500 12.522 12.491 12.460 12.430    0.035 0.027 0.028 0.032 0.035  A 162482
   3660.69249 12.969 12.976 12.951 12.955 12.998    0.054 0.037 0.034 0.041 0.047  A 162800
   3662.75460 13.242 13.241 13.235 13.160 13.129    0.053 0.039 0.041 0.049 0.059  B 163105
   3664.77030 12.551 12.574 12.657 12.742 12.851    0.057 0.034 0.031 0.033 0.037  A 163400
   3668.65177 12.603 12.541 12.564 12.575 12.573    0.032 0.027 0.022 0.023 0.025  A 163834
   3670.68778 13.113 13.138 13.176 13.187 13.190    0.032 0.026 0.022 0.024 0.027  A 164130
   3672.76837 12.861 12.900 12.891 12.895 12.866    0.035 0.027 0.025 0.029 0.033  A 164442
   3675.60522 12.651 12.667 12.685 12.712 12.733    0.031 0.023 0.022 0.025 0.027  A 164821
   3677.72501 13.021 13.057 13.055 13.130 13.216    0.058 0.035 0.028 0.029 0.032  A 165144
   3700.59644 13.063 13.070 13.006 12.988 12.942    0.048 0.034 0.032 0.034 0.039  A 168027
   3702.72969 12.854 12.890 12.917 12.970 13.016    0.046 0.030 0.027 0.030 0.034  A 168331
   3705.61586 12.496 12.503 12.500 12.483 12.466    0.084 0.044 0.038 0.040 0.042  B 168700
   3707.69493 12.397 12.427 12.442 12.478 12.504    0.054 0.031 0.025 0.027 0.029  A 169002
   3711.69718 12.922 12.871 12.878 12.884 12.941    0.056 0.031 0.027 0.028 0.032  A 169284
   3713.65089 12.561 12.562 12.557 12.566 12.573    0.063 0.035 0.031 0.034 0.038  A 169544
   3715.68889 12.573 12.563 12.533 12.495 12.542    0.063 0.036 0.036 0.042 0.048  A 169843
   3718.58124 12.935 12.899 12.886 12.858 12.836    0.050 0.032 0.032 0.037 0.041  A 170181
   3720.66563 12.975 13.028 13.060 13.105 13.144    0.049 0.032 0.032 0.039 0.045  A 170447
   3726.57617 12.512 12.518 12.539 12.565 12.645    0.055 0.042 0.043 0.046 0.045  A 171116
   3728.63190 12.565 12.562 12.525 12.457 12.435    0.046 0.031 0.031 0.036 0.041  A 171410
   3732.59624 12.779 12.823 12.858 12.909 12.953    0.038 0.033 0.034 0.039 0.043  A 171808
   3735.59563 12.992 13.016 13.024 13.066 13.099    0.034 0.023 0.022 0.026 0.029  A 172198
   3738.56540 12.625 12.675 12.691 12.686 12.656    0.050 0.030 0.025 0.027 0.030  A 172605
   3740.61708 12.515 12.538 12.520 12.504 12.511    0.035 0.026 0.024 0.027 0.031  A 172900
   3743.59884 12.488 12.483 12.490 12.472 12.465    0.049 0.029 0.027 0.031 0.034  A 173266
   3747.57386 13.385 13.348 13.442 13.580 13.676    0.037 0.027 0.029 0.035 0.041  A 173793
   3750.56894 13.276 13.268 13.286 13.226 13.063    0.053 0.035 0.034 0.040 0.048  A 174216
   3753.56961 13.178 13.224 13.268 13.311 13.340    0.050 0.034 0.033 0.037 0.040  A 174633
   3756.56205 13.087 13.087 13.122 13.156 13.167    0.049 0.033 0.033 0.039 0.048  A 175038
   3759.55283 13.135 13.225 13.245 13.279 13.348    0.047 0.032 0.034 0.039 0.043  A 175455
   3762.55480 12.964 12.996 13.064 13.134 13.169    0.048 0.035 0.038 0.043 0.048  A 175849
   3765.54798 12.805 12.814 12.820 12.849 12.879    0.039 0.034 0.035 0.038 0.043  A 176265
   3768.54167 12.732 12.775 12.808 12.843 12.874    0.073 0.040 0.040 0.045 0.051  A 176681
   3772.53433 12.808 12.797 12.768 12.757 12.819    0.043 0.028 0.026 0.029 0.033  A 177187
   3776.52344 12.506 12.568 12.658 12.767 12.913    0.057 0.034 0.034 0.041 0.048  A 177758
   3860.92755 13.008 13.108 13.129 13.112 13.227    0.040 0.034 0.032 0.037 0.044  A 188929
   3866.91532 12.923 12.954 12.952 12.988 13.131    0.034 0.025 0.026 0.030 0.034  A 189975
   3871.91412 12.481 12.484 12.535 12.579 12.604    0.066 0.037 0.034 0.038 0.044  A 190836
   3877.90329 12.511 12.516 12.504 12.530 12.531    0.032 0.028 0.026 0.028 0.031  A 191581
   3892.88198 12.419 12.470 12.443 12.447 12.488    0.059 0.035 0.031 0.035 0.039  A 193608
   3898.92864 12.972 12.973 12.957 12.966 12.990    0.052 0.032 0.028 0.032 0.036  A 194451
   3902.90667 12.452 12.482 12.519 12.541 12.569    0.047 0.031 0.026 0.029 0.034  A 195125
   3909.92138 12.450 12.451 12.491 12.556 12.666    0.035 0.024 0.025 0.030 0.034  A 196470
   3913.93027 12.613 12.662 12.688 12.705 12.766    0.108 0.059 0.046 0.047 0.047  D 197034
   4090.60558 12.557 12.544 12.577 12.610 12.657    0.049 0.031 0.030 0.035 0.041  A 209248
   4104.62332 12.725 12.705 12.718 12.705 12.794    0.047 0.032 0.031 0.036 0.044  A 210695
   4107.56182 12.670 12.677 12.653 12.635 12.661    0.065 0.033 0.027 0.029 0.033  A 211074
   4111.56639 12.637 12.640 12.646 12.681 12.762    0.092 0.044 0.036 0.038 0.040  D 211360
   4126.54269 12.521 12.539 12.500 12.494 12.509    0.046 0.037 0.039 0.042 0.044  A 211633
   4128.55685 12.740 12.778 12.873 13.025 13.165    0.038 0.031 0.028 0.029 0.032  A 211905
   4131.55113 12.691 12.747 12.777 12.784 12.820    0.042 0.029 0.028 0.033 0.039  A 212287
   4135.52238 12.709 12.717 12.720 12.734 12.653    0.051 0.039 0.042 0.053 0.061  B 212818
   4146.51504 12.666 12.647 12.604 12.584 12.586    0.062 0.065 0.086 0.128 0.143  D 214373
   4231.91172 12.708 12.718 12.735 12.760 12.791    0.059 0.039 0.031 0.035 0.039  A 223969
   4235.91556 29.999 29.999 29.999 29.999 29.999    0.041 0.043 0.043 0.052 0.060  C 224682
   4255.93380 12.658 12.625 12.660 12.643 12.649    0.037 0.035 0.033 0.038 0.044  A 227178
   4268.93854 12.668 12.649 12.689 12.745 12.774    0.051 0.041 0.036 0.039 0.043  A 228086
   4273.87500 12.647 12.720 12.737 12.785 12.788    0.042 0.038 0.030 0.031 0.032  A 228578
   4278.91890 12.414 12.382 12.366 12.363 12.328    0.059 0.054 0.055 0.058 0.061  B 229232
   4284.90995 12.492 12.522 12.535 12.544 12.513    0.043 0.034 0.028 0.030 0.034  A 229899
   4289.92977 29.999 29.999 29.999 29.999 29.999    0.058 0.055 0.054 0.061 0.070  D 230441
   4292.86862 12.658 12.649 12.686 12.683 12.679    0.037 0.034 0.026 0.028 0.030  A 230955
   4295.85369 12.495 12.513 12.502 12.554 12.597    0.042 0.037 0.032 0.034 0.037  A 231469
   4298.84443 12.661 12.605 12.578 12.507 12.445    0.045 0.044 0.044 0.050 0.057  A 231999
   4301.80003 12.601 12.613 12.586 12.592 12.573    0.046 0.038 0.032 0.033 0.038  A 232525
   4303.85938 12.708 12.675 12.652 12.592 12.594    0.043 0.041 0.038 0.041 0.043  A 232845
   4305.85223 12.618 12.581 12.542 12.541 12.551    0.039 0.034 0.027 0.029 0.030  A 233206
   4307.82899 12.660 12.637 12.637 12.665 12.737    0.053 0.050 0.054 0.056 0.059  B 233543
   4309.81623 29.999 29.999 29.999 29.999 29.999    0.039 0.035 0.030 0.034 0.038  C 233852
   4311.86360 12.582 12.531 12.501 12.507 12.552    0.047 0.045 0.041 0.045 0.049  A 234136
   4314.84423 12.349 12.330 12.364 12.352 12.429    0.052 0.058 0.057 0.060 0.063  D 234448
   4329.82548 12.893 12.866 12.847 12.864 12.942    0.041 0.042 0.037 0.039 0.042  A 235203
   4331.80087 13.092 13.169 13.179 13.211 13.248    0.036 0.033 0.024 0.025 0.027  A 235553
   4333.77250 12.457 12.389 12.363 12.335 12.343    0.049 0.058 0.062 0.065 0.068  D 235903
   4336.77495 12.568 12.576 12.583 12.605 12.639    0.038 0.036 0.032 0.035 0.038  A 236249
   4339.72946 13.191 13.198 13.222 13.249 13.392    0.039 0.036 0.030 0.034 0.038  A 236620
   4341.75758 12.488 12.506 12.517 12.577 12.660    0.037 0.034 0.029 0.031 0.035  A 236965
   4343.77966 12.828 12.818 12.748 12.669 12.721    0.049 0.041 0.043 0.048 0.053  A 237326
   4345.78297 12.537 12.570 12.502 12.532 12.604    0.072 0.059 0.061 0.065 0.067  D 237653
   4350.70948 12.480 12.483 12.496 12.496 12.441    0.065 0.041 0.035 0.036 0.040  A 238473
   4353.70050 12.516 12.598 12.543 12.531 12.527    0.031 0.029 0.023 0.024 0.027  A 238878
   4355.75077 12.872 12.910 12.859 12.877 12.896    0.036 0.031 0.024 0.026 0.029  A 239212
   4358.69267 12.827 12.794 12.766 12.735 12.725    0.040 0.038 0.033 0.034 0.036  A 239649
   4361.67680 12.840 12.767 12.738 12.749 12.750    0.076 0.046 0.039 0.033 0.036  A 240038
   4363.70317 12.536 12.521 12.517 12.544 12.545    0.032 0.032 0.025 0.027 0.028  A 240360
   4365.70455 12.588 12.617 12.593 12.623 12.661    0.033 0.031 0.025 0.027 0.030  A 240672
   4367.77973 12.451 12.458 12.441 12.455 12.468    0.044 0.040 0.035 0.039 0.046  A 240893
   4369.74510 12.510 12.530 12.457 12.444 12.398    0.041 0.039 0.035 0.041 0.048  A 241179
   4371.76147 12.516 12.542 12.525 12.523 12.495    0.071 0.041 0.036 0.040 0.046  A 241514
   4373.77768 12.444 12.490 12.476 12.468 12.510    0.076 0.042 0.036 0.039 0.044  A 241813
   4376.76994 12.484 12.482 12.469 12.420 12.331    0.047 0.039 0.037 0.041 0.046  A 242168
   4379.63014 12.866 12.832 12.887 12.942 12.995    0.040 0.031 0.028 0.029 0.032  A 242570
   4381.68560 12.450 12.405 12.367 12.320 12.262    0.042 0.039 0.036 0.038 0.043  A 242889
   4383.77546 12.518 12.550 12.569 12.581 12.573    0.048 0.041 0.038 0.042 0.046  A 243224
   4385.72365 12.438 12.453 12.473 12.491 12.471    0.045 0.037 0.027 0.029 0.029  A 243521
   4387.76295 12.676 12.637 12.655 12.633 12.594    0.049 0.038 0.031 0.031 0.034  A 243850
   4393.67331 12.613 12.521 12.511 12.488 12.419    0.049 0.041 0.042 0.049 0.056  A 244660
   4398.77369 12.832 12.834 12.819 12.805 12.717    0.064 0.040 0.038 0.042 0.048  A 244761
   4400.75500 29.999 29.999 29.999 29.999 29.999    0.087 0.061 0.061 0.073 0.086  D 245009
   4403.78359 99.999 99.999 99.999 99.999 99.999    0.045 0.034 0.029 0.032 0.036  C 245309
   4407.77203 13.324 13.449 13.600 13.765 13.897    0.050 0.038 0.033 0.038 0.043  A 245625
   4410.62705 13.131 13.114 13.111 13.132 13.131    0.074 0.042 0.035 0.037 0.040  A 245965
   4413.66887 12.660 12.640 12.686 12.730 12.750    0.041 0.038 0.036 0.039 0.041  A 246259
   4419.63251 12.701 12.652 12.609 12.551 12.525    0.071 0.044 0.036 0.041 0.048  A 246399
   4422.60584 12.873 12.785 12.756 12.690 12.666    0.069 0.038 0.030 0.033 0.036  A 246645
   4426.60828 13.064 13.000 12.951 12.895 12.912    0.052 0.035 0.034 0.041 0.049  A 246937
   4428.65594 12.626 12.548 12.568 12.561 12.553    0.042 0.033 0.033 0.040 0.047  A 247182
   4431.57054 13.053 13.056 13.081 13.152 13.268    0.045 0.034 0.031 0.034 0.039  A 247509
   4433.64697 13.145 13.154 13.168 13.183 13.140    0.035 0.029 0.026 0.031 0.036  A 247796
   4435.71165 12.504 12.510 12.534 12.525 12.516    0.067 0.038 0.032 0.034 0.038  A 248055
   4438.61930 12.791 12.753 12.733 12.692 12.686    0.052 0.037 0.035 0.038 0.042  A 248399
   4440.70941 12.756 12.751 12.818 12.871 12.937    0.032 0.031 0.028 0.030 0.034  A 248687
   4443.62902 12.850 12.859 12.845 12.878 12.926    0.043 0.036 0.031 0.032 0.034  A 248981
   4453.62262 12.481 12.446 12.455 12.435 12.418    0.046 0.043 0.047 0.052 0.059  B 250119
   4456.59693 12.674 12.714 12.744 12.742 12.824    0.042 0.035 0.038 0.047 0.057  A 250437
   4459.58154 12.463 12.418 12.414 12.392 12.365    0.040 0.033 0.031 0.038 0.048  A 250790
   4462.57690 12.497 12.506 12.534 12.576 12.576    0.029 0.027 0.025 0.029 0.033  A 251155
   4464.62972 12.943 12.941 12.911 12.890 12.902    0.055 0.039 0.033 0.035 0.040  A 251413
   4467.59126 13.153 13.051 13.018 12.992 13.031    0.067 0.065 0.069 0.072 0.076  D 251740
   4470.59276 13.466 13.491 13.567 13.633 13.614    0.049 0.038 0.028 0.031 0.034  A 252085
   4474.59409 12.467 12.462 12.463 12.460 12.429    0.054 0.047 0.051 0.057 0.063  B 252461
   4477.56701 12.433 12.445 12.452 12.484 12.539    0.031 0.028 0.025 0.028 0.032  A 252754
   4480.55491 12.360 12.312 12.332 12.359 12.448    0.052 0.047 0.053 0.060 0.067  B 253109
   4483.57008 12.530 12.538 12.571 12.613 12.626    0.041 0.031 0.029 0.033 0.039  A 253436
   4486.58102 12.941 13.026 13.053 13.056 13.165    0.044 0.038 0.038 0.045 0.053  A 253690
   4489.56250 12.712 12.686 12.737 12.782 12.812    0.036 0.031 0.030 0.035 0.041  A 254037
   4492.55759 12.720 12.803 12.872 12.941 13.006    0.039 0.033 0.031 0.036 0.042  A 254373
   4497.54491 12.759 12.752 12.714 12.678 12.727    0.066 0.050 0.052 0.063 0.075  D 254738
   4500.54131 12.699 12.784 12.841 12.872 12.935    0.041 0.033 0.029 0.032 0.037  A 255121
   4504.53654 29.999 29.999 29.999 29.999 29.999    0.062 0.068 0.070 0.088 0.106  D 255676
   4507.52150 29.999 29.999 29.999 29.999 29.999    0.040 0.037 0.038 0.045 0.052  C 256103
#ndata= 18
#dataset= 4 ; 1 F0112-32_160
#desig= 004633-3330.9
#cra=    0.775954  00:46:33.4
#cdec= -33.515721 -33:30:56.6
#class= 0
#cmag_0= 12.663
#cmer_0=  0.220
#nskip_0= 0
#cmag_1= 12.683
#cmer_1=  0.221
#nskip_1= 0
#cmag_2= 12.682
#cmer_2=  0.221
#nskip_2= 0
#cmag_3= 12.692
#cmer_3=  0.220
#nskip_3= 0
#cmag_4= 12.698
#cmer_4=  0.233
#nskip_4= 0
#ra=    0.775954  00:46:33.4
#dec= -33.515721 -33:30:56.6
#     HJD      MAG_0  MAG_1  MAG_2  MAG_3  MAG_4    MER_0 MER_1 MER_2 MER_3 MER_4 GRADE FRAME
   2143.77049 12.646 12.644 12.640 12.663 12.667    0.063 0.032 0.029 0.031 0.034  A 30856
   2465.90057 12.801 12.845 12.818 12.826 12.832    0.033 0.034 0.027 0.029 0.026  A 11174
   2470.79825 12.411 12.423 12.432 12.449 12.475    0.035 0.036 0.028 0.033 0.027  A 12066
   2473.79762 12.491 12.523 12.508 12.541 12.566    0.036 0.039 0.032 0.038 0.031  A 12753
   2486.80463 12.426 12.446 12.483 12.498 12.537    0.042 0.038 0.032 0.039 0.038  A 13396
   2490.81491 12.421 12.486 12.481 12.499 12.485    0.035 0.038 0.032 0.037 0.030  A 14143
   2558.75325 12.453 12.477 12.455 12.464 12.477    0.038 0.032 0.026 0.025 0.027  A 22095
   2783.90398 13.041 13.085 13.117 13.147 13.291    0.035 0.036 0.031 0.035 0.039  A 56044
   2834.85522 12.553 12.571 12.602 12.633 12.695    0.035 0.038 0.034 0.041 0.041  A 63428
   2886.83777 12.546 12.520 12.499 12.497 12.521    0.025 0.046 0.030 0.032 0.029  A 70322
   2894.69919 12.566 12.623 12.628 12.596 12.551    0.033 0.042 0.034 0.042 0.042  A 71103
   2956.66461 13.131 13.095 13.045 12.996 12.980    0.028 0.026 0.024 0.026 0.030  A 80246
   2994.68988 12.496 12.518 12.523 12.547 12.592    0.025 0.026 0.025 0.028 0.032  A 85203
   3177.93468 12.501 12.460 12.467 12.457 12.396    0.043 0.046 0.048 0.055 0.063  B 106999
   3365.58760 13.143 13.135 13.072 13.042 13.022    0.045 0.032 0.032 0.037 0.043  A 125041
   3367.64475 12.729 12.720 12.703 12.710 12.658    0.056 0.037 0.039 0.047 0.054  A 125262
   3372.59548 12.848 12.901 12.971 12.967 12.922    0.081 0.045 0.042 0.046 0.052  B 125303
   3387.55307 12.978 12.976 12.989 12.995 12.959    0.044 0.032 0.030 0.035 0.040  A 126289
