#ndata= 2
#dataset= 1 ; 1 F0032-08_289
#desig= 004753-0119.0
#cra=    0.798014  00:47:52.9
#cdec=  -1.316103 -1:18:58.0
#class= 0
#cmag_0= 12.502
#cmer_0=  0.117
#nskip_0= 0
#cmag_1= 12.499
#cmer_1=  0.118
#nskip_1= 0
#cmag_2= 12.512
#cmer_2=  0.126
#nskip_2= 0
#cmag_3= 12.494
#cmer_3=  0.151
#nskip_3= 0
#cmag_4= 12.519
#cmer_4=  0.205
#nskip_4= 0
#ra=    0.798014  00:47:52.9
#dec=  -1.316103 -1:18:58.0
#     HJD      MAG_0  MAG_1  MAG_2  MAG_3  MAG_4    MER_0 MER_1 MER_2 MER_3 MER_4 GRADE FRAME
   2140.78475 12.584 12.583 12.601 12.600 12.664    0.058 0.039 0.038 0.042 0.046  A 30246
   3382.53708 12.420 12.416 12.425 12.389 12.375    0.063 0.044 0.035 0.037 0.042  A 125593
#ndata= 3
#dataset= 2 ; 1 F0104-08_290
#desig= 004753-0119.0
#cra=    0.798052  00:47:53.0
#cdec=  -1.315948 -1:18:57.4
#class= 0
#cmag_0= 12.350
#cmer_0=  0.487
#nskip_0= 0
#cmag_1= 12.376
#cmer_1=  0.537
#nskip_1= 0
#cmag_2= 12.367
#cmer_2=  0.544
#nskip_2= 0
#cmag_3= 12.351
#cmer_3=  0.547
#nskip_3= 0
#cmag_4= 12.364
#cmer_4=  0.589
#nskip_4= 0
#ra=    0.798052  00:47:53.0
#dec=  -1.315948 -1:18:57.4
#     HJD      MAG_0  MAG_1  MAG_2  MAG_3  MAG_4    MER_0 MER_1 MER_2 MER_3 MER_4 GRADE FRAME
   2140.80936 12.590 12.685 12.703 12.701 12.773    0.052 0.026 0.025 0.030 0.033  A 30257
   3382.54420 12.558 12.515 12.466 12.422 12.378    0.085 0.042 0.035 0.038 0.040  A 125595
   3401.53986 11.903 11.927 11.934 11.930 11.942    0.037 0.028 0.024 0.027 0.031  A 128031
#ndata= 145
#dataset= 3 ; 1 F0032+00_334
#desig= 004753-0119.0
#cra=    0.798088  00:47:53.1
#cdec=  -1.316646 -1:18:59.9
#class= 0
#cmag_0= 11.941
#cmer_0=  0.325
#nskip_0= 1
#cmag_1= 11.949
#cmer_1=  0.328
#nskip_1= 1
#cmag_2= 11.939
#cmer_2=  0.326
#nskip_2= 1
#cmag_3= 11.937
#cmer_3=  0.322
#nskip_3= 2
#cmag_4= 11.939
#cmer_4=  0.322
#nskip_4= 2
#ra=    0.798088  00:47:53.1
#dec=  -1.316646 -1:18:59.9
#     HJD      MAG_0  MAG_1  MAG_2  MAG_3  MAG_4    MER_0 MER_1 MER_2 MER_3 MER_4 GRADE FRAME
   1868.55687 11.440 11.396 11.393 11.416 11.403    0.056 0.025 0.022 0.024 0.025  A 45
   1877.57300 12.459 12.265 12.026 11.895 11.871    0.060 0.030 0.025 0.027 0.030  A 1458
   1903.53031 11.783 11.757 11.772 11.783 11.778    0.046 0.025 0.021 0.024 0.027  A 3621
   1907.53575 11.813 11.834 11.842 11.859 11.848    0.051 0.028 0.023 0.026 0.028  A 4268
   1922.52708 12.244 12.278 12.306 12.302 12.285    0.047 0.041 0.034 0.033 0.036  A 5727
   2053.90803 11.815 11.783 11.784 11.784 11.774    0.081 0.054 0.049 0.051 0.053  B 20142
   2167.68912 11.843 11.866 11.874 11.884 11.875    0.057 0.036 0.030 0.032 0.035  A 32119
   2171.67900 11.805 11.862 11.868 11.856 11.859    0.054 0.034 0.028 0.030 0.035  A 32619
   2175.67811 11.809 11.795 11.799 11.776 11.722    0.056 0.039 0.035 0.038 0.042  A 33314
   2177.65991 11.787 11.809 11.792 11.760 11.750    0.052 0.036 0.031 0.035 0.041  A 33435
   2178.66845 11.815 11.814 11.769 11.760 11.783    0.051 0.037 0.033 0.035 0.039  A 33612
   2180.60809 11.806 11.866 11.884 11.941 11.997    0.066 0.049 0.047 0.050 0.055  A 33776
   2190.62624 12.049 11.997 12.062 12.082 12.099    0.047 0.036 0.029 0.031 0.034  A 34933
   2248.57028 11.851 11.849 11.834 11.820 11.832    0.051 0.045 0.037 0.043 0.042  A 42468
   2251.55601 11.777 11.767 11.767 11.755 11.768    0.050 0.046 0.038 0.044 0.039  A 42982
   2254.54358 11.756 11.803 11.824 11.858 11.848    0.052 0.045 0.037 0.044 0.042  A 43429
   2257.54203 11.770 11.808 11.873 11.929 11.960    0.055 0.047 0.038 0.044 0.043  A 43907
   2261.53441 11.827 11.923 11.973 11.981 11.981    0.070 0.061 0.052 0.060 0.060  B 44355
   2272.53654 11.955 11.968 12.058 12.125 12.114    0.086 0.073 0.061 0.063 0.062  D 45679
   2445.87106 11.308 11.389 11.372 11.366 11.375    0.027 0.028 0.022 0.022 0.023  A 9198
   2467.84903 11.894 11.906 11.895 11.888 11.878    0.021 0.027 0.018 0.019 0.018  A 11589
   2468.82406 11.955 12.014 11.984 11.977 11.969    0.031 0.036 0.024 0.022 0.020  A 11795
   2482.72863 12.142 12.197 12.174 12.272 12.289    0.044 0.042 0.037 0.043 0.038  A 13195
   2490.82358 12.097 12.110 12.116 12.161 12.181    0.038 0.037 0.031 0.039 0.033  A 14147
   2495.75583 11.967 12.062 12.092 12.076 12.074    0.032 0.035 0.029 0.036 0.028  A 14852
   2496.78252 11.962 11.953 11.967 12.000 12.023    0.031 0.033 0.027 0.031 0.025  A 15074
   2498.77665 11.836 11.877 11.873 11.877 11.913    0.028 0.032 0.025 0.027 0.023  A 15497
   2499.77784 11.882 11.874 11.911 11.921 11.930    0.027 0.032 0.025 0.028 0.024  A 15707
   2501.77656 11.803 11.779 11.794 11.793 11.808    0.029 0.032 0.024 0.027 0.022  A 16069
   2502.77659 11.797 11.824 11.830 11.823 11.813    0.031 0.034 0.030 0.037 0.029  A 16281
   2503.77456 11.832 11.816 11.813 11.816 11.851    0.042 0.041 0.036 0.042 0.038  A 16484
   2521.70730 11.745 11.757 11.766 11.760 11.759    0.030 0.030 0.021 0.022 0.018  A 18425
   2529.70299 11.838 11.821 11.838 11.853 11.853    0.049 0.042 0.033 0.036 0.032  A 19104
   2552.72905 12.649 12.692 12.736 12.745 12.762    0.032 0.028 0.019 0.019 0.019  A 21183
   2556.62803 12.548 12.624 12.700 12.764 99.999    0.033 0.033 0.028 0.034 0.028  C 21685
   2623.53091 11.486 11.480 11.460 11.458 11.450    0.028 0.026 0.023 0.027 0.030  A 30085
   2625.60591 11.430 11.436 11.455 11.461 11.449    0.039 0.024 0.021 0.024 0.028  A 30400
   2628.61006 11.329 11.307 11.336 11.340 11.317    0.050 0.036 0.029 0.033 0.036  A 30709
   2635.53906 11.264 11.244 11.253 11.236 11.239    0.035 0.025 0.021 0.023 0.025  A 32185
   2637.56949 11.201 11.212 11.192 11.201 11.194    0.041 0.027 0.019 0.020 0.021  A 32490
   2639.57705 11.224 11.246 11.243 11.250 11.249    0.036 0.024 0.019 0.021 0.023  A 32801
   2641.58424 11.263 11.245 11.235 11.245 11.257    0.035 0.024 0.021 0.022 0.024  A 33087
   2643.57972 11.290 11.287 11.287 11.302 11.313    0.028 0.024 0.021 0.024 0.027  A 33397
   2645.56803 11.283 11.294 11.280 11.284 11.300    0.026 0.023 0.021 0.023 0.026  A 33689
   2650.53649 11.433 11.462 11.438 11.431 11.436    0.041 0.052 0.032 0.034 0.030  A 34238
   2654.53799 11.497 11.508 11.517 11.547 11.560    0.030 0.024 0.023 0.025 0.029  A 34854
   2658.53148 11.632 11.624 11.590 11.574 11.606    0.032 0.027 0.026 0.032 0.038  A 35555
   2663.52742 11.884 11.898 11.885 11.836 11.825    0.037 0.031 0.029 0.033 0.037  A 36403
   2787.90990 11.881 11.860 11.883 11.883 11.906    0.022 0.023 0.020 0.021 0.023  A 56913
   2815.91920 12.233 12.196 12.197 12.218 12.228    0.028 0.032 0.024 0.026 0.026  A 60873
   2836.87662 11.729 11.802 11.794 11.791 11.778    0.037 0.043 0.041 0.048 0.054  A 63776
   2841.89608 11.608 11.594 11.611 11.613 11.614    0.025 0.025 0.018 0.020 0.022  A 64635
   2844.86529 11.561 11.581 11.569 11.575 11.571    0.021 0.024 0.018 0.020 0.021  A 65098
   2851.85568 11.517 11.489 11.511 11.534 11.527    0.024 0.026 0.021 0.023 0.023  A 65533
   2858.77482 11.488 11.490 11.461 11.473 11.475    0.023 0.025 0.018 0.020 0.021  A 66379
   2860.77560 11.515 11.549 11.528 11.524 11.534    0.021 0.029 0.021 0.025 0.024  A 66809
   2874.76900 11.734 11.797 11.796 11.816 11.825    0.036 0.025 0.022 0.023 0.026  A 68417
   2876.76508 11.828 11.878 11.864 11.858 11.859    0.031 0.026 0.020 0.021 0.020  A 68813
   2879.74669 11.901 11.905 11.898 11.888 11.893    0.031 0.024 0.018 0.020 0.021  A 69299
   2883.73713 11.910 12.017 11.980 11.967 11.954    0.033 0.026 0.018 0.019 0.019  A 69661
   2885.71825 12.006 11.939 11.975 12.002 11.991    0.031 0.020 0.016 0.017 0.019  A 70059
   2905.77174 12.173 12.151 12.164 12.175 12.182    0.033 0.021 0.017 0.018 0.020  A 73036
   2908.69812 12.082 12.093 12.078 12.074 12.086    0.041 0.022 0.018 0.018 0.019  A 73435
   2910.73446 12.054 12.067 12.083 12.117 12.129    0.034 0.020 0.016 0.017 0.019  A 73763
   2912.69807 12.047 12.066 12.058 12.066 12.080    0.034 0.026 0.023 0.026 0.029  A 74124
   2915.67219 11.994 12.066 12.051 12.049 12.043    0.044 0.028 0.021 0.022 0.024  A 74398
   2918.69259 12.008 11.984 12.000 12.005 11.980    0.032 0.026 0.023 0.026 0.030  A 74912
   2923.67554 11.975 11.992 11.955 11.945 11.965    0.043 0.027 0.026 0.030 0.036  A 75471
   2926.67432 12.094 12.077 12.085 12.066 12.085    0.034 0.025 0.020 0.021 0.023  A 75830
   2928.67034 11.968 12.064 12.092 12.120 12.111    0.074 0.067 0.069 0.073 0.078  D 76202
   2930.66605 12.030 12.029 12.000 11.971 11.941    0.027 0.033 0.023 0.026 0.029  A 76550
   2932.65860 12.041 12.098 12.050 12.004 11.983    0.031 0.026 0.022 0.024 0.028  A 76902
   2934.65204 12.105 12.122 12.121 12.157 12.188    0.025 0.028 0.021 0.022 0.025  A 77253
   2936.65343 12.002 12.095 12.073 12.090 12.092    0.028 0.033 0.026 0.030 0.033  A 77605
   2939.68575 12.073 12.087 12.067 12.077 12.093    0.030 0.028 0.019 0.020 0.021  A 77834
   2944.60718 12.073 12.069 12.081 12.087 12.081    0.027 0.032 0.023 0.023 0.024  A 78512
   2945.64912 12.055 12.099 12.106 12.110 12.062    0.029 0.028 0.024 0.026 0.030  A 78708
   2953.61260 12.061 12.024 12.037 12.059 12.065    0.033 0.032 0.030 0.035 0.041  A 79821
   2957.61670 12.016 12.052 12.069 12.074 12.055    0.036 0.029 0.031 0.034 0.038  A 80367
   2959.61428 12.047 12.110 12.063 12.054 12.190    0.081 0.086 0.096 0.114 0.132  D 80656
   2961.60719 12.062 12.096 12.102 12.081 12.063    0.042 0.033 0.034 0.038 0.041  A 80909
   2965.63398 12.083 12.094 12.077 12.102 12.118    0.030 0.027 0.023 0.026 0.028  A 81484
   2969.60219 12.070 12.065 12.067 12.091 12.115    0.032 0.026 0.023 0.026 0.029  A 82036
   2971.62472 12.154 12.205 12.206 12.229 12.217    0.031 0.025 0.021 0.023 0.027  A 82240
   2978.53225 12.190 12.228 12.275 12.291 12.309    0.032 0.029 0.027 0.032 0.038  A 83087
   2980.59020 12.284 12.254 12.194 12.123 12.122    0.031 0.028 0.025 0.030 0.036  A 83358
   2982.60020 12.118 12.099 12.119 12.145 12.182    0.041 0.036 0.038 0.046 0.055  A 83636
   2984.60515 12.120 12.119 12.133 12.196 12.233    0.036 0.024 0.023 0.026 0.029  A 83894
   2989.60163 12.152 12.168 12.167 12.150 12.138    0.027 0.025 0.022 0.024 0.027  A 84509
   2991.62093 12.074 12.110 12.069 12.037 12.013    0.027 0.025 0.022 0.024 0.027  A 84773
   2997.54833 11.966 11.968 11.933 11.930 11.931    0.034 0.026 0.022 0.024 0.026  A 85548
   3007.58532 11.721 11.753 11.759 11.759 11.770    0.076 0.066 0.069 0.073 0.078  D 86701
   3013.56722 11.664 11.644 11.645 11.644 11.646    0.035 0.031 0.033 0.040 0.047  A 87485
   3018.53592 11.522 11.484 11.495 11.486 11.492    0.031 0.030 0.027 0.030 0.035  A 87976
   3025.52943 11.289 11.260 11.291 11.301 11.273    0.032 0.030 0.027 0.032 0.037  A 88386
   3164.91861 12.624 12.707 12.708 12.720 12.706    0.074 0.057 0.055 0.058 0.061  B 105297
   3170.89455 12.494 12.535 12.585 12.588 12.548    0.082 0.074 0.073 0.077 0.081  D 106098
   3182.92079 12.427 12.527 12.483 12.411 12.355    0.047 0.044 0.043 0.049 0.057  A 107605
   3186.89609 12.348 12.368 12.379 12.434 12.481    0.061 0.066 0.063 0.067 0.073  B 108183
   3270.69968 11.661 11.702 11.677 11.694 11.724    0.038 0.035 0.027 0.030 0.033  A 115813
   3525.91019 12.361 12.368 12.349 12.323 12.306    0.039 0.033 0.030 0.034 0.038  A 145587
   3529.91198 12.356 12.402 12.355 12.313 12.290    0.040 0.034 0.036 0.040 0.046  A 146286
   3541.93856 12.159 12.153 12.123 12.113 12.140    0.035 0.029 0.029 0.034 0.040  A 147342
   3552.89166 12.610 12.586 12.611 12.623 12.646    0.043 0.032 0.033 0.038 0.043  A 148553
   3568.90632 12.919 12.916 12.950 12.948 12.877    0.035 0.031 0.026 0.027 0.029  A 150471
   3571.84607 12.926 12.982 12.997 13.002 12.935    0.035 0.038 0.032 0.036 0.041  A 150972
   3574.83765 12.764 12.767 12.769 12.740 12.805    0.036 0.033 0.030 0.033 0.040  A 151355
   3578.87965 12.838 12.753 12.777 12.807 12.754    0.032 0.027 0.025 0.029 0.033  A 152048
   3582.88085 12.673 12.697 12.732 12.815 12.933    0.055 0.033 0.031 0.037 0.042  A 152732
   3595.80520 12.316 12.218 12.200 12.206 12.150    0.053 0.046 0.050 0.058 0.070  B 154876
   3597.79894 12.267 12.298 12.351 12.407 99.999    0.037 0.026 0.025 0.028 0.031  C 155183
   3615.90054 11.898 11.952 11.958 11.983 12.000    0.045 0.032 0.032 0.037 0.044  A 156990
   3618.72860 11.914 11.866 11.861 11.850 11.811    0.052 0.032 0.030 0.034 0.038  A 157313
   3621.71889 11.949 11.982 11.980 11.993 12.017    0.062 0.036 0.036 0.041 0.047  A 157766
   3626.74287 11.928 11.874 11.877 11.902 11.947    0.041 0.033 0.028 0.032 0.037  A 158354
   3629.71330 11.925 11.899 11.902 11.875 11.853    0.034 0.031 0.029 0.034 0.039  A 158642
   3633.73107 12.012 12.059 12.022 12.013 12.004    0.039 0.032 0.033 0.040 0.048  A 159248
   3636.72520 12.044 12.074 12.067 12.041 12.045    0.043 0.033 0.030 0.035 0.039  A 159611
   3639.67533 12.130 12.128 12.148 12.189 12.178    0.070 0.040 0.036 0.037 0.041  A 159948
   3642.69333 12.163 12.190 12.202 12.204 12.204    0.039 0.033 0.026 0.028 0.030  A 160335
   3648.64917 12.149 12.232 12.266 12.282 12.263    0.052 0.049 0.052 0.062 0.072  B 161034
   3652.70379 12.073 12.089 12.112 12.122 12.103    0.074 0.045 0.044 0.048 0.053  A 161625
   3654.67970 12.125 12.134 12.138 12.146 12.159    0.090 0.048 0.038 0.038 0.042  B 161893
   3656.65308 12.006 12.054 12.079 12.101 12.091    0.051 0.029 0.027 0.029 0.031  A 162182
   3661.65266 12.015 12.018 12.038 12.042 12.026    0.054 0.037 0.034 0.039 0.044  A 162940
   3663.66624 11.997 12.003 12.004 12.030 12.043    0.078 0.043 0.037 0.041 0.046  B 163221
   3669.64566 11.881 11.888 11.889 11.901 11.915    0.034 0.027 0.022 0.025 0.028  A 163976
   3671.73320 11.811 11.869 11.879 11.906 11.932    0.036 0.030 0.024 0.026 0.030  A 164289
   3678.59509 11.778 11.803 11.814 11.841 11.858    0.050 0.028 0.025 0.028 0.031  A 165218
   3701.62189 11.654 11.719 11.704 11.693 11.722    0.081 0.051 0.047 0.050 0.056  B 168170
   3704.60808 11.753 11.724 11.744 11.754 11.754    0.085 0.043 0.034 0.036 0.039  B 168559
   3707.58928 11.699 11.727 11.748 11.776 11.811    0.083 0.041 0.033 0.035 0.037  B 168964
   3715.55529 11.704 11.702 11.718 11.725 11.749    0.085 0.043 0.038 0.044 0.049  B 169807
   3717.62345 11.811 11.753 11.729 11.688 11.682    0.075 0.044 0.042 0.049 0.054  B 170078
   3720.60633 11.655 11.643 11.645 11.657 11.632    0.047 0.031 0.032 0.037 0.042  A 170426
   3726.54978 11.787 11.765 11.766 11.800 11.848    0.082 0.046 0.042 0.046 0.051  B 171107
   3730.54747 11.761 11.751 99.999 99.999 99.999    0.095 0.047 0.041 0.044 0.048  C 171522
   3736.56674 12.017 12.010 12.026 12.035 12.029    0.042 0.029 0.026 0.028 0.031  A 172325
   3893.91573 11.447 11.454 11.467 11.508 11.509    0.032 0.030 0.026 0.030 0.033  A 193805
#dataset= 3 ; 2 F0032+00_334
#desig= 004752-0119.1
#cra=    0.797805  00:47:52.1
#cdec=  -1.319039 -1:19:08.5
#class= 0
#cmag_0= 12.194
#cmer_0=  0.003
#nskip_0= 0
#cmag_1= 12.219
#cmer_1=  0.089
#nskip_1= 0
#cmag_2= 12.234
#cmer_2=  0.106
#nskip_2= 0
#cmag_3= 12.262
#cmer_3=  0.067
#nskip_3= 0
#cmag_4= 12.258
#cmer_4=  0.042
#nskip_4= 0
#ra=    0.797805  00:47:52.1
#dec=  -1.319039 -1:19:08.5
#     HJD      MAG_0  MAG_1  MAG_2  MAG_3  MAG_4    MER_0 MER_1 MER_2 MER_3 MER_4 GRADE FRAME
   2276.53923 29.999 29.999 29.999 29.999 29.999    0.086 0.075 0.064 0.066 0.067  D 46268
   2473.83362 12.191 12.281 12.308 12.309 12.288    0.037 0.041 0.034 0.038 0.030  A 12769
   2493.74510 12.197 12.157 12.159 12.216 12.230    0.061 0.057 0.053 0.059 0.054  B 14520
   2600.62127 29.999 29.999 29.999 29.999 29.999    0.084 0.086 0.090 0.108 0.123  D 27364
   2963.61942 29.999 29.999 29.999 29.999 29.999    0.030 0.026 0.023 0.025 0.028  C 81192
   2986.60857 29.999 29.999 29.999 29.999 29.999    0.038 0.033 0.026 0.030 0.033  C 84160
#ndata= 177
#dataset= 4 ; 1 F0104+00_335
#desig= 004753-0119.0
#cra=    0.798102  00:47:53.2
#cdec=  -1.316258 -1:18:58.5
#class= 0
#cmag_0= 12.079
#cmer_0=  0.348
#nskip_0= 3
#cmag_1= 12.070
#cmer_1=  0.336
#nskip_1= 7
#cmag_2= 12.108
#cmer_2=  0.351
#nskip_2= 3
#cmag_3= 12.115
#cmer_3=  0.349
#nskip_3= 7
#cmag_4= 12.112
#cmer_4=  0.352
#nskip_4= 5
#ra=    0.798102  00:47:53.2
#dec=  -1.316258 -1:18:58.5
#     HJD      MAG_0  MAG_1  MAG_2  MAG_3  MAG_4    MER_0 MER_1 MER_2 MER_3 MER_4 GRADE FRAME
   1888.59038 11.346 11.298 11.293 11.317 11.338    0.059 0.031 0.026 0.029 0.032  A 2882
   1902.53308 11.608 11.642 11.655 11.670 11.692    0.053 0.028 0.023 0.026 0.029  A 3462
   1905.54753 11.883 11.856 11.857 11.863 11.850    0.059 0.026 0.022 0.023 0.025  A 3950
   1908.54457 11.863 11.850 11.855 11.849 11.823    0.047 0.027 0.020 0.022 0.024  A 4432
   1915.54637 11.994 11.955 12.019 12.022 12.063    0.056 0.030 0.024 0.027 0.031  A 4890
   1921.53270 12.273 12.303 12.324 12.352 12.370    0.048 0.030 0.023 0.025 0.029  A 5578
   2053.92347 11.685 11.718 11.739 11.737 11.753    0.078 0.045 0.040 0.043 0.046  A 20149
   2069.88984 11.773 11.747 11.784 11.823 11.820    0.075 0.042 0.038 0.040 0.045  A 22409
   2167.70684 11.835 11.868 11.890 11.899 11.858    0.060 0.032 0.026 0.029 0.032  A 32127
   2173.70344 11.724 11.740 11.763 11.783 11.793    0.052 0.033 0.025 0.027 0.031  A 33006
   2174.70113 11.787 11.811 11.840 11.844 11.831    0.058 0.035 0.028 0.030 0.034  A 33180
   2177.69179 11.793 11.807 11.834 11.833 11.839    0.057 0.038 0.030 0.032 0.035  A 33449
   2178.68409 11.759 11.835 11.840 11.843 11.812    0.051 0.036 0.028 0.030 0.033  A 33619
   2180.63758 11.874 11.881 11.882 11.864 11.840    0.055 0.037 0.029 0.030 0.034  A 33789
   2440.88162 11.191 11.260 11.271 11.282 11.303    0.030 0.030 0.021 0.021 0.023  A 8167
   2465.83294 11.917 11.882 11.903 11.938 11.925    0.056 0.054 0.045 0.047 0.044  A 11145
   2468.82406 11.914 11.977 11.961 11.964 11.958    0.041 0.044 0.033 0.033 0.032  A 11795
   2470.85209 11.914 11.916 11.956 11.977 11.985    0.036 0.040 0.032 0.038 0.031  A 12090
   2473.83362 12.152 12.239 12.290 12.286 12.279    0.043 0.044 0.037 0.042 0.035  A 12769
   2490.82358 12.076 12.070 12.099 12.152 12.174    0.043 0.041 0.034 0.042 0.037  A 14147
   2520.73029 11.658 11.604 11.657 11.690 11.692    0.041 0.037 0.023 0.021 0.019  A 18239
   2545.77189 12.362 12.375 12.387 12.393 12.388    0.043 0.019 0.016 0.018 0.020  A 20228
   2552.83197 12.691 12.669 12.718 12.788 12.870    0.028 0.026 0.023 0.024 0.026  A 21225
   2578.70829 12.071 12.061 12.051 12.020 12.009    0.033 0.034 0.023 0.024 0.021  A 24975
   2628.61006 11.294 11.268 11.318 11.336 11.313    0.050 0.038 0.032 0.035 0.039  A 30709
   2634.62863 11.201 11.214 11.223 11.223 11.216    0.028 0.024 0.020 0.021 0.023  A 32073
   2820.90208 12.115 12.107 12.127 12.160 12.188    0.031 0.029 0.022 0.024 0.027  A 61623
   2830.83303 11.771 11.781 11.829 11.917 11.915    0.073 0.074 0.075 0.084 0.099  D 62588
   2843.85019 11.593 11.602 11.601 11.597 11.604    0.027 0.030 0.024 0.027 0.028  A 65001
   2858.79950 11.449 11.420 11.434 11.447 11.468    0.026 0.023 0.016 0.017 0.019  A 66390
   2860.79812 11.497 11.529 11.512 11.518 11.518    0.021 0.027 0.020 0.024 0.025  A 66819
   2876.77372 11.761 11.817 11.800 11.785 11.765    0.026 0.024 0.018 0.020 0.020  A 68817
   2885.74074 11.971 12.000 12.000 12.016 12.008    0.035 0.020 0.016 0.017 0.019  A 70069
   2886.84499 11.971 11.978 12.006 12.014 12.019    0.033 0.033 0.026 0.029 0.031  A 70325
   2892.76784 11.981 11.975 12.020 12.069 12.084    0.041 0.034 0.029 0.030 0.031  A 70730
   2900.71230 12.028 12.025 12.094 12.087 12.077    0.031 0.023 0.018 0.020 0.022  A 72254
   2906.69841 12.008 12.081 12.094 12.100 12.085    0.025 0.026 0.018 0.020 0.023  A 73204
   2910.76502 12.018 12.070 12.087 12.089 12.078    0.042 0.019 0.018 0.019 0.020  A 73776
   2917.65713 12.087 12.033 12.048 12.048 12.022    0.040 0.025 0.022 0.024 0.028  A 74771
   2955.63005 12.022 12.029 12.082 12.112 12.123    0.039 0.038 0.031 0.034 0.038  A 80084
   3178.93477 12.349 12.346 12.440 12.461 12.430    0.069 0.073 0.067 0.070 0.077  D 107153
   3189.92253 12.492 12.513 12.569 12.605 12.561    0.030 0.040 0.031 0.033 0.039  A 108526
   3271.73741 11.583 11.607 11.658 11.686 11.676    0.046 0.034 0.024 0.026 0.029  A 115968
   3273.76296 11.721 11.643 11.664 11.700 11.697    0.070 0.063 0.068 0.072 0.075  D 116238
   3279.71994 11.802 11.822 11.859 11.876 11.895    0.047 0.034 0.029 0.033 0.037  A 116996
   3294.68963 12.073 12.117 12.138 12.137 12.117    0.040 0.034 0.024 0.023 0.025  A 118398
   3326.58865 11.870 11.895 11.927 11.934 11.905    0.066 0.033 0.028 0.030 0.033  A 121091
   3365.54691 12.217 12.253 12.313 12.345 12.299    0.101 0.054 0.049 0.053 0.058  B 125028
   3382.54420 12.572 12.485 12.474 12.444 12.404    0.089 0.044 0.036 0.037 0.041  B 125595
   3383.53667 12.390 12.408 12.486 12.564 12.607    0.098 0.052 0.044 0.048 0.053  B 125722
   3388.54023 12.293 12.288 12.275 12.280 12.280    0.076 0.044 0.039 0.043 0.049  A 126414
   3391.55649 12.181 12.263 12.301 12.316 12.307    0.056 0.040 0.040 0.045 0.052  A 126813
   3397.52998 11.971 12.015 12.051 12.033 12.005    0.049 0.044 0.045 0.049 0.053  A 127464
   3401.52609 11.942 11.924 11.943 11.956 11.919    0.043 0.029 0.024 0.028 0.033  A 128026
   3525.92762 12.274 12.257 12.251 12.241 12.232    0.042 0.032 0.032 0.036 0.042  A 145593
   3543.90886 12.323 12.369 12.413 12.460 12.478    0.057 0.032 0.030 0.035 0.041  A 147637
   3560.88238 12.857 12.836 12.837 12.815 12.764    0.051 0.033 0.031 0.034 0.039  A 149643
   3563.90139 12.895 12.855 12.872 12.897 12.931    0.056 0.035 0.029 0.030 0.034  A 150174
   3568.91838 12.828 12.782 12.832 12.905 12.910    0.034 0.030 0.024 0.025 0.028  A 150475
   3571.86552 12.771 12.764 12.791 12.751 12.693    0.034 0.032 0.025 0.028 0.032  A 150979
   3574.86059 12.960 12.977 13.036 13.080 13.077    0.034 0.030 0.027 0.032 0.037  A 151362
   3579.89461 12.770 12.823 12.890 12.918 12.898    0.042 0.026 0.022 0.024 0.028  A 152242
   3583.85159 12.681 12.676 12.745 12.804 12.784    0.034 0.025 0.023 0.025 0.029  A 152909
   3586.82707 12.547 12.591 12.644 12.678 12.693    0.049 0.029 0.024 0.027 0.029  A 153413
   3589.83625 12.431 12.431 12.470 12.478 12.446    0.050 0.031 0.027 0.031 0.035  A 153910
   3592.82225 12.421 12.435 12.484 12.564 12.654    0.046 0.034 0.029 0.031 0.034  A 154422
   3596.83612 12.304 12.347 12.418 12.450 12.478    0.067 0.038 0.035 0.038 0.040  A 155026
   3600.80973 12.102 12.061 12.064 12.028 11.962    0.081 0.051 0.052 0.063 0.072  B 155446
   3617.78292 11.836 11.807 11.847 11.843 11.806    0.055 0.044 0.043 0.051 0.059  B 157182
   3620.74951 11.824 11.828 11.835 11.855 11.851    0.054 0.032 0.028 0.030 0.033  A 157625
   3622.78293 11.783 11.848 11.884 11.900 11.858    0.063 0.035 0.028 0.030 0.035  A 157952
   3625.79481 11.840 11.858 11.864 11.866 11.864    0.034 0.029 0.024 0.027 0.030  A 158219
   3628.76417 11.927 11.955 11.974 11.963 11.947    0.034 0.030 0.025 0.028 0.031  A 158491
   3630.75567 11.973 12.017 12.066 12.109 12.120    0.049 0.034 0.033 0.037 0.043  A 158828
   3634.75125 11.940 11.924 11.954 11.973 12.004    0.070 0.040 0.035 0.040 0.046  A 159412
   3637.72676 12.062 12.068 12.086 12.101 12.135    0.035 0.032 0.024 0.026 0.030  A 159740
   3640.72729 12.104 12.118 12.124 12.138 12.123    0.062 0.031 0.024 0.026 0.029  A 160043
   3642.78323 12.117 12.104 12.109 12.122 12.133    0.044 0.039 0.032 0.036 0.041  A 160366
   3646.67842 12.213 12.193 12.234 12.278 12.311    0.038 0.032 0.026 0.027 0.030  A 160777
   3649.66380 29.999 29.999 29.999 29.999 29.999    0.086 0.088 0.102 0.130 0.151  D 161184
   3651.70143 12.074 12.069 12.061 12.053 12.063    0.045 0.028 0.025 0.027 0.031  A 161467
   3653.71838 12.018 12.023 12.022 12.021 11.965    0.090 0.048 0.042 0.045 0.050  B 161775
   3655.66961 12.160 12.104 12.145 12.170 12.165    0.064 0.035 0.029 0.031 0.034  A 162029
   3661.67825 11.972 11.988 12.018 12.005 11.963    0.050 0.039 0.036 0.041 0.046  A 162948
   3663.69340 11.938 11.967 12.015 12.062 12.100    0.078 0.044 0.039 0.043 0.048  A 163230
   3665.74563 11.948 11.949 12.008 12.048 12.066    0.050 0.032 0.027 0.030 0.034  A 163539
   3669.66629 11.839 11.838 11.851 11.858 11.861    0.036 0.029 0.022 0.023 0.027  A 163983
   3671.77616 99.999 99.999 99.999 99.999 99.999    0.037 0.031 0.026 0.030 0.034  C 164303
   3674.62676 11.763 11.779 11.816 11.838 11.853    0.039 0.024 0.022 0.024 0.029  A 164686
   3676.64557 11.774 11.761 11.783 11.801 11.794    0.052 0.032 0.028 0.031 0.034  A 164977
   3680.58977 11.790 11.752 11.782 11.820 11.832    0.039 0.024 0.022 0.023 0.027  A 165334
   3699.69368 11.613 11.608 11.625 11.636 11.661    0.076 0.049 0.043 0.045 0.050  A 167923
   3702.60270 11.628 11.675 11.692 11.683 11.699    0.073 0.036 0.029 0.030 0.031  A 168293
   3704.69851 11.619 11.646 11.679 11.709 11.712    0.078 0.042 0.038 0.041 0.046  A 168590
   3707.61967 11.736 11.696 11.746 11.783 11.788    0.069 0.035 0.028 0.030 0.033  A 168975
   3711.62411 11.740 11.738 11.725 11.721 11.700    0.075 0.038 0.028 0.029 0.032  A 169257
   3716.53462 11.711 11.712 11.699 11.701 11.714    0.078 0.039 0.035 0.039 0.045  A 169910
   3718.63870 11.926 11.865 11.872 11.875 11.922    0.084 0.044 0.039 0.044 0.048  A 170200
   3721.58379 11.608 11.665 11.734 11.771 11.772    0.055 0.036 0.032 0.035 0.040  A 170558
   3724.57972 11.708 11.690 11.691 11.694 11.662    0.057 0.037 0.033 0.036 0.042  A 170854
   3727.57211 11.814 11.751 11.830 11.837 11.845    0.084 0.046 0.039 0.040 0.045  A 171251
   3730.60751 11.739 11.838 11.873 11.903 11.925    0.069 0.039 0.036 0.040 0.045  A 171542
   3734.55536 11.887 11.892 11.930 11.954 11.960    0.064 0.037 0.032 0.038 0.044  A 172046
   3737.54687 11.897 11.913 11.959 11.971 11.983    0.078 0.040 0.032 0.033 0.034  A 172456
   3743.57851 12.121 12.104 12.171 12.219 12.238    0.061 0.035 0.032 0.038 0.044  A 173258
   3747.57019 12.216 12.276 12.373 12.467 12.487    0.046 0.035 0.034 0.041 0.049  A 173791
   3750.56524 12.304 12.226 12.241 12.263 12.263    0.058 0.039 0.036 0.042 0.049  A 174214
   3754.55487 12.371 12.325 12.274 12.248 12.301    0.050 0.036 0.037 0.043 0.052  A 174760
   3757.54516 12.266 12.295 12.316 12.367 12.400    0.047 0.034 0.035 0.041 0.048  A 175171
   3760.53779 12.364 12.387 12.398 12.397 12.348    0.084 0.043 0.037 0.041 0.044  A 175593
   3763.53420 12.431 12.411 12.394 12.390 12.335    0.051 0.032 0.033 0.039 0.048  A 175981
   3892.92877 11.359 11.364 11.398 11.420 11.428    0.044 0.032 0.027 0.029 0.035  A 193624
   3901.91631 11.663 11.729 11.737 11.732 11.737    0.037 0.028 0.029 0.035 0.042  A 194942
   4091.55478 11.372 11.414 11.450 11.454 11.463    0.078 0.044 0.036 0.037 0.039  A 209354
   4103.53569 11.743 11.728 11.748 11.753 11.742    0.061 0.036 0.032 0.037 0.042  A 210555
   4105.59996 11.862 11.874 11.902 11.899 11.972    0.053 0.039 0.037 0.042 0.048  A 210808
   4109.56752 11.991 11.986 12.031 12.079 12.097    0.082 0.043 0.036 0.036 0.039  A 211222
   4126.53272 12.027 12.055 12.075 12.057 12.068    0.067 0.037 0.031 0.033 0.037  A 211629
   4131.52556 12.056 12.027 12.050 12.048 12.043    0.061 0.037 0.035 0.038 0.043  A 212278
   4247.93098 12.155 12.117 12.134 12.152 12.138    0.046 0.037 0.030 0.034 0.039  A 226507
   4284.88470 11.745 11.806 11.831 11.825 11.801    0.046 0.036 0.029 0.031 0.037  A 229891
   4291.86187 11.948 11.931 11.935 11.934 11.922    0.037 0.034 0.026 0.028 0.030  A 230765
   4300.87183 12.269 12.211 12.248 12.315 12.318    0.078 0.054 0.046 0.047 0.052  A 232363
   4303.84000 12.350 12.315 12.362 12.380 12.393    0.043 0.040 0.034 0.036 0.039  A 232838
   4305.88479 12.283 12.253 12.271 12.317 12.395    0.044 0.045 0.043 0.049 0.052  A 233218
   4307.85862 12.448 12.474 12.519 12.544 12.565    0.052 0.050 0.051 0.053 0.056  B 233554
   4309.85708 12.307 12.374 12.431 12.458 12.471    0.064 0.050 0.049 0.052 0.056  B 233866
   4312.83654 12.702 12.683 12.766 12.835 12.880    0.079 0.073 0.081 0.091 0.101  D 234292
   4319.83575 13.007 12.998 13.047 13.046 13.031    0.054 0.046 0.046 0.052 0.056  B 235052
   4329.83985 12.601 12.677 12.728 12.771 12.809    0.042 0.039 0.035 0.038 0.042  A 235208
   4331.81757 12.470 12.503 12.511 12.524 12.539    0.037 0.033 0.025 0.026 0.028  A 235559
   4333.79844 12.412 12.413 12.458 12.512 12.544    0.047 0.052 0.055 0.063 0.068  B 235912
   4336.79593 12.307 12.299 12.350 12.386 12.367    0.051 0.049 0.054 0.068 0.080  D 236256
   4339.76747 12.267 12.221 12.246 12.283 12.305    0.053 0.060 0.065 0.071 0.076  D 236633
   4346.84126 12.117 12.002 11.996 12.004 12.025    0.060 0.043 0.041 0.047 0.052  A 237849
   4348.83531 12.020 11.935 11.960 11.996 12.012    0.068 0.040 0.034 0.035 0.038  A 238201
   4351.74198 11.704 11.730 11.791 11.800 11.766    0.051 0.045 0.045 0.053 0.063  B 238632
   4354.72400 11.663 11.706 11.741 11.752 11.753    0.039 0.031 0.025 0.027 0.029  A 239027
   4357.72004 11.717 11.666 11.688 11.688 11.695    0.046 0.040 0.037 0.040 0.044  A 239491
   4359.76096 11.633 11.629 11.669 11.735 11.785    0.056 0.052 0.052 0.062 0.075  B 239838
   4362.71828 11.705 11.675 11.693 11.704 11.698    0.045 0.038 0.031 0.032 0.035  A 240199
   4364.70297 11.667 11.675 11.669 11.670 11.653    0.037 0.031 0.025 0.028 0.032  A 240525
   4366.86328 11.716 11.683 11.697 11.704 11.721    0.045 0.038 0.031 0.033 0.036  A 240763
   4368.73406 11.784 11.814 11.815 11.783 11.783    0.042 0.038 0.034 0.038 0.043  A 241016
   4372.73083 11.738 11.749 11.799 11.855 11.886    0.076 0.051 0.049 0.054 0.060  B 241662
   4375.73308 11.804 11.857 11.887 11.868 11.813    0.061 0.040 0.036 0.041 0.048  A 241990
   4377.80094 12.139 12.000 11.973 11.949 11.923    0.071 0.047 0.042 0.048 0.057  A 242314
   4380.66414 12.121 12.074 12.102 12.097 12.075    0.046 0.037 0.034 0.036 0.042  A 242727
   4382.68634 12.115 12.109 12.129 12.140 12.152    0.034 0.030 0.024 0.025 0.028  A 243039
   4384.71130 12.177 12.176 12.176 12.171 12.168    0.043 0.040 0.034 0.036 0.039  A 243353
   4386.70265 12.241 12.221 12.259 12.276 12.250    0.040 0.034 0.025 0.027 0.029  A 243673
   4388.68138 12.292 12.371 12.407 12.412 12.394    0.043 0.033 0.026 0.028 0.030  A 243978
   4392.66141 12.340 12.388 12.404 12.380 12.317    0.047 0.036 0.029 0.029 0.032  A 244523
   4399.65714 12.564 12.625 12.740 12.786 12.698    0.074 0.045 0.041 0.049 0.056  A 244838
   4402.65793 12.597 12.649 12.722 12.775 12.801    0.059 0.041 0.036 0.041 0.046  A 245119
   4404.74070 12.572 12.638 12.682 12.679 12.659    0.038 0.035 0.029 0.031 0.035  A 245378
   4408.60817 12.758 12.744 12.750 12.799 12.876    0.053 0.046 0.043 0.046 0.049  A 245719
   4410.76050 12.672 12.651 12.692 12.728 12.764    0.056 0.036 0.030 0.032 0.036  A 246008
   4413.76333 12.664 12.711 12.796 12.821 12.773    0.057 0.049 0.043 0.046 0.050  A 246289
   4419.65950 12.640 12.616 12.663 12.719 12.732    0.067 0.044 0.037 0.041 0.046  A 246406
   4422.61306 12.518 12.515 12.560 12.599 12.653    0.047 0.032 0.027 0.030 0.033  A 246647
   4427.57450 12.393 12.279 12.189 12.099 12.050    0.056 0.039 0.038 0.045 0.051  A 247034
   4429.61315 12.439 12.425 12.445 12.420 12.403    0.037 0.035 0.032 0.037 0.043  A 247291
   4431.67870 12.514 12.497 12.483 12.455 12.447    0.049 0.037 0.034 0.040 0.047  A 247545
   4436.68024 12.278 12.305 12.339 12.359 12.319    0.071 0.042 0.036 0.038 0.041  A 248169
   4439.58352 12.324 12.309 12.373 12.402 12.424    0.066 0.041 0.033 0.034 0.036  A 248508
   4441.67669 12.313 12.268 12.303 12.310 12.304    0.068 0.042 0.033 0.034 0.037  A 248792
   4444.65871 12.389 12.346 12.364 12.351 12.306    0.063 0.040 0.031 0.034 0.036  A 249092
   4454.53794 12.309 12.245 12.229 12.181 12.183    0.078 0.047 0.042 0.048 0.054  A 250205
   4456.63684 12.250 12.196 12.163 12.151 12.124    0.059 0.044 0.043 0.051 0.063  B 250449
   4459.59452 12.268 12.243 12.251 12.215 12.177    0.045 0.036 0.034 0.039 0.046  A 250794
   4462.58905 12.252 12.194 12.220 12.245 12.222    0.042 0.035 0.031 0.034 0.040  A 251159
   4465.58091 12.108 12.188 12.306 12.438 12.542    0.045 0.033 0.032 0.036 0.042  A 251507
   4473.55036 11.983 11.953 11.965 11.976 11.945    0.063 0.039 0.038 0.041 0.045  A 252334
   4476.55163 11.823 11.826 11.842 11.872 11.877    0.065 0.042 0.042 0.047 0.054  A 252614
   4485.55199 11.744 11.796 11.827 11.818 11.871    0.076 0.047 0.041 0.044 0.050  A 253562
   4488.54631 11.747 11.842 11.897 11.955 12.004    0.063 0.041 0.036 0.039 0.044  A 253910
#ndata= 1
#dataset= 5 ; 1 F2224+00_375
#desig= 004753-0118.9
#cra=    0.798148  00:47:53.3
#cdec=  -1.315813 -1:18:56.9
#class= 0
#cmag_0= 11.310
#cmer_0=  0.000
#nskip_0= 0
#cmag_1= 11.273
#cmer_1=  0.000
#nskip_1= 0
#cmag_2= 11.302
#cmer_2=  0.000
#nskip_2= 0
#cmag_3= 11.350
#cmer_3=  0.000
#nskip_3= 0
#cmag_4= 11.370
#cmer_4=  0.000
#nskip_4= 0
#ra=    0.798148  00:47:53.3
#dec=  -1.315813 -1:18:56.9
#     HJD      MAG_1  MAG_0  MAG_2  MAG_3  MAG_4    MER_1 MER_0 MER_2 MER_3 MER_4 GRADE FRAME
   4087.53671 11.274 11.311 11.302 11.350 11.371    0.126 0.192 0.111 0.102 0.100  D 208753
