#ndata= 2
#dataset= 1 ; 1 F0000-40_122
#desig= 004851-3625.0
#cra=    0.814251  00:48:51.3
#cdec= -36.416823 -36:25:00.6
#class= 0
#cmag_0= 12.141
#cmer_0=  0.155
#nskip_0= 0
#cmag_1= 12.096
#cmer_1=  0.096
#nskip_1= 0
#cmag_2= 12.104
#cmer_2=  0.096
#nskip_2= 0
#cmag_3= 12.119
#cmer_3=  0.100
#nskip_3= 0
#cmag_4= 12.118
#cmer_4=  0.123
#nskip_4= 0
#ra=    0.814251  00:48:51.3
#dec= -36.416823 -36:25:00.6
#     HJD      MAG_0  MAG_1  MAG_2  MAG_3  MAG_4    MER_0 MER_1 MER_2 MER_3 MER_4 GRADE FRAME
   2500.73809 12.033 12.030 12.037 12.049 12.032    0.039 0.037 0.029 0.031 0.032  A 15904
   2521.79138 12.250 12.164 12.172 12.190 12.205    0.031 0.033 0.024 0.027 0.026  A 18461
#ndata= 226
#dataset= 2 ; 1 F0040-40_123
#desig= 004851-3625.0
#cra=    0.814280  00:48:51.4
#cdec= -36.416774 -36:25:00.4
#class= 0
#cmag_0= 12.084
#cmer_0=  0.077
#nskip_0= 0
#cmag_1= 12.084
#cmer_1=  0.070
#nskip_1= 0
#cmag_2= 12.085
#cmer_2=  0.069
#nskip_2= 0
#cmag_3= 12.086
#cmer_3=  0.075
#nskip_3= 1
#cmag_4= 12.086
#cmer_4=  0.077
#nskip_4= 2
#ra=    0.814280  00:48:51.4
#dec= -36.416774 -36:25:00.4
#     HJD      MAG_0  MAG_1  MAG_2  MAG_3  MAG_4    MER_0 MER_1 MER_2 MER_3 MER_4 GRADE FRAME
   1868.55718 12.016 12.004 12.030 12.014 11.982    0.062 0.025 0.021 0.023 0.026  A 46
   1869.55290 12.099 12.074 12.059 12.065 12.064    0.038 0.020 0.018 0.020 0.022  A 206
   1871.55897 12.237 12.249 12.200 12.172 12.158    0.071 0.033 0.023 0.022 0.024  A 493
   1873.56686 12.033 12.088 12.078 12.059 12.050    0.059 0.023 0.021 0.023 0.025  A 812
   1875.54768 12.169 12.168 12.161 12.167 12.168    0.052 0.021 0.018 0.020 0.021  A 1126
   1879.53140 12.059 12.052 12.078 12.100 12.089    0.044 0.023 0.019 0.021 0.024  A 1754
   1881.54564 12.228 12.179 12.199 12.183 12.159    0.037 0.021 0.019 0.020 0.023  A 2073
   1885.53367 12.191 12.192 12.159 12.175 12.168    0.035 0.022 0.019 0.022 0.026  A 2379
   1887.56093 12.113 12.172 12.164 12.143 12.128    0.047 0.023 0.020 0.023 0.027  A 2710
   1903.59915 12.190 12.190 12.183 12.191 12.202    0.039 0.021 0.017 0.019 0.021  A 3652
   1906.54543 12.269 12.253 12.228 12.211 12.192    0.037 0.024 0.018 0.019 0.022  A 4113
   1908.58571 12.187 12.159 12.188 12.182 12.169    0.037 0.025 0.018 0.021 0.024  A 4451
   1914.58439 12.107 12.076 12.083 12.081 12.082    0.046 0.028 0.023 0.025 0.026  A 4747
   1923.52881 11.982 11.968 11.990 11.998 12.003    0.044 0.027 0.023 0.026 0.032  A 5892
   1926.54413 12.233 12.172 12.197 12.215 12.218    0.037 0.027 0.024 0.025 0.029  A 6407
   1930.52657 12.160 12.202 12.191 12.206 12.219    0.033 0.030 0.025 0.029 0.032  A 7047
   1934.52519 12.060 12.037 12.043 12.077 12.079    0.036 0.029 0.024 0.026 0.029  A 7708
   2031.91431 12.181 12.064 12.048 12.040 12.028    0.046 0.026 0.024 0.026 0.030  A 18136
   2033.92719 12.047 12.095 12.094 12.066 12.037    0.035 0.025 0.023 0.025 0.028  A 18575
   2053.86123 12.229 12.190 12.186 12.173 12.187    0.041 0.024 0.023 0.027 0.030  A 20121
   2054.94376 12.191 12.087 12.103 12.169 12.250    0.074 0.037 0.037 0.042 0.048  A 20382
   2056.89245 11.981 12.057 12.031 12.016 12.023    0.067 0.028 0.024 0.027 0.029  A 20808
   2067.85230 12.092 12.107 12.166 12.205 12.245    0.066 0.030 0.027 0.029 0.033  A 21943
   2068.85273 12.250 12.166 12.169 12.188 12.209    0.065 0.032 0.030 0.036 0.041  A 22169
   2069.84793 12.067 12.119 12.100 12.091 12.081    0.066 0.032 0.027 0.029 0.032  A 22390
   2070.84902 12.101 12.062 12.063 12.047 12.036    0.060 0.027 0.024 0.028 0.032  A 22610
   2080.85075 12.044 12.098 12.087 12.078 12.048    0.054 0.026 0.022 0.025 0.027  A 22991
   2082.89738 12.082 12.077 12.042 12.045 12.033    0.063 0.029 0.023 0.025 0.028  A 23477
   2085.90116 12.121 12.143 12.128 12.122 12.108    0.051 0.030 0.023 0.025 0.026  A 23933
   2087.85600 12.050 12.051 12.104 12.117 12.156    0.066 0.034 0.029 0.032 0.035  A 24358
   2088.86802 12.163 12.107 12.099 12.115 12.124    0.064 0.028 0.024 0.027 0.029  A 24592
   2093.80219 12.023 12.110 12.134 12.139 12.145    0.070 0.032 0.026 0.027 0.029  A 24783
   2094.81456 12.196 12.129 12.106 12.100 12.150    0.069 0.032 0.027 0.031 0.034  A 25076
   2095.81069 12.063 12.101 12.144 12.179 12.249    0.073 0.045 0.044 0.049 0.054  B 25301
   2103.76691 12.095 12.051 12.044 12.047 12.057    0.055 0.028 0.023 0.025 0.027  A 25867
   2105.82622 12.118 12.058 12.064 12.073 12.088    0.067 0.033 0.025 0.026 0.029  A 26312
   2106.84792 12.084 12.089 12.101 12.107 12.104    0.049 0.026 0.021 0.023 0.025  A 26524
   2113.86282 12.105 12.105 12.081 12.075 12.091    0.050 0.028 0.023 0.025 0.027  A 26646
   2115.75596 12.115 12.112 12.148 12.165 12.205    0.046 0.028 0.024 0.025 0.028  A 26916
   2116.79867 12.098 12.088 12.087 12.060 12.039    0.052 0.030 0.026 0.027 0.028  A 27157
   2117.79965 12.156 12.126 12.141 12.147 12.138    0.053 0.027 0.023 0.025 0.027  A 27376
   2128.72017 12.056 12.016 12.030 12.025 12.035    0.049 0.028 0.023 0.027 0.030  A 27975
   2129.73049 11.984 12.059 12.034 12.010 12.003    0.057 0.045 0.035 0.035 0.035  A 28194
   2130.75254 12.089 12.059 12.066 12.067 12.072    0.051 0.025 0.020 0.022 0.024  A 28420
   2131.76289 12.119 12.090 12.067 12.061 12.070    0.063 0.027 0.024 0.027 0.030  A 28624
   2132.77439 12.230 12.223 12.248 12.252 12.235    0.063 0.029 0.022 0.025 0.027  A 28841
   2133.76089 12.185 12.130 12.125 12.111 12.126    0.058 0.030 0.022 0.025 0.027  A 29051
   2134.76096 12.072 12.066 12.055 12.046 12.052    0.054 0.027 0.023 0.025 0.028  A 29265
   2135.76399 12.051 12.119 12.125 12.114 12.166    0.062 0.039 0.039 0.044 0.049  A 29481
   2136.75976 12.182 12.124 12.121 12.090 12.058    0.054 0.029 0.027 0.029 0.032  A 29693
   2140.75004 12.046 12.048 12.067 12.077 12.076    0.068 0.033 0.027 0.030 0.033  A 30231
   2141.74525 12.223 12.196 12.197 12.185 12.184    0.055 0.027 0.024 0.025 0.027  A 30441
   2144.73456 12.065 12.037 12.024 12.012 12.009    0.064 0.031 0.026 0.028 0.030  A 31046
   2145.73250 12.179 12.157 12.145 12.158 12.173    0.050 0.026 0.023 0.025 0.028  A 31249
   2445.82397 12.139 12.128 12.109 12.097 12.069    0.026 0.025 0.018 0.019 0.022  A 9177
   2446.90854 12.033 12.030 12.034 12.057 12.076    0.030 0.034 0.025 0.025 0.024  A 9373
   2466.88128 12.200 12.155 12.182 12.177 12.181    0.027 0.028 0.019 0.020 0.019  A 11384
   2467.83421 12.032 12.026 12.026 12.020 12.015    0.022 0.026 0.018 0.019 0.019  A 11582
   2468.92745 12.171 12.169 12.161 12.138 12.124    0.027 0.029 0.024 0.029 0.029  A 11839
   2471.90061 12.071 12.037 12.041 12.066 12.068    0.028 0.032 0.025 0.029 0.025  A 12589
   2482.73598 12.009 12.105 12.133 12.137 12.124    0.038 0.038 0.034 0.039 0.035  A 13198
   2489.76331 12.183 12.195 12.264 12.281 12.262    0.034 0.037 0.029 0.032 0.034  A 13902
   2493.78613 11.979 12.035 12.070 12.106 12.122    0.036 0.036 0.033 0.040 0.030  A 14538
   2495.71932 11.994 11.999 12.004 12.039 12.038    0.033 0.033 0.030 0.038 0.032  A 14836
   2498.75627 12.197 12.186 12.149 12.122 12.087    0.029 0.030 0.023 0.026 0.023  A 15488
   2499.75973 12.120 12.174 12.171 12.180 12.160    0.027 0.031 0.025 0.030 0.023  A 15699
   2500.73809 11.995 12.013 12.007 12.034 12.025    0.030 0.034 0.023 0.025 0.022  A 15904
   2501.76736 12.042 12.017 12.001 12.010 11.996    0.028 0.031 0.022 0.022 0.020  A 16065
   2502.75834 12.044 12.046 12.052 12.031 12.017    0.030 0.031 0.024 0.031 0.024  A 16273
   2503.75859 11.984 11.974 11.948 11.949 11.964    0.057 0.057 0.055 0.063 0.058  D 16477
   2520.79443 12.181 12.206 12.186 12.193 12.176    0.041 0.035 0.023 0.022 0.019  A 18266
   2521.79138 12.211 12.147 12.149 12.178 12.203    0.028 0.031 0.022 0.022 0.020  A 18461
   2526.78569 12.055 12.131 12.120 12.138 12.147    0.050 0.052 0.038 0.029 0.024  A 18905
   2529.68841 12.049 12.050 12.082 12.084 12.086    0.056 0.046 0.035 0.038 0.033  A 19098
   2544.70859 12.097 12.093 12.064 12.054 12.052    0.023 0.023 0.018 0.019 0.021  A 20012
   2545.74948 12.106 12.114 12.121 12.134 12.162    0.026 0.026 0.018 0.018 0.019  A 20219
   2552.61701 12.005 12.025 12.001 12.017 12.007    0.051 0.047 0.038 0.042 0.038  A 21135
   2553.67959 12.151 12.139 12.101 12.075 12.043    0.032 0.033 0.029 0.034 0.026  A 21341
   2556.71419 12.017 12.055 12.050 12.023 12.024    0.030 0.034 0.025 0.024 0.020  A 21723
   2559.68462 12.083 12.100 12.089 12.085 12.100    0.024 0.027 0.021 0.024 0.024  A 22247
   2560.67150 12.004 11.999 11.967 11.945 11.958    0.023 0.023 0.019 0.020 0.022  A 22420
   2561.65343 12.183 12.149 12.157 12.200 12.205    0.043 0.026 0.022 0.022 0.024  A 22560
   2562.65444 12.187 12.195 12.173 12.154 12.129    0.038 0.026 0.018 0.020 0.022  A 22741
   2563.66622 12.110 12.104 12.145 12.148 12.134    0.031 0.029 0.021 0.021 0.022  A 22925
   2564.66544 12.045 11.996 11.997 12.022 12.051    0.026 0.029 0.023 0.028 0.028  A 23104
   2565.68822 12.006 12.025 12.038 12.041 12.032    0.027 0.028 0.022 0.027 0.026  A 23292
   2566.70077 11.954 12.012 12.030 12.066 12.063    0.034 0.034 0.026 0.028 0.028  A 23476
   2578.66058 12.138 12.069 12.102 12.104 12.118    0.031 0.033 0.022 0.024 0.020  A 24955
   2621.61004 12.120 12.145 12.160 12.185 12.194    0.031 0.021 0.019 0.021 0.024  A 29788
   2622.67700 11.994 12.063 12.051 12.012 11.996    0.039 0.023 0.021 0.024 0.027  A 29984
   2625.59744 12.052 12.036 12.039 12.049 12.051    0.027 0.021 0.020 0.022 0.023  A 30397
   2628.60164 12.128 12.074 12.082 12.147 12.192    0.048 0.033 0.028 0.031 0.035  A 30706
   2635.62388 12.011 11.982 11.966 11.953 11.929    0.032 0.021 0.018 0.019 0.020  A 32222
   2637.63442 12.142 12.126 12.110 12.085 12.058    0.022 0.019 0.017 0.019 0.022  A 32518
   2639.63210 12.068 12.096 12.098 12.088 12.072    0.041 0.023 0.020 0.020 0.021  A 32825
   2641.63467 12.067 12.031 12.020 11.988 11.958    0.029 0.022 0.020 0.022 0.024  A 33109
   2644.54124 12.101 12.080 12.061 12.025 12.027    0.036 0.023 0.021 0.024 0.027  A 33531
   2646.54127 12.097 12.138 12.153 12.167 12.207    0.027 0.022 0.020 0.022 0.024  A 33833
   2649.55450 12.049 11.991 11.998 11.993 11.993    0.024 0.028 0.021 0.019 0.021  A 34092
   2651.56433 12.128 12.116 12.129 12.151 12.138    0.037 0.024 0.023 0.025 0.029  A 34406
   2653.58021 12.077 12.119 12.146 12.175 12.180    0.033 0.022 0.020 0.022 0.025  A 34720
   2657.54327 12.060 12.054 12.059 12.100 12.124    0.030 0.030 0.024 0.025 0.030  A 35387
   2659.56135 11.988 12.014 11.986 11.973 11.957    0.031 0.025 0.020 0.022 0.024  A 35737
   2661.55820 12.105 12.121 12.124 12.108 12.083    0.034 0.022 0.020 0.022 0.025  A 36078
   2663.55698 12.077 12.003 12.005 12.020 12.041    0.033 0.023 0.021 0.022 0.025  A 36416
   2665.55905 12.082 12.124 12.130 12.136 12.106    0.031 0.021 0.019 0.020 0.022  A 36768
   2667.56063 12.066 12.074 12.082 12.072 12.097    0.031 0.023 0.021 0.024 0.027  A 37073
   2669.55714 12.076 12.081 12.103 12.115 12.058    0.030 0.030 0.030 0.035 0.042  A 37398
   2671.55613 12.153 12.152 12.142 12.126 12.138    0.028 0.022 0.020 0.022 0.024  A 37727
   2674.52230 12.087 12.032 12.015 12.016 12.040    0.033 0.034 0.036 0.041 0.044  A 38220
   2676.52313 12.173 12.125 12.129 12.145 12.220    0.031 0.025 0.021 0.024 0.028  A 38586
   2678.52706 12.036 12.032 12.058 12.107 12.133    0.031 0.023 0.022 0.024 0.027  A 38930
   2687.51430 12.137 12.139 12.099 12.088 12.084    0.039 0.038 0.041 0.049 0.051  B 40494
   2760.92693 12.107 12.162 12.147 12.107 12.071    0.033 0.031 0.026 0.029 0.032  A 53550
   2765.90523 12.081 12.066 12.074 12.043 11.995    0.029 0.029 0.023 0.026 0.029  A 54434
   2776.92816 12.011 12.048 12.047 12.019 12.005    0.030 0.025 0.025 0.029 0.032  A 55431
   2786.89648 11.963 12.013 11.989 11.978 11.977    0.025 0.024 0.018 0.019 0.021  A 56678
   2809.84010 11.979 12.035 12.044 12.042 12.022    0.024 0.025 0.022 0.024 0.027  A 59590
   2811.88234 12.010 11.993 12.020 12.016 12.038    0.024 0.038 0.025 0.031 0.026  A 60059
   2813.88930 12.127 12.086 12.039 11.974 11.933    0.033 0.039 0.035 0.041 0.041  A 60519
   2819.92960 12.035 12.092 12.106 12.126 12.100    0.027 0.033 0.027 0.030 0.031  A 61414
   2830.78458 12.122 12.095 12.140 12.169 12.205    0.026 0.029 0.023 0.027 0.029  A 62567
   2832.82813 12.159 12.113 12.116 12.114 12.153    0.024 0.024 0.020 0.021 0.024  A 63032
   2836.87978 12.220 12.209 12.194 12.163 12.169    0.040 0.044 0.041 0.048 0.052  B 63777
   2839.87550 12.277 12.267 12.216 12.269 12.327    0.062 0.066 0.063 0.068 0.075  D 64208
   2841.83786 12.089 12.039 12.031 12.011 12.008    0.030 0.030 0.025 0.027 0.029  A 64611
   2844.86362 12.111 12.102 12.152 12.193 12.177    0.023 0.025 0.019 0.022 0.022  A 65097
   2853.76762 11.972 11.984 11.986 11.980 11.986    0.022 0.023 0.016 0.016 0.019  A 65715
   2856.80757 12.001 11.992 11.969 11.958 11.951    0.027 0.031 0.024 0.027 0.029  A 66127
   2858.86182 12.072 12.053 12.065 12.070 12.051    0.020 0.022 0.015 0.016 0.017  A 66416
   2860.75675 12.053 12.113 12.124 12.116 12.101    0.019 0.029 0.020 0.022 0.024  A 66801
   2862.75849 12.047 12.053 12.097 12.112 12.146    0.030 0.038 0.030 0.034 0.033  A 67219
   2872.81335 12.110 12.071 12.090 12.101 12.108    0.020 0.026 0.018 0.019 0.019  A 68234
   2875.82186 11.948 11.984 11.976 11.973 11.965    0.027 0.026 0.016 0.018 0.019  A 68629
   2877.78211 12.159 12.187 12.170 12.171 12.136    0.020 0.028 0.018 0.020 0.020  A 69009
   2880.74656 12.120 12.093 12.135 12.186 12.234    0.026 0.039 0.030 0.030 0.032  A 69410
   2883.77807 12.084 12.111 12.102 12.114 12.110    0.030 0.028 0.021 0.026 0.022  A 69679
   2885.70382 12.149 12.091 12.107 12.121 12.156    0.021 0.028 0.020 0.024 0.021  A 70053
   2886.80801 12.002 11.990 11.997 12.006 12.004    0.032 0.027 0.022 0.022 0.024  A 70309
   2892.75572 12.146 12.126 12.147 12.159 12.137    0.035 0.028 0.024 0.026 0.031  A 70725
   2895.79612 11.942 11.952 11.948 11.933 11.929    0.027 0.026 0.021 0.023 0.023  A 71337
   2897.81502 12.033 12.070 12.094 12.114 12.117    0.021 0.020 0.018 0.020 0.022  A 71744
   2899.77483 12.053 12.045 12.076 12.092 12.090    0.025 0.023 0.019 0.021 0.022  A 72090
   2902.74370 12.123 12.121 12.122 12.114 12.104    0.024 0.025 0.020 0.022 0.021  A 72557
   2905.65917 12.056 12.031 12.052 12.045 12.046    0.021 0.032 0.022 0.023 0.021  A 72989
   2907.82064 12.082 12.136 12.136 12.077 12.118    0.047 0.063 0.051 0.055 0.052  D 73311
   2910.65575 12.081 12.085 12.061 12.078 12.093    0.025 0.044 0.029 0.029 0.025  A 73730
   2912.68907 12.003 12.016 12.004 12.016 12.010    0.023 0.046 0.032 0.035 0.025  A 74122
   2915.66605 12.030 12.063 12.020 11.991 11.988    0.023 0.023 0.019 0.021 0.022  A 74396
   2918.68615 12.185 12.166 12.165 12.154 12.145    0.026 0.022 0.021 0.024 0.028  A 74910
   2921.72498 12.199 12.186 12.195 12.192 12.194    0.028 0.028 0.027 0.031 0.037  A 75117
   2923.71260 11.918 11.939 11.934 11.938 11.955    0.024 0.032 0.024 0.027 0.030  A 75488
   2926.71623 12.122 12.109 12.111 12.109 12.135    0.023 0.028 0.020 0.022 0.024  A 75849
   2930.70535 12.109 12.128 99.999 99.999 99.999    0.033 0.035 0.020 0.020 0.021  C 76567
   2932.69452 12.051 12.032 12.063 12.057 12.083    0.026 0.033 0.026 0.030 0.034  A 76918
   2934.68922 12.002 11.995 11.981 12.001 11.995    0.025 0.020 0.017 0.019 0.020  A 77270
   2936.69258 12.076 12.034 11.973 11.961 12.036    0.059 0.061 0.069 0.085 0.098  D 77622
   2940.57558 11.969 12.010 12.017 12.068 12.077    0.024 0.026 0.020 0.021 0.023  A 77975
   2943.59283 12.109 12.038 12.023 11.999 12.007    0.042 0.022 0.019 0.020 0.023  A 78344
   2944.73742 12.013 12.027 12.018 11.994 11.982    0.042 0.022 0.020 0.021 0.023  A 78569
   2946.60985 11.972 11.968 11.980 11.998 11.999    0.022 0.029 0.022 0.026 0.025  A 78814
   2948.60893 12.150 12.109 12.140 12.176 12.167    0.030 0.035 0.029 0.031 0.037  A 79127
   2950.64338 12.134 12.089 12.098 12.092 12.039    0.027 0.026 0.024 0.028 0.032  A 79446
   2954.66265 12.079 12.094 12.106 12.094 12.064    0.027 0.031 0.026 0.029 0.033  A 79951
   2956.66127 12.049 12.067 12.090 12.080 12.077    0.029 0.029 0.025 0.026 0.029  A 80245
   2958.65718 12.071 12.100 12.087 12.046 12.064    0.072 0.064 0.064 0.062 0.063  D 80531
   2960.65582 12.118 12.148 12.106 12.076 12.073    0.039 0.039 0.042 0.050 0.057  B 80785
   2962.66513 12.032 11.995 11.973 11.968 11.978    0.027 0.024 0.022 0.024 0.027  A 81073
   2964.66829 12.014 12.065 12.075 12.077 12.051    0.028 0.023 0.022 0.024 0.027  A 81357
   2966.67374 12.189 12.137 12.164 12.177 12.155    0.025 0.025 0.024 0.028 0.032  A 81645
   2968.68141 12.072 12.070 12.079 12.068 12.077    0.020 0.022 0.021 0.023 0.026  A 81923
   2973.55147 12.085 12.086 12.067 12.042 12.069    0.040 0.048 0.052 0.057 0.059  B 82434
   2975.57701 11.985 11.965 11.968 11.964 11.958    0.026 0.023 0.022 0.026 0.028  A 82691
   2977.60498 12.018 12.018 12.007 12.011 12.027    0.022 0.021 0.020 0.024 0.027  A 82973
   2979.62571 12.139 12.153 12.161 12.165 12.156    0.023 0.023 0.021 0.026 0.030  A 83250
   2981.63976 12.061 12.101 12.148 12.173 12.138    0.024 0.025 0.026 0.033 0.039  A 83511
   2983.65345 11.994 11.985 11.999 12.002 11.980    0.078 0.083 0.085 0.086 0.091  D 83784
   2985.66273 12.064 12.005 11.963 11.951 11.924    0.084 0.087 0.085 0.087 0.090  D 84051
   2987.68887 12.084 12.131 12.144 12.143 12.129    0.026 0.023 0.022 0.025 0.029  A 84326
   2990.65570 12.120 12.128 12.110 12.092 12.099    0.031 0.024 0.023 0.026 0.029  A 84651
   2992.65614 12.018 12.021 12.012 12.012 11.990    0.041 0.054 0.056 0.058 0.060  B 84927
   2995.58390 12.081 12.076 12.073 12.090 12.104    0.024 0.024 0.021 0.023 0.027  A 85288
   2997.60979 11.982 11.979 11.994 12.012 12.013    0.055 0.069 0.069 0.069 0.070  D 85573
   3000.59814 12.072 12.085 12.091 12.100 12.118    0.026 0.022 0.020 0.023 0.027  A 85841
   3008.62719 12.052 12.059 12.058 12.050 12.060    0.026 0.025 0.025 0.030 0.034  A 86839
   3011.58844 11.971 11.996 11.980 11.952 11.966    0.027 0.028 0.029 0.035 0.039  A 87230
   3013.59836 12.070 12.084 12.075 12.051 12.078    0.032 0.031 0.034 0.042 0.049  A 87498
   3017.57597 12.037 12.045 12.033 12.005 11.985    0.024 0.022 0.021 0.024 0.027  A 87852
   3019.58011 12.198 12.144 12.080 12.011 11.993    0.051 0.048 0.050 0.057 0.066  B 88119
   3030.55856 11.992 12.019 12.021 12.032 12.040    0.022 0.023 0.022 0.025 0.028  A 88704
   3033.55212 12.117 12.086 12.092 12.091 12.112    0.026 0.024 0.023 0.027 0.031  A 88996
   3043.52788 12.133 12.171 12.200 12.217 12.227    0.029 0.025 0.025 0.030 0.035  A 89890
   3047.52175 12.106 12.100 12.107 12.097 12.124    0.029 0.031 0.032 0.041 0.049  A 90426
   3156.92995 12.079 12.087 12.057 12.042 12.032    0.023 0.023 0.023 0.027 0.030  A 104269
   3171.87376 12.015 12.027 12.004 12.038 12.103    0.036 0.036 0.034 0.038 0.042  A 106259
   3175.93373 12.115 12.097 12.127 12.149 12.137    0.026 0.023 0.022 0.026 0.031  A 106690
   3179.88061 12.043 12.039 12.029 12.029 12.054    0.021 0.022 0.020 0.022 0.025  A 107286
   3183.90084 11.938 12.024 12.022 12.015 11.975    0.034 0.026 0.025 0.031 0.036  A 107744
   3187.85067 12.075 12.078 12.102 12.106 12.105    0.028 0.025 0.024 0.029 0.033  A 108348
   3191.84818 12.063 12.036 12.017 12.056 12.057    0.043 0.036 0.033 0.037 0.043  A 108799
   3290.61719 12.133 12.176 12.151 12.141 12.148    0.043 0.035 0.025 0.024 0.026  A 118130
   3295.59605 12.154 12.142 12.174 12.175 12.154    0.043 0.034 0.022 0.021 0.022  A 118511
   3355.55661 12.161 12.143 12.135 12.125 12.123    0.075 0.045 0.037 0.039 0.040  A 124340
   3403.54002 12.024 12.157 12.159 12.162 12.202    0.069 0.037 0.039 0.044 0.050  A 128216
   3406.53438 12.091 12.073 12.082 12.067 12.071    0.037 0.025 0.024 0.027 0.029  A 128684
   3409.52813 12.211 12.223 12.258 12.292 12.290    0.044 0.031 0.031 0.034 0.037  A 129150
   3412.51928 12.006 11.995 12.008 12.025 12.024    0.042 0.025 0.026 0.031 0.035  A 129586
   3704.60102 11.930 11.964 11.977 11.955 11.950    0.062 0.031 0.026 0.030 0.034  A 168557
   3711.56041 12.032 12.133 12.125 12.105 12.094    0.069 0.033 0.027 0.028 0.030  A 169237
   3713.56839 12.133 12.121 12.109 12.107 12.149    0.039 0.025 0.023 0.026 0.030  A 169516
   3726.55084 12.164 12.189 12.196 12.206 12.222    0.057 0.036 0.032 0.037 0.042  A 171108
   3740.56130 11.989 12.027 12.018 12.007 12.019    0.043 0.026 0.024 0.027 0.029  A 172881
   3743.58194 12.135 12.100 12.091 12.088 12.086    0.034 0.026 0.024 0.027 0.032  A 173260
   3770.53656 12.224 12.165 12.303 12.581 12.977    0.075 0.072 0.087 0.110 0.133  D 176939
   3775.52057 11.978 11.980 11.980 11.971 12.024    0.052 0.038 0.041 0.050 0.062  B 177605
   3778.51865 12.033 12.022 11.994 11.988 11.989    0.047 0.035 0.036 0.045 0.056  B 178063
   4131.53568 12.055 12.024 11.989 11.938 12.001    0.065 0.032 0.031 0.036 0.041  A 212282
   4134.53823 12.256 12.292 12.320 12.365 12.466    0.032 0.030 0.032 0.039 0.043  A 212694
   4137.52929 12.004 12.016 12.021 11.997 12.002    0.030 0.024 0.023 0.026 0.029  A 213095
   4480.56351 12.099 12.084 12.043 12.050 12.041    0.044 0.037 0.036 0.042 0.049  A 253112
   4505.52351 11.942 11.942 11.997 11.985 11.963    0.065 0.042 0.038 0.042 0.048  A 255814
   4509.52716 11.887 11.844 11.923 11.995 12.060    0.051 0.042 0.041 0.047 0.052  A 256386
#dataset= 2 ; 2 F0040-40_123
#desig= 004853-3624.8
#cra=    0.814593  00:48:52.5
#cdec= -36.414104 -36:24:50.8
#class= 0
#cmag_0= 12.424
#cmer_0=  0.000
#nskip_0= 0
#cmag_1= 12.525
#cmer_1=  0.000
#nskip_1= 0
#cmag_2= 12.394
#cmer_2=  0.000
#nskip_2= 0
#cmag_3= 12.368
#cmer_3=  0.000
#nskip_3= 0
#cmag_4= 12.330
#cmer_4=  0.000
#nskip_4= 0
#ra=    0.814593  00:48:52.5
#dec= -36.414104 -36:24:50.8
#     HJD      MAG_0  MAG_1  MAG_2  MAG_3  MAG_4    MER_0 MER_1 MER_2 MER_3 MER_4 GRADE FRAME
   2491.78446 29.999 29.999 29.999 29.999 29.999    0.084 0.080 0.075 0.079 0.078  D 14300
   2506.75117 29.999 29.999 29.999 29.999 29.999    0.080 0.074 0.063 0.068 0.066  D 16714
   2839.87550 12.424 12.525 12.394 12.368 12.330    0.062 0.066 0.063 0.068 0.075  D 64208
   3006.60997 29.999 29.999 29.999 29.999 29.999    0.026 0.024 0.023 0.026 0.029  C 86578
#ndata= 13
#dataset= 3 ; 1 F0120-40_124
#desig= 004851-3625.0
#cra=    0.814263  00:48:51.3
#cdec= -36.416087 -36:24:57.9
#class= 0
#cmag_0= 12.108
#cmer_0=  0.095
#nskip_0= 0
#cmag_1= 12.119
#cmer_1=  0.114
#nskip_1= 0
#cmag_2= 12.111
#cmer_2=  0.089
#nskip_2= 0
#cmag_3= 12.119
#cmer_3=  0.099
#nskip_3= 1
#cmag_4= 12.125
#cmer_4=  0.100
#nskip_4= 1
#ra=    0.814263  00:48:51.3
#dec= -36.416087 -36:24:57.9
#     HJD      MAG_0  MAG_1  MAG_2  MAG_3  MAG_4    MER_0 MER_1 MER_2 MER_3 MER_4 GRADE FRAME
   2143.76308 12.263 12.231 12.256 12.288 12.295    0.062 0.033 0.026 0.028 0.030  A 30854
   2468.92745 12.179 12.160 12.176 12.167 12.158    0.030 0.035 0.027 0.032 0.031  A 11839
   2470.84610 12.129 12.095 12.102 12.076 12.065    0.031 0.035 0.028 0.034 0.028  A 12087
   2473.80458 12.057 12.057 12.072 12.091 12.105    0.031 0.034 0.029 0.035 0.029  A 12756
   2486.79774 12.082 12.074 12.094 12.073 12.068    0.047 0.047 0.041 0.048 0.045  A 13393
   2490.81024 12.152 12.150 12.171 12.238 12.240    0.034 0.036 0.031 0.038 0.031  A 14141
   2492.87728 12.215 12.394 12.374 12.437 12.474    0.064 0.063 0.060 0.067 0.066  D 14373
   2558.74313 12.088 12.080 12.127 12.151 12.170    0.063 0.034 0.027 0.027 0.028  A 22091
   2834.85753 12.104 12.134 12.152 12.154 12.188    0.032 0.033 0.030 0.034 0.041  A 63429
   2886.83276 11.952 12.068 12.039 12.035 12.007    0.022 0.037 0.021 0.023 0.024  A 70320
   2894.70100 12.122 12.111 12.172 12.204 12.249    0.031 0.035 0.028 0.029 0.031  A 71104
   2947.65176 12.000 11.965 11.990 11.983 11.965    0.033 0.036 0.024 0.025 0.028  A 79012
   3177.92459 12.016 11.958 11.978 11.989 12.035    0.041 0.044 0.042 0.049 0.057  B 106995
#ndata= 242
#dataset= 4 ; 1 F0036-32_159
#desig= 004851-3625.0
#cra=    0.814258  00:48:51.3
#cdec= -36.416529 -36:24:59.5
#class= 0
#cmag_0= 12.072
#cmer_0=  0.074
#nskip_0= 1
#cmag_1= 12.109
#cmer_1=  0.075
#nskip_1= 1
#cmag_2= 12.117
#cmer_2=  0.077
#nskip_2= 1
#cmag_3= 12.123
#cmer_3=  0.088
#nskip_3= 1
#cmag_4= 12.125
#cmer_4=  0.098
#nskip_4= 2
#ra=    0.814258  00:48:51.3
#dec= -36.416529 -36:24:59.5
#     HJD      MAG_0  MAG_1  MAG_2  MAG_3  MAG_4    MER_0 MER_1 MER_2 MER_3 MER_4 GRADE FRAME
   1877.56032 12.140 12.166 12.198 12.221 12.233    0.038 0.023 0.020 0.024 0.025  A 1453
   1889.57756 12.035 12.057 12.048 12.040 12.015    0.042 0.028 0.025 0.028 0.032  A 3037
   1900.58946 11.952 12.007 12.030 11.997 11.997    0.039 0.026 0.021 0.023 0.025  A 3332
   2040.90629 12.038 12.122 12.144 12.145 12.162    0.079 0.037 0.034 0.037 0.041  A 19578
   2136.75552 12.070 12.144 12.145 12.164 12.161    0.054 0.028 0.024 0.027 0.029  A 29691
   2156.77471 12.155 12.151 12.163 12.156 12.132    0.044 0.034 0.029 0.031 0.034  A 31706
   2164.69321 12.082 12.125 12.122 12.103 12.077    0.047 0.032 0.026 0.027 0.029  A 31931
   2167.67937 11.972 12.052 12.076 12.095 12.113    0.049 0.032 0.026 0.029 0.031  A 32115
   2168.68682 11.961 12.011 12.016 12.011 12.025    0.054 0.033 0.027 0.028 0.030  A 32286
   2169.69845 12.006 12.010 12.021 12.052 12.048    0.034 0.034 0.027 0.030 0.028  A 32444
   2170.73754 12.012 12.243 12.354 12.344 12.391    0.077 0.072 0.075 0.090 0.103  D 32504
   2171.68996 12.166 12.183 12.191 12.214 12.216    0.040 0.030 0.025 0.026 0.029  A 32624
   2173.67283 12.078 12.111 12.128 12.142 12.160    0.044 0.029 0.024 0.025 0.027  A 32994
   2174.68021 12.116 12.159 12.170 12.186 12.206    0.046 0.033 0.026 0.028 0.030  A 33171
   2175.65823 12.188 12.275 12.265 12.238 12.199    0.051 0.039 0.034 0.037 0.040  A 33306
   2177.64779 11.946 12.035 12.051 12.065 12.074    0.052 0.038 0.030 0.032 0.035  A 33430
   2183.72764 12.079 12.088 12.123 12.163 12.242    0.038 0.036 0.032 0.034 0.034  A 33926
   2185.64986 12.099 12.201 12.175 12.145 12.162    0.043 0.037 0.030 0.032 0.034  A 34271
   2186.67595 12.134 12.177 12.180 12.167 12.145    0.042 0.038 0.030 0.033 0.033  A 34397
   2188.67191 12.004 12.002 12.043 12.070 12.063    0.041 0.037 0.031 0.034 0.032  A 34706
   2190.60706 12.090 12.170 12.158 12.134 12.120    0.043 0.035 0.028 0.028 0.029  A 34925
   2191.64527 12.083 12.114 12.102 12.102 12.094    0.034 0.030 0.024 0.025 0.026  A 35117
   2192.64209 12.039 12.067 12.080 12.058 12.041    0.042 0.030 0.024 0.026 0.028  A 35290
   2193.64771 12.015 12.039 12.052 12.055 12.057    0.037 0.031 0.025 0.026 0.026  A 35475
   2194.62991 12.224 12.230 12.243 12.277 12.301    0.043 0.035 0.027 0.028 0.030  A 35646
   2195.63193 12.140 12.156 12.169 12.177 12.167    0.042 0.034 0.027 0.028 0.030  A 35824
   2196.64002 12.076 12.070 12.060 12.040 12.034    0.044 0.035 0.029 0.031 0.032  A 35960
   2197.62848 12.039 12.048 12.082 12.099 12.120    0.045 0.036 0.028 0.029 0.029  A 36139
   2198.62284 12.109 12.140 12.115 12.133 12.160    0.043 0.034 0.027 0.029 0.029  A 36308
   2199.62791 12.135 12.148 12.166 12.166 12.164    0.042 0.035 0.029 0.030 0.029  A 36490
   2201.60765 12.021 12.076 12.083 12.097 12.107    0.042 0.035 0.027 0.028 0.028  A 36730
   2202.61746 12.045 12.039 12.068 12.084 12.108    0.043 0.036 0.028 0.030 0.029  A 36902
   2203.61594 12.107 12.081 12.133 12.166 12.157    0.044 0.041 0.035 0.039 0.042  A 37075
   2204.60271 12.171 12.176 12.177 12.193 12.193    0.042 0.037 0.027 0.029 0.028  A 37196
   2206.60370 11.975 11.981 12.009 12.024 12.054    0.039 0.037 0.029 0.033 0.030  A 37472
   2207.60701 11.972 12.018 12.054 12.049 12.049    0.046 0.038 0.030 0.032 0.033  A 37646
   2211.62397 12.072 12.123 12.128 12.141 12.141    0.046 0.043 0.038 0.042 0.041  A 37846
   2213.57072 12.086 12.124 12.152 12.179 12.187    0.041 0.039 0.033 0.035 0.034  A 38059
   2214.59498 12.080 12.149 12.187 12.229 12.259    0.045 0.039 0.031 0.034 0.035  A 38217
   2215.59484 12.119 12.193 12.174 12.188 12.224    0.047 0.042 0.036 0.040 0.039  A 38384
   2216.59508 12.014 12.030 12.082 12.128 12.120    0.043 0.038 0.032 0.036 0.034  A 38554
   2217.59693 12.029 12.071 12.054 12.055 12.058    0.043 0.037 0.030 0.036 0.033  A 38722
   2219.56561 12.098 12.113 12.151 12.154 12.119    0.044 0.040 0.033 0.037 0.035  A 38882
   2221.58449 12.049 12.061 12.087 12.104 12.104    0.045 0.039 0.032 0.036 0.033  A 39007
   2222.58917 12.051 12.098 12.118 12.140 12.152    0.042 0.038 0.031 0.038 0.035  A 39164
   2225.59084 12.028 12.171 12.137 12.146 12.152    0.041 0.036 0.029 0.034 0.032  A 39489
   2226.58258 12.010 12.055 12.081 12.093 12.088    0.044 0.036 0.030 0.036 0.035  A 39640
   2227.58093 12.038 12.134 12.114 12.102 12.081    0.043 0.040 0.031 0.036 0.034  A 39792
   2228.57915 12.041 12.101 12.128 12.148 12.187    0.044 0.038 0.032 0.041 0.039  A 39954
   2230.54825 12.049 12.114 12.121 12.136 12.127    0.044 0.039 0.031 0.036 0.034  A 40268
   2232.56357 12.116 12.128 12.144 12.144 12.134    0.042 0.036 0.031 0.035 0.034  A 40442
   2234.53717 12.034 12.072 12.080 12.085 12.092    0.044 0.039 0.033 0.039 0.037  A 40746
   2235.55098 11.947 12.020 12.059 12.091 12.114    0.044 0.037 0.030 0.035 0.033  A 40907
   2236.54968 11.984 12.008 12.022 12.027 12.036    0.049 0.042 0.034 0.041 0.039  A 41069
   2239.54360 12.157 12.174 12.141 12.140 12.161    0.048 0.042 0.035 0.043 0.042  A 41382
   2241.54733 12.082 12.096 12.108 12.116 12.089    0.048 0.043 0.036 0.043 0.041  A 41701
   2243.55027 12.227 12.214 12.212 12.188 12.217    0.057 0.048 0.041 0.050 0.050  A 42018
   2248.53929 12.119 12.202 12.219 12.225 12.247    0.054 0.043 0.036 0.042 0.042  A 42455
   2250.59133 12.158 12.175 12.178 12.165 12.157    0.048 0.043 0.034 0.040 0.038  A 42835
   2252.58720 11.994 12.049 12.015 12.029 12.032    0.055 0.045 0.037 0.042 0.041  A 43157
   2254.57872 12.053 12.123 12.099 12.095 12.082    0.056 0.044 0.036 0.041 0.039  A 43445
   2256.57982 11.973 12.004 12.053 12.069 12.072    0.054 0.047 0.037 0.040 0.038  A 43762
   2258.58511 11.966 12.048 12.051 12.043 12.057    0.062 0.053 0.043 0.048 0.046  A 44088
   2263.58212 12.093 12.112 12.131 12.163 12.164    0.075 0.059 0.048 0.056 0.054  D 44683
   2266.53665 12.038 12.078 12.099 12.082 12.073    0.066 0.052 0.045 0.056 0.056  B 45095
   2271.53982 12.037 12.093 12.054 12.094 12.140    0.082 0.065 0.054 0.063 0.064  D 45523
   3356.60491 12.243 12.229 12.254 12.276 12.311    0.097 0.051 0.045 0.048 0.049  D 124463
   3359.59451 11.997 12.031 12.021 12.027 12.023    0.092 0.047 0.040 0.044 0.047  D 124793
   3362.62143 12.147 12.168 12.182 12.184 12.173    0.050 0.038 0.036 0.039 0.043  A 124832
   3385.54186 12.234 12.267 12.265 12.265 12.270    0.061 0.032 0.029 0.032 0.036  A 126002
   3387.56889 12.004 12.020 12.022 12.029 12.027    0.067 0.037 0.033 0.037 0.042  A 126295
   3390.55951 12.206 12.246 12.271 12.278 12.279    0.041 0.030 0.028 0.033 0.039  A 126695
   3394.55955 12.123 12.203 12.219 12.245 12.243    0.031 0.027 0.029 0.034 0.038  A 127114
   3397.55044 12.015 12.074 12.095 12.129 12.130    0.043 0.026 0.027 0.031 0.036  A 127472
   3400.54587 12.477 12.525 12.466 12.407 12.347    0.031 0.023 0.022 0.024 0.028  A 127879
   3512.89061 12.165 12.183 12.170 12.157 12.157    0.045 0.031 0.027 0.032 0.037  A 143945
   3526.88496 12.038 12.091 12.098 12.086 12.072    0.042 0.033 0.033 0.037 0.042  A 145765
   3541.88309 12.042 12.098 12.109 12.114 12.108    0.030 0.026 0.025 0.030 0.035  A 147324
   3544.90053 99.999 99.999 99.999 99.999 99.999    0.037 0.027 0.028 0.034 0.039  C 147788
   3552.86475 12.164 12.248 12.218 12.224 12.235    0.036 0.029 0.028 0.031 0.036  A 148544
   3560.82651 12.087 12.150 12.187 12.235 12.240    0.047 0.036 0.032 0.034 0.037  A 149625
   3563.84612 12.081 12.143 12.161 12.164 12.208    0.031 0.025 0.025 0.028 0.031  A 150155
   3568.90452 12.071 12.132 12.119 12.097 12.088    0.033 0.030 0.023 0.025 0.028  A 150470
   3570.88334 12.014 12.060 12.078 12.088 12.106    0.032 0.026 0.024 0.027 0.030  A 150839
   3573.84055 11.954 12.027 12.049 12.055 12.032    0.038 0.034 0.027 0.031 0.035  A 151179
   3576.82620 12.144 12.228 12.207 12.236 12.249    0.032 0.027 0.025 0.029 0.033  A 151710
   3579.87887 12.225 12.208 12.229 12.225 12.244    0.058 0.038 0.034 0.036 0.041  A 152237
   3583.83963 12.082 12.162 12.159 12.161 12.175    0.049 0.031 0.026 0.028 0.030  A 152904
   3586.80074 12.161 12.164 12.156 12.148 12.148    0.068 0.040 0.034 0.036 0.038  A 153404
   3589.79317 12.010 12.012 12.006 12.000 12.003    0.048 0.031 0.025 0.026 0.029  A 153895
   3592.78139 12.042 12.090 12.138 12.166 12.139    0.065 0.035 0.031 0.033 0.035  A 154408
   3596.82908 11.955 12.032 12.045 12.053 12.024    0.045 0.035 0.036 0.044 0.051  A 155023
   3603.73618 11.998 12.041 12.037 12.043 11.998    0.034 0.028 0.026 0.029 0.034  A 155916
   3615.87431 12.033 12.092 12.118 12.191 12.261    0.060 0.037 0.035 0.041 0.048  A 156981
   3618.71942 12.117 12.130 12.130 12.139 12.128    0.066 0.040 0.037 0.040 0.045  A 157310
   3621.70963 12.000 11.935 11.877 11.867 11.861    0.071 0.042 0.040 0.045 0.053  A 157763
   3624.75457 12.041 12.095 12.125 12.168 12.215    0.034 0.033 0.023 0.025 0.027  A 158084
   3626.75112 12.136 12.207 12.195 12.178 12.146    0.032 0.032 0.026 0.030 0.033  A 158357
   3629.70916 12.102 12.076 12.079 12.057 12.049    0.037 0.033 0.029 0.034 0.039  A 158641
   3631.72787 12.125 12.125 12.111 12.075 12.043    0.059 0.036 0.032 0.039 0.046  A 158985
   3633.76520 11.962 12.011 12.053 12.077 12.118    0.033 0.028 0.027 0.032 0.038  A 159259
   3636.75397 12.087 12.156 12.137 12.138 12.094    0.040 0.031 0.029 0.033 0.040  A 159621
   3639.66020 12.156 12.228 12.196 12.192 12.182    0.051 0.040 0.035 0.036 0.040  A 159944
   3641.85006 11.986 12.069 12.068 12.052 12.008    0.030 0.027 0.024 0.027 0.031  A 160245
   3644.64859 12.109 12.128 12.127 12.144 12.185    0.068 0.039 0.038 0.044 0.050  A 160610
   3647.82070 12.057 12.124 12.132 12.146 12.143    0.028 0.027 0.021 0.024 0.027  A 160936
   3650.63778 12.004 12.053 12.114 12.145 12.166    0.034 0.026 0.020 0.022 0.024  A 161310
   3652.67104 12.063 12.089 12.110 12.117 12.116    0.081 0.041 0.035 0.037 0.040  B 161614
   3654.66971 12.047 12.119 12.126 12.128 12.131    0.070 0.036 0.032 0.034 0.038  A 161890
   3656.64938 12.027 12.049 12.054 12.060 12.065    0.032 0.026 0.024 0.026 0.029  A 162181
   3658.66432 12.043 12.078 12.110 12.147 12.167    0.035 0.027 0.028 0.032 0.035  A 162482
   3660.69249 12.034 12.202 12.281 12.348 12.383    0.054 0.037 0.034 0.041 0.047  A 162800
   3662.75460 12.205 12.161 12.138 12.112 12.074    0.053 0.039 0.041 0.049 0.059  B 163105
   3664.77030 11.962 12.072 12.101 12.125 12.122    0.057 0.034 0.031 0.033 0.037  A 163400
   3668.65177 12.129 12.190 12.194 12.210 12.255    0.032 0.027 0.022 0.023 0.025  A 163834
   3670.68778 12.104 12.140 12.170 12.183 12.178    0.032 0.026 0.022 0.024 0.027  A 164130
   3672.76837 12.216 12.270 12.256 12.231 12.196    0.035 0.027 0.025 0.029 0.033  A 164442
   3675.60522 12.037 12.013 12.013 12.017 12.011    0.031 0.023 0.022 0.025 0.027  A 164821
   3677.72501 12.102 12.089 12.097 12.111 12.119    0.058 0.035 0.028 0.029 0.032  A 165144
   3700.59644 11.944 12.022 12.055 12.073 12.070    0.048 0.034 0.032 0.034 0.039  A 168027
   3702.72969 12.041 12.092 12.062 12.037 11.999    0.046 0.030 0.027 0.030 0.034  A 168331
   3705.61586 12.051 12.018 12.031 12.016 12.029    0.084 0.044 0.038 0.040 0.042  B 168700
   3707.69493 12.094 12.157 12.123 12.109 12.106    0.054 0.031 0.025 0.027 0.029  A 169002
   3711.69718 12.121 12.178 12.189 12.178 12.180    0.056 0.031 0.027 0.028 0.032  A 169284
   3713.65089 12.055 12.076 12.079 12.080 12.069    0.063 0.035 0.031 0.034 0.038  A 169544
   3715.68889 12.051 12.076 12.135 12.180 12.116    0.063 0.036 0.036 0.042 0.048  A 169843
   3718.58124 12.064 12.142 12.154 12.144 12.096    0.050 0.032 0.032 0.037 0.041  A 170181
   3720.66563 12.127 12.116 12.104 12.124 12.140    0.049 0.032 0.032 0.039 0.045  A 170447
   3726.57617 12.179 12.237 12.298 12.357 12.406    0.055 0.042 0.043 0.046 0.045  A 171116
   3728.63190 12.061 12.116 12.156 12.180 12.170    0.046 0.031 0.031 0.036 0.041  A 171410
   3732.59624 12.040 12.113 12.096 12.050 11.999    0.038 0.033 0.034 0.039 0.043  A 171808
   3735.59563 12.068 12.063 12.084 12.093 12.141    0.034 0.023 0.022 0.026 0.029  A 172198
   3738.56540 12.147 12.165 12.190 12.183 12.230    0.050 0.030 0.025 0.027 0.030  A 172605
   3740.61708 12.070 12.068 12.106 12.150 12.167    0.035 0.026 0.024 0.027 0.031  A 172900
   3743.59884 12.165 12.148 12.175 12.201 12.261    0.049 0.029 0.027 0.031 0.034  A 173266
   3747.57386 12.105 12.122 12.124 12.152 12.207    0.037 0.027 0.029 0.035 0.041  A 173793
   3750.56894 12.065 12.069 12.055 12.001 11.933    0.053 0.035 0.034 0.040 0.048  A 174216
   3753.56961 12.223 12.315 12.377 12.461 12.544    0.050 0.034 0.033 0.037 0.040  A 174633
   3756.56205 11.959 11.977 11.952 11.941 11.939    0.049 0.033 0.033 0.039 0.048  A 175038
   3759.55283 12.096 12.122 12.158 12.183 12.236    0.047 0.032 0.034 0.039 0.043  A 175455
   3762.55480 12.113 12.151 12.185 12.223 12.268    0.048 0.035 0.038 0.043 0.048  A 175849
   3765.54798 12.078 12.077 12.078 12.093 12.116    0.039 0.034 0.035 0.038 0.043  A 176265
   3768.54167 12.082 12.021 12.012 12.022 12.023    0.073 0.040 0.040 0.045 0.051  A 176681
   3772.53433 12.135 12.200 12.184 12.179 12.175    0.043 0.028 0.026 0.029 0.033  A 177187
   3776.52344 12.041 12.088 12.081 12.072 12.023    0.057 0.034 0.034 0.041 0.048  A 177758
   3860.92755 12.046 12.037 12.023 12.009 12.029    0.040 0.034 0.032 0.037 0.044  A 188929
   3866.91532 12.022 12.099 12.110 12.104 12.093    0.034 0.025 0.026 0.030 0.034  A 189975
   3871.91412 12.003 12.034 12.025 12.007 11.982    0.066 0.037 0.034 0.038 0.044  A 190836
   3877.90329 12.011 12.090 12.096 12.118 12.117    0.032 0.028 0.026 0.028 0.031  A 191581
   3892.88198 12.005 12.004 12.018 12.032 12.024    0.059 0.035 0.031 0.035 0.039  A 193608
   3898.92864 11.955 11.954 11.966 11.932 11.920    0.052 0.032 0.028 0.032 0.036  A 194451
   3902.90667 12.014 12.096 12.141 12.164 12.158    0.047 0.031 0.026 0.029 0.034  A 195125
   3906.87229 99.999 99.999 99.999 99.999 99.999    0.029 0.024 0.023 0.026 0.029  C 195872
   3909.92138 12.053 12.091 12.070 12.052 12.078    0.035 0.024 0.025 0.030 0.034  A 196470
   3913.93027 11.984 12.038 12.088 12.113 12.187    0.108 0.059 0.046 0.047 0.047  D 197034
   4090.60558 12.128 12.143 12.150 12.154 12.155    0.049 0.031 0.030 0.035 0.041  A 209248
   4104.62332 12.040 12.097 12.085 12.045 12.043    0.047 0.032 0.031 0.036 0.044  A 210695
   4107.56182 11.895 12.019 12.025 12.049 12.092    0.065 0.033 0.027 0.029 0.033  A 211074
   4111.56639 12.063 12.125 12.135 12.151 12.172    0.092 0.044 0.036 0.038 0.040  D 211360
   4126.54269 12.037 12.043 12.032 12.030 12.015    0.046 0.037 0.039 0.042 0.044  A 211633
   4128.55685 12.024 12.009 12.005 11.981 11.963    0.038 0.031 0.028 0.029 0.032  A 211905
   4131.55113 12.001 12.087 12.108 12.153 12.262    0.042 0.029 0.028 0.033 0.039  A 212287
   4135.52238 12.043 12.029 11.990 11.922 11.874    0.051 0.039 0.042 0.053 0.061  B 212818
   4146.51504 12.016 12.017 12.005 12.070 12.143    0.062 0.065 0.086 0.128 0.143  D 214373
   4231.91172 12.108 12.136 12.129 12.145 12.153    0.059 0.039 0.031 0.035 0.039  A 223969
   4235.91556 12.150 12.105 12.124 12.118 12.154    0.041 0.043 0.043 0.052 0.060  B 224682
   4255.93380 11.971 12.048 12.036 12.049 12.081    0.037 0.035 0.033 0.038 0.044  A 227178
   4268.93854 12.058 12.167 12.177 12.151 12.132    0.051 0.041 0.036 0.039 0.043  A 228086
   4273.87500 12.067 12.135 12.118 12.108 12.069    0.042 0.038 0.030 0.031 0.032  A 228578
   4278.91890 12.168 12.214 12.233 12.253 12.291    0.059 0.054 0.055 0.058 0.061  B 229232
   4284.90995 12.003 12.097 12.072 12.057 12.054    0.043 0.034 0.028 0.030 0.034  A 229899
   4289.92977 12.005 12.059 12.056 12.016 11.940    0.058 0.055 0.054 0.061 0.070  D 230441
   4292.86862 12.164 12.133 12.176 12.191 12.197    0.037 0.034 0.026 0.028 0.030  A 230955
   4295.85369 12.076 12.067 12.070 12.072 12.064    0.042 0.037 0.032 0.034 0.037  A 231469
   4298.84443 12.102 12.121 12.153 12.133 12.084    0.045 0.044 0.044 0.050 0.057  A 231999
   4301.80003 12.054 12.059 12.079 12.090 12.101    0.046 0.038 0.032 0.033 0.038  A 232525
   4303.85938 12.054 12.113 12.147 12.177 12.168    0.043 0.041 0.038 0.041 0.043  A 232845
   4305.85223 12.064 12.087 12.132 12.170 12.178    0.039 0.034 0.027 0.029 0.030  A 233206
   4307.82899 12.102 12.117 12.124 12.135 12.176    0.053 0.050 0.054 0.056 0.059  B 233543
   4309.81623 99.999 99.999 99.999 99.999 99.999    0.039 0.035 0.030 0.034 0.038  C 233852
   4311.86360 12.023 12.116 12.073 12.029 12.008    0.047 0.045 0.041 0.045 0.049  A 234136
   4314.84423 12.079 12.122 12.088 12.066 12.056    0.052 0.058 0.057 0.060 0.063  D 234448
   4329.82548 12.017 12.059 12.071 12.093 12.104    0.041 0.042 0.037 0.039 0.042  A 235203
   4331.80087 12.197 12.220 12.210 12.220 12.204    0.036 0.033 0.024 0.025 0.027  A 235553
   4333.77250 12.009 12.012 12.032 12.025 12.012    0.049 0.058 0.062 0.065 0.068  D 235903
   4336.77495 12.220 12.164 12.229 12.276 12.289    0.038 0.036 0.032 0.035 0.038  A 236249
   4339.72946 12.144 12.168 12.152 12.163 12.162    0.039 0.036 0.030 0.034 0.038  A 236620
   4341.75758 12.174 12.175 12.124 12.087 12.103    0.037 0.034 0.029 0.031 0.035  A 236965
   4343.77966 12.030 12.057 12.025 11.969 11.964    0.049 0.041 0.043 0.048 0.053  A 237326
   4345.78297 12.149 12.103 12.138 12.200 12.244    0.072 0.059 0.061 0.065 0.067  D 237653
   4350.70948 12.055 12.055 12.050 12.048 12.043    0.065 0.041 0.035 0.036 0.040  A 238473
   4353.70050 12.116 12.165 12.168 12.160 12.176    0.031 0.029 0.023 0.024 0.027  A 238878
   4355.75077 12.156 12.226 12.210 12.225 12.247    0.036 0.031 0.024 0.026 0.029  A 239212
   4358.69267 12.196 12.190 12.198 12.179 12.163    0.040 0.038 0.033 0.034 0.036  A 239649
   4361.67680 12.117 12.166 12.191 12.188 12.188    0.076 0.046 0.039 0.033 0.036  A 240038
   4363.70317 12.169 12.178 12.149 12.129 12.092    0.032 0.032 0.025 0.027 0.028  A 240360
   4365.70455 11.980 12.052 12.055 12.053 12.025    0.033 0.031 0.025 0.027 0.030  A 240672
   4367.77973 12.160 12.187 12.161 12.159 12.181    0.044 0.040 0.035 0.039 0.046  A 240893
   4369.74510 12.024 12.065 12.090 12.088 12.101    0.041 0.039 0.035 0.041 0.048  A 241179
   4371.76147 12.042 12.129 12.181 12.233 12.343    0.071 0.041 0.036 0.040 0.046  A 241514
   4373.77768 11.983 12.155 12.178 12.194 12.213    0.076 0.042 0.036 0.039 0.044  A 241813
   4376.76994 12.226 12.229 12.247 12.229 12.266    0.047 0.039 0.037 0.041 0.046  A 242168
   4379.63014 12.057 12.030 12.050 12.061 12.071    0.040 0.031 0.028 0.029 0.032  A 242570
   4381.68560 12.059 12.070 12.089 12.116 12.100    0.042 0.039 0.036 0.038 0.043  A 242889
   4383.77546 11.959 11.982 12.022 12.027 12.044    0.048 0.041 0.038 0.042 0.046  A 243224
   4385.72365 12.174 12.249 12.233 12.228 12.232    0.045 0.037 0.027 0.029 0.029  A 243521
   4387.76295 12.108 12.100 12.119 12.144 12.170    0.049 0.038 0.031 0.031 0.034  A 243850
   4393.67331 12.222 12.234 12.270 12.357 12.426    0.049 0.041 0.042 0.049 0.056  A 244660
   4398.77369 11.947 12.048 12.074 12.093 12.061    0.064 0.040 0.038 0.042 0.048  A 244761
   4400.75500 12.181 12.148 12.178 12.274 12.400    0.087 0.061 0.061 0.073 0.086  D 245009
   4403.78359 99.999 99.999 99.999 99.999 99.999    0.045 0.034 0.029 0.032 0.036  C 245309
   4407.77203 12.244 12.252 12.233 12.224 12.220    0.050 0.038 0.033 0.038 0.043  A 245625
   4410.62705 11.871 11.982 12.011 12.018 12.018    0.074 0.042 0.035 0.037 0.040  A 245965
   4413.66887 12.258 12.278 12.309 12.340 12.370    0.041 0.038 0.036 0.039 0.041  A 246259
   4419.63251 12.008 12.017 12.039 12.031 11.995    0.071 0.044 0.036 0.041 0.048  A 246399
   4422.60584 12.020 12.002 11.995 11.974 11.961    0.069 0.038 0.030 0.033 0.036  A 246645
   4426.60828 12.018 11.995 11.976 11.946 11.882    0.052 0.035 0.034 0.041 0.049  A 246937
   4428.65594 12.037 12.033 12.019 12.059 12.163    0.042 0.033 0.033 0.040 0.047  A 247182
   4431.57054 12.243 12.254 12.327 12.427 12.560    0.045 0.034 0.031 0.034 0.039  A 247509
   4433.64697 12.042 12.066 12.056 12.043 11.987    0.035 0.029 0.026 0.031 0.036  A 247796
   4435.71165 12.061 12.258 12.312 12.335 12.366    0.067 0.038 0.032 0.034 0.038  A 248055
   4438.61930 12.078 12.160 12.168 12.167 12.121    0.052 0.037 0.035 0.038 0.042  A 248399
   4440.70941 12.124 12.150 12.188 12.215 12.228    0.032 0.031 0.028 0.030 0.034  A 248687
   4443.62902 12.147 12.188 12.187 12.164 12.131    0.043 0.036 0.031 0.032 0.034  A 248981
   4453.62262 12.014 12.027 12.010 11.995 11.968    0.046 0.043 0.047 0.052 0.059  B 250119
   4456.59693 12.049 12.101 12.106 12.126 12.143    0.042 0.035 0.038 0.047 0.057  A 250437
   4459.58154 12.010 12.040 12.055 12.085 12.108    0.040 0.033 0.031 0.038 0.048  A 250790
   4462.57690 12.170 12.176 12.204 12.214 12.221    0.029 0.027 0.025 0.029 0.033  A 251155
   4464.62972 12.037 12.149 12.208 12.261 12.275    0.055 0.039 0.033 0.035 0.040  A 251413
   4467.59126 12.122 12.189 12.174 12.144 12.179    0.067 0.065 0.069 0.072 0.076  D 251740
   4470.59276 11.973 12.021 12.038 12.059 12.082    0.049 0.038 0.028 0.031 0.034  A 252085
   4474.59409 12.075 12.092 12.085 12.079 12.108    0.054 0.047 0.051 0.057 0.063  B 252461
   4477.56701 12.078 12.137 12.167 12.178 12.146    0.031 0.028 0.025 0.028 0.032  A 252754
   4480.55491 12.033 12.070 12.110 12.157 12.251    0.052 0.047 0.053 0.060 0.067  B 253109
   4483.57008 12.025 12.008 12.000 11.968 11.958    0.041 0.031 0.029 0.033 0.039  A 253436
   4486.58102 12.054 12.095 12.092 12.075 12.099    0.044 0.038 0.038 0.045 0.053  A 253690
   4489.56250 12.003 12.036 12.047 12.056 12.027    0.036 0.031 0.030 0.035 0.041  A 254037
   4492.55759 12.136 12.128 12.124 12.130 12.162    0.039 0.033 0.031 0.036 0.042  A 254373
   4497.54491 12.128 12.208 12.136 12.008 11.929    0.066 0.050 0.052 0.063 0.075  D 254738
   4500.54131 12.145 12.129 12.148 12.181 12.186    0.041 0.033 0.029 0.032 0.037  A 255121
   4504.53654 12.194 12.279 12.283 12.199 12.115    0.062 0.068 0.070 0.088 0.106  D 255676
   4507.52150 11.925 11.928 11.897 11.896 11.866    0.040 0.037 0.038 0.045 0.052  A 256103
#ndata= 91
#dataset= 5 ; 1 F0112-32_160
#desig= 004852-3625.0
#cra=    0.814328  00:48:51.6
#cdec= -36.416805 -36:25:00.5
#class= 0
#cmag_0= 12.064
#cmer_0=  0.090
#nskip_0= 0
#cmag_1= 12.095
#cmer_1=  0.083
#nskip_1= 0
#cmag_2= 12.119
#cmer_2=  0.101
#nskip_2= 0
#cmag_3= 12.124
#cmer_3=  0.125
#nskip_3= 1
#cmag_4= 12.134
#cmer_4=  0.147
#nskip_4= 0
#ra=    0.814328  00:48:51.6
#dec= -36.416805 -36:25:00.5
#     HJD      MAG_0  MAG_1  MAG_2  MAG_3  MAG_4    MER_0 MER_1 MER_2 MER_3 MER_4 GRADE FRAME
   2486.80463 12.030 12.113 12.107 12.133 12.143    0.042 0.038 0.032 0.039 0.038  A 13396
   3356.59215 12.151 12.186 12.207 12.185 12.205    0.088 0.044 0.039 0.040 0.043  B 124459
   3365.58760 12.090 12.140 12.183 12.179 12.175    0.045 0.032 0.032 0.037 0.043  A 125041
   3367.64475 12.084 12.188 12.207 12.194 12.210    0.056 0.037 0.039 0.047 0.054  A 125262
   3372.59548 12.203 12.152 12.195 12.236 12.324    0.081 0.045 0.042 0.046 0.052  B 125303
   3387.55307 11.994 12.020 12.052 12.054 12.067    0.044 0.032 0.030 0.035 0.040  A 126289
   3390.55768 12.162 12.154 12.157 12.158 12.126    0.045 0.029 0.029 0.033 0.038  A 126694
   3861.92122 12.085 12.140 12.200 12.199 12.159    0.036 0.030 0.028 0.033 0.039  A 189114
   3872.92280 12.023 12.027 12.066 12.097 12.075    0.039 0.033 0.033 0.040 0.047  A 191030
   3877.92547 12.074 12.101 12.129 12.165 12.181    0.039 0.029 0.028 0.032 0.037  A 191589
   3889.92328 11.971 11.998 12.038 12.052 12.062    0.041 0.032 0.025 0.027 0.031  A 193086
   3900.89599 11.971 12.049 12.066 12.027 11.981    0.050 0.031 0.032 0.040 0.046  A 194740
   3903.91366 11.927 11.963 12.002 12.001 11.993    0.041 0.027 0.024 0.027 0.031  A 195317
   3906.91907 12.073 12.140 12.183 12.222 12.246    0.035 0.027 0.025 0.027 0.030  A 195889
   4090.60885 12.095 12.099 12.144 12.186 12.221    0.056 0.031 0.028 0.030 0.036  A 209249
   4092.67287 12.207 12.209 12.199 12.175 12.215    0.084 0.044 0.039 0.043 0.048  B 209527
   4104.61571 11.993 12.039 12.068 12.089 12.160    0.047 0.032 0.032 0.038 0.046  A 210692
   4107.55741 12.087 12.087 12.102 12.107 12.150    0.055 0.029 0.024 0.026 0.030  A 211072
   4111.56965 12.294 12.272 12.313 12.392 12.454    0.049 0.030 0.029 0.033 0.038  A 211361
   4125.56519 12.172 12.138 12.167 12.179 12.163    0.081 0.054 0.047 0.047 0.041  B 211511
   4127.57399 11.937 11.998 12.047 12.037 12.068    0.046 0.030 0.026 0.028 0.032  A 211776
   4129.58547 11.997 11.956 11.960 11.946 11.955    0.038 0.028 0.027 0.031 0.035  A 212046
   4132.55299 12.000 12.089 12.093 12.084 12.133    0.072 0.039 0.035 0.040 0.046  A 212417
   4135.54216 12.202 12.283 12.310 12.269 12.203    0.076 0.079 0.083 0.087 0.088  D 212824
   4147.52970 11.959 11.976 11.982 11.968 11.953    0.037 0.035 0.040 0.046 0.053  A 214528
   4233.93070 12.078 12.064 12.086 12.037 11.974    0.052 0.050 0.051 0.060 0.071  B 224320
   4246.90262 12.066 12.114 12.120 12.094 12.119    0.038 0.036 0.030 0.032 0.035  A 226309
   4273.89822 12.041 12.096 12.138 12.176 12.232    0.049 0.047 0.046 0.050 0.055  B 228586
   4278.93073 12.144 12.091 12.048 12.032 12.013    0.070 0.068 0.069 0.072 0.075  D 229236
   4282.86375 12.126 12.256 12.389 12.520 12.470    0.053 0.048 0.052 0.063 0.073  B 229547
   4285.88738 12.050 12.049 12.062 12.042 99.999    0.044 0.037 0.033 0.036 0.042  C 230066
   4290.87780 11.900 11.949 11.967 11.955 11.982    0.050 0.050 0.046 0.048 0.050  B 230581
   4293.88507 12.123 12.206 12.234 12.244 12.262    0.036 0.033 0.024 0.026 0.029  A 231140
   4296.87541 12.098 12.145 12.141 12.122 12.033    0.054 0.040 0.034 0.039 0.046  A 231652
   4299.86713 12.002 12.071 12.097 12.073 12.063    0.073 0.059 0.042 0.042 0.045  B 232195
   4302.86374 12.297 12.193 12.204 12.283 12.315    0.059 0.054 0.052 0.055 0.063  B 232674
   4304.83467 11.974 12.039 12.086 12.092 12.149    0.045 0.043 0.038 0.040 0.042  A 233023
   4306.84596 12.135 12.127 12.137 12.154 12.166    0.039 0.032 0.024 0.025 0.028  A 233390
   4308.83168 11.926 11.990 11.959 11.938 11.858    0.050 0.044 0.043 0.053 0.063  B 233715
   4310.84054 11.902 11.921 11.930 11.926 11.912    0.050 0.053 0.062 0.078 0.086  D 233965
   4312.89441 12.084 12.077 12.131 12.193 12.294    0.055 0.054 0.060 0.070 0.081  D 234311
   4316.79476 12.198 12.247 12.265 12.275 12.248    0.034 0.031 0.025 0.028 0.030  A 234698
   4319.89154 12.020 12.118 12.136 12.102 12.165    0.057 0.057 0.056 0.060 0.064  B 235071
   4329.84477 12.090 12.114 12.147 12.165 12.197    0.044 0.050 0.048 0.051 0.055  B 235210
   4331.83147 12.139 12.138 12.168 12.183 12.170    0.033 0.030 0.025 0.028 0.032  A 235564
   4333.79179 11.988 12.051 12.101 12.128 12.138    0.034 0.032 0.026 0.028 0.030  A 235910
   4336.78599 12.151 12.184 12.205 12.200 12.168    0.042 0.039 0.033 0.037 0.040  A 236253
   4339.75499 12.032 12.101 12.137 12.133 12.083    0.047 0.045 0.045 0.053 0.058  B 236629
   4341.77339 12.084 12.148 12.145 12.104 12.052    0.049 0.046 0.049 0.055 0.060  B 236970
   4343.79737 11.973 11.988 12.032 12.070 12.099    0.050 0.041 0.041 0.047 0.053  A 237332
   4345.80562 11.945 12.032 12.087 12.117 12.121    0.064 0.046 0.043 0.047 0.051  A 237661
   4347.82606 12.112 12.104 12.069 12.078 12.104    0.061 0.039 0.032 0.036 0.040  A 238022
   4353.73308 12.103 12.115 12.121 12.138 12.155    0.042 0.035 0.026 0.028 0.032  A 238889
   4355.77839 12.128 12.174 12.227 12.273 12.327    0.034 0.032 0.026 0.029 0.032  A 239221
   4358.71051 12.112 12.093 12.097 12.074 12.057    0.042 0.037 0.032 0.033 0.036  A 239654
   4361.70503 11.944 12.013 12.038 12.030 12.038    0.048 0.043 0.039 0.042 0.045  A 240047
   4363.74312 12.070 12.108 12.143 12.159 12.178    0.032 0.030 0.023 0.025 0.028  A 240374
   4365.72140 12.063 12.056 12.079 12.096 12.108    0.031 0.031 0.023 0.026 0.029  A 240678
   4367.80535 12.225 12.219 12.224 12.243 12.283    0.045 0.039 0.031 0.037 0.045  A 240901
   4369.80208 11.902 11.962 11.945 11.926 11.947    0.039 0.039 0.035 0.040 0.046  A 241197
   4371.82368 11.917 11.990 12.006 12.009 12.027    0.065 0.043 0.037 0.041 0.047  A 241535
   4374.80080 11.967 11.972 11.990 12.026 12.042    0.044 0.045 0.045 0.054 0.064  B 241867
   4377.65984 12.062 12.092 12.127 12.121 12.075    0.072 0.042 0.036 0.037 0.039  A 242268
   4379.71295 12.119 12.163 12.168 12.147 12.115    0.052 0.036 0.028 0.031 0.033  A 242598
   4381.73891 12.039 12.050 12.051 12.060 12.043    0.038 0.039 0.037 0.042 0.046  A 242907
   4384.63525 12.031 12.030 12.046 12.019 12.037    0.044 0.037 0.030 0.032 0.036  A 243328
   4386.68778 11.917 11.937 11.933 11.916 11.905    0.032 0.030 0.023 0.024 0.026  A 243668
   4388.68512 12.077 12.094 12.091 12.098 12.098    0.039 0.034 0.025 0.027 0.029  A 243980
   4392.66260 12.172 12.161 12.202 12.248 12.302    0.040 0.029 0.024 0.027 0.030  A 244524
   4398.78373 11.998 12.148 12.320 12.542 12.534    0.055 0.044 0.040 0.045 0.052  A 244764
   4400.76376 12.143 12.185 12.363 12.567 12.611    0.053 0.047 0.051 0.066 0.081  D 245012
   4403.78947 12.084 12.082 12.072 12.034 12.001    0.055 0.037 0.031 0.035 0.039  A 245311
   4407.77794 12.035 12.151 12.224 12.241 12.219    0.052 0.039 0.033 0.037 0.042  A 245627
   4410.62999 11.943 11.998 11.980 11.959 11.993    0.077 0.045 0.038 0.039 0.040  A 245966
   4413.67184 12.188 12.192 12.184 12.168 12.208    0.040 0.040 0.037 0.040 0.042  A 246260
   4419.63555 11.986 11.998 12.017 12.013 12.001    0.072 0.045 0.040 0.045 0.050  A 246400
   4422.60893 12.105 12.208 12.256 12.285 12.283    0.070 0.037 0.030 0.033 0.036  A 246646
   4425.76841 12.147 12.158 12.227 12.303 12.322    0.054 0.045 0.050 0.061 0.074  B 246872
   4428.57624 11.975 12.003 12.026 12.028 12.041    0.039 0.035 0.036 0.043 0.052  A 247155
   4430.63600 11.914 11.902 11.859 11.814 11.779    0.050 0.035 0.032 0.037 0.045  A 247411
   4432.68620 11.995 12.022 12.030 12.043 12.080    0.046 0.031 0.025 0.028 0.032  A 247683
   4437.58726 12.101 12.182 12.242 12.263 12.241    0.050 0.034 0.029 0.031 0.034  A 248262
   4439.66258 12.074 12.170 12.202 12.198 12.215    0.079 0.055 0.040 0.043 0.039  B 248536
   4442.65617 12.078 12.119 12.147 12.183 12.214    0.069 0.044 0.037 0.038 0.039  A 248873
   4458.59201 12.138 12.154 12.171 12.157 12.035    0.070 0.044 0.038 0.043 0.049  A 250682
   4463.59368 12.103 12.160 12.211 12.221 12.242    0.082 0.047 0.043 0.047 0.057  B 251294
   4468.63919 11.993 12.028 12.005 11.973 11.929    0.037 0.032 0.030 0.034 0.038  A 251865
   4476.54406 12.186 12.116 12.040 11.947 11.884    0.065 0.047 0.056 0.069 0.077  D 252612
   4482.55564 12.088 12.145 12.159 12.140 12.144    0.036 0.031 0.030 0.034 0.041  A 253299
   4485.58172 12.018 12.074 12.187 12.276 12.459    0.042 0.035 0.035 0.042 0.050  A 253573
   4497.55720 12.159 12.183 12.208 12.259 12.344    0.038 0.032 0.028 0.032 0.035  A 254742
#ndata= 1
#dataset= 6 ; 1 F0448-24_207
#desig= 004851-3625.0
#cra=    0.814177  00:48:51.0
#cdec= -36.416426 -36:24:59.1
#class= 0
#cmag_0= 12.286
#cmer_0=  0.000
#nskip_0= 0
#cmag_1= 12.479
#cmer_1=  0.000
#nskip_1= 0
#cmag_2= 12.435
#cmer_2=  0.000
#nskip_2= 0
#cmag_3= 12.478
#cmer_3=  0.000
#nskip_3= 0
#cmag_4= 12.472
#cmer_4=  0.000
#nskip_4= 0
#ra=    0.814177  00:48:51.0
#dec= -36.416426 -36:24:59.1
#     HJD      MAG_0  MAG_1  MAG_2  MAG_3  MAG_4    MER_0 MER_1 MER_2 MER_3 MER_4 GRADE FRAME
   2492.87728 12.287 12.480 12.436 12.479 12.472    0.076 0.063 0.057 0.050 0.040  B 14373
