#ndata= 69
#dataset= 1 ; 1 F0032+24_469
#desig= 004907+2655.8
#cra=    0.818562  00:49:06.8
#cdec=  26.930259 26:55:48.9
#class= 0
#cmag_0= 11.409
#cmer_0=  0.000
#nskip_0= 0
#cmag_1= 11.369
#cmer_1=  0.000
#nskip_1= 0
#cmag_2= 11.379
#cmer_2=  0.000
#nskip_2= 0
#cmag_3= 11.368
#cmer_3=  0.000
#nskip_3= 0
#cmag_4= 11.354
#cmer_4=  0.000
#nskip_4= 0
#ra=    0.818562  00:49:06.8
#dec=  26.930259 26:55:48.9
#     HJD      MAG_1  MAG_0  MAG_2  MAG_3  MAG_4    MER_1 MER_0 MER_2 MER_3 MER_4 GRADE FRAME
   3669.56966 29.999 29.999 29.999 29.999 29.999    0.026 0.029 0.023 0.025 0.029  C 163949
   4408.53751 11.370 11.409 11.380 11.368 11.355    0.032 0.043 0.029 0.032 0.037  A 245694
#dataset= 1 ; 2 F0032+24_469
#desig= 004908+2655.9
#cra=    0.818837  00:49:07.8
#cdec=  26.932423 26:55:56.7
#class= 0
#cmag_0= 11.554
#cmer_0=  0.085
#nskip_0= 5
#cmag_1= 11.567
#cmer_1=  0.089
#nskip_1= 3
#cmag_2= 11.563
#cmer_2=  0.079
#nskip_2= 4
#cmag_3= 11.561
#cmer_3=  0.083
#nskip_3= 3
#cmag_4= 11.538
#cmer_4=  0.082
#nskip_4= 3
#ra=    0.818837  00:49:07.8
#dec=  26.932423 26:55:56.7
#     HJD      MAG_1  MAG_0  MAG_2  MAG_3  MAG_4    MER_1 MER_0 MER_2 MER_3 MER_4 GRADE FRAME
   2623.54309 11.900 11.920 99.999 99.999 99.999    0.028 0.036 0.026 0.031 0.035  C 30090
   2627.54538 11.999 11.976 11.991 11.972 11.911    0.027 0.030 0.026 0.031 0.034  A 30531
   2830.87091 11.580 11.557 11.634 11.661 11.653    0.063 0.065 0.061 0.067 0.073  B 62604
   2832.88949 11.573 11.596 11.594 11.593 11.581    0.030 0.024 0.023 0.024 0.025  A 63059
   2834.89872 11.430 11.354 11.373 11.401 11.468    0.090 0.085 0.094 0.108 0.131  D 63447
   2838.86244 11.569 11.572 11.598 11.625 11.648    0.032 0.029 0.029 0.032 0.037  A 63990
   2841.90181 11.508 11.498 11.508 11.497 11.476    0.030 0.028 0.024 0.026 0.028  A 64638
   2844.87878 11.557 11.525 11.554 11.545 11.521    0.028 0.026 0.023 0.025 0.026  A 65104
   2851.93066 11.556 11.529 11.540 11.556 11.555    0.024 0.025 0.021 0.023 0.026  A 65566
   2854.81466 11.568 11.550 11.550 11.553 11.507    0.025 0.021 0.019 0.021 0.022  A 65957
   2858.81571 11.650 11.610 11.698 11.671 11.636    0.025 0.021 0.018 0.021 0.022  A 66397
   2860.80492 11.451 11.494 11.460 11.471 11.456    0.028 0.025 0.022 0.024 0.026  A 66822
   2862.80793 11.577 11.516 11.547 11.531 11.477    0.034 0.030 0.027 0.030 0.031  A 67238
   2872.80824 11.448 11.467 11.438 11.427 11.388    0.022 0.022 0.018 0.019 0.021  A 68232
   2875.81690 11.505 11.473 11.507 11.501 11.474    0.019 0.035 0.017 0.018 0.019  A 68627
   2877.78635 11.506 11.496 11.492 11.491 11.473    0.040 0.023 0.027 0.032 0.027  A 69011
   2880.77000 11.399 11.399 11.469 11.512 11.463    0.086 0.086 0.087 0.089 0.095  B 69420
   2885.74726 11.454 11.487 11.452 11.435 11.425    0.029 0.024 0.022 0.027 0.025  A 70072
   2888.73705 11.482 11.444 11.504 11.512 11.482    0.027 0.030 0.022 0.024 0.024  A 70485
   2892.74906 11.378 11.381 11.399 11.402 11.380    0.032 0.032 0.028 0.030 0.034  A 70722
   2896.75431 11.459 11.458 11.475 11.463 11.454    0.032 0.031 0.025 0.028 0.031  A 71520
   2898.72091 11.478 11.497 11.463 11.432 11.405    0.034 0.032 0.026 0.030 0.029  A 71903
   2903.79357 11.555 11.561 11.547 11.525 11.562    0.060 0.057 0.062 0.070 0.077  B 72729
   2908.70453 11.530 11.504 11.519 11.527 11.508    0.022 0.022 0.017 0.019 0.020  A 73438
   2910.74364 11.521 11.543 11.533 11.525 11.496    0.029 0.024 0.024 0.026 0.024  A 73767
   2912.70220 11.544 11.540 11.524 11.489 11.465    0.026 0.021 0.019 0.022 0.022  A 74126
   2917.66372 11.570 11.565 11.549 11.523 11.491    0.037 0.026 0.031 0.031 0.030  A 74774
   2924.72416 11.555 11.563 11.533 11.541 11.518    0.049 0.045 0.049 0.055 0.059  A 75662
   2927.66154 11.604 11.588 11.596 11.596 11.574    0.027 0.025 0.023 0.025 0.026  A 76011
   2929.66756 11.595 11.616 11.617 11.627 11.653    0.026 0.021 0.021 0.023 0.025  A 76370
   2931.67340 11.701 11.707 11.687 11.658 11.619    0.024 0.025 0.022 0.024 0.028  A 76733
   2933.66364 11.591 11.603 11.578 11.554 11.520    0.027 0.025 0.023 0.025 0.027  A 77083
   2935.65844 11.570 11.543 11.562 11.561 11.547    0.025 0.027 0.022 0.025 0.026  A 77441
   2937.66493 11.567 11.592 11.579 11.591 11.560    0.023 0.034 0.023 0.026 0.029  A 77714
   2942.61955 11.488 11.456 11.540 11.545 11.540    0.040 0.031 0.034 0.042 0.043  A 78193
   2943.66395 11.560 11.557 11.564 11.567 11.563    0.036 0.029 0.034 0.038 0.038  A 78372
   2945.60085 11.544 11.539 11.574 11.589 11.595    0.034 0.032 0.027 0.031 0.034  A 78687
   2951.61238 11.596 11.519 11.620 11.632 11.621    0.043 0.043 0.049 0.060 0.074  B 79551
   2953.62024 11.643 11.619 11.661 11.641 11.584    0.034 0.032 0.035 0.042 0.051  A 79824
   2957.62422 11.544 11.536 11.518 11.521 11.489    0.027 0.024 0.025 0.028 0.032  A 80370
   2961.61761 11.520 11.543 11.534 11.555 11.535    0.035 0.033 0.034 0.036 0.039  A 80913
   2966.54512 11.449 11.449 11.427 11.414 11.381    0.024 0.023 0.020 0.023 0.026  A 81592
   2968.55774 11.415 11.460 11.430 11.420 11.399    0.024 0.026 0.022 0.024 0.027  A 81872
   2970.55660 11.508 11.514 11.474 11.448 11.415    0.029 0.032 0.030 0.036 0.042  A 82091
   2972.56139 11.840 11.846 11.809 11.799 11.755    0.023 0.024 0.022 0.025 0.029  A 82354
   2974.56957 11.618 11.600 11.626 11.621 11.588    0.028 0.029 0.027 0.032 0.035  A 82555
   2978.55432 11.627 11.601 11.603 11.573 11.534    0.029 0.029 0.028 0.033 0.039  A 83095
   2981.54527 11.719 11.691 11.712 11.684 11.612    0.028 0.025 0.027 0.032 0.037  A 83472
   2983.56576 11.632 11.655 11.636 11.633 11.599    0.083 0.082 0.083 0.089 0.093  B 83749
   2989.54817 11.725 11.733 11.729 11.710 11.672    0.080 0.081 0.080 0.083 0.086  B 84488
   3180.92763 11.723 11.765 11.694 11.646 11.598    0.031 0.029 0.029 0.034 0.039  A 107442
   3186.93650 11.862 11.908 11.926 12.016 12.083    0.034 0.033 0.033 0.040 0.045  A 108198
   3190.92123 11.831 11.820 11.813 11.768 11.720    0.037 0.041 0.034 0.038 0.043  A 108703
   3271.65854 11.588 11.552 11.601 11.606 11.582    0.026 0.030 0.023 0.027 0.031  A 115941
   3274.64812 11.505 11.552 11.540 11.581 11.580    0.032 0.040 0.031 0.037 0.043  A 116331
   3280.62926 11.492 11.460 11.492 11.510 11.496    0.039 0.060 0.040 0.047 0.054  A 117096
   3292.59906 11.504 11.523 11.502 11.542 11.587    0.053 0.056 0.059 0.069 0.076  B 118261
   3295.59221 11.576 11.548 11.547 11.552 11.540    0.028 0.031 0.020 0.020 0.022  A 118509
   3298.58228 11.543 11.583 11.547 11.547 11.544    0.026 0.032 0.022 0.025 0.029  A 118786
   3572.82437 11.479 11.528 11.517 11.523 11.479    0.030 0.032 0.028 0.033 0.038  A 151013
   3652.60779 11.652 11.642 11.622 11.596 11.551    0.029 0.042 0.028 0.031 0.035  A 161592
   3654.60901 11.666 11.685 11.659 11.649 11.641    0.033 0.041 0.034 0.039 0.043  A 161869
   3657.59914 11.632 11.647 11.649 11.685 11.651    0.028 0.035 0.028 0.034 0.039  A 162305
   3665.57882 11.627 11.590 11.638 11.641 11.608    0.031 0.039 0.031 0.034 0.037  A 163485
   3672.55870 11.588 11.599 11.586 11.552 11.528    0.024 0.032 0.024 0.027 0.030  A 164371
   3675.54627 11.651 11.617 11.637 11.609 11.601    0.028 0.038 0.026 0.029 0.033  A 164801
   3678.53863 11.713 11.702 11.691 11.706 11.681    0.029 0.047 0.026 0.027 0.030  A 165199
#ndata= 76
#dataset= 2 ; 1 F0104+24_470
#desig= 004908+2655.9
#cra=    0.818837  00:49:07.8
#cdec=  26.932423 26:55:56.7
#class= 0
#cmag_0= 11.558
#cmer_0=  0.103
#nskip_0= 3
#cmag_1= 11.559
#cmer_1=  0.091
#nskip_1= 3
#cmag_2= 11.557
#cmer_2=  0.086
#nskip_2= 4
#cmag_3= 11.555
#cmer_3=  0.092
#nskip_3= 4
#cmag_4= 11.529
#cmer_4=  0.091
#nskip_4= 5
#ra=    0.818837  00:49:07.8
#dec=  26.932423 26:55:56.7
#     HJD      MAG_1  MAG_0  MAG_2  MAG_3  MAG_4    MER_1 MER_0 MER_2 MER_3 MER_4 GRADE FRAME
   2625.54083 11.955 11.937 11.942 11.914 11.876    0.027 0.029 0.026 0.029 0.034  A 30372
   2636.54580 11.921 11.922 11.937 11.915 11.919    0.026 0.027 0.023 0.024 0.028  A 32341
   2639.54364 11.850 11.896 11.845 11.845 11.810    0.027 0.039 0.022 0.022 0.025  A 32786
   2642.53670 11.784 11.791 11.762 11.732 11.655    0.031 0.027 0.025 0.026 0.029  A 33223
   2830.91707 11.578 11.601 11.603 11.606 11.585    0.025 0.027 0.020 0.022 0.025  A 62624
   2833.92213 11.586 11.604 11.583 11.578 11.572    0.029 0.028 0.025 0.028 0.031  A 63233
   2836.90266 11.578 11.486 11.588 11.621 11.569    0.054 0.048 0.054 0.064 0.074  A 63788
   2843.87926 11.503 11.493 11.503 11.480 11.464    0.029 0.027 0.024 0.027 0.027  A 65013
   2853.84350 11.810 11.797 11.673 11.604 11.568    0.083 0.079 0.086 0.096 0.111  D 65747
   2856.85332 11.473 11.491 11.477 11.475 11.417    0.036 0.035 0.033 0.038 0.043  A 66140
   2859.82352 11.526 11.544 11.514 11.489 11.464    0.026 0.025 0.021 0.024 0.027  A 66618
   2861.82464 11.473 11.483 11.492 11.497 11.457    0.032 0.031 0.029 0.031 0.033  A 67040
   2872.82585 11.490 11.513 11.489 11.479 11.445    0.022 0.025 0.017 0.019 0.021  A 68240
   2875.83453 11.499 11.475 11.489 11.490 11.474    0.023 0.031 0.018 0.019 0.021  A 68635
   2877.80637 11.500 11.483 11.486 11.494 11.464    0.024 0.024 0.019 0.022 0.023  A 69020
   2880.78625 11.505 11.471 11.519 11.515 11.492    0.049 0.044 0.044 0.049 0.049  A 69427
   2883.82331 11.473 11.430 11.467 11.447 11.411    0.024 0.024 0.021 0.022 0.022  A 69699
   2885.76519 11.455 11.466 11.466 11.446 11.432    0.036 0.034 0.027 0.034 0.033  A 70080
   2888.76692 11.463 11.465 11.467 11.456 11.428    0.033 0.028 0.027 0.030 0.029  A 70498
   2892.77896 11.461 11.425 11.462 11.446 11.412    0.036 0.032 0.031 0.032 0.036  A 70735
   2897.77044 11.495 11.508 11.506 11.528 11.534    0.025 0.026 0.023 0.026 0.028  A 71725
   2899.75648 11.464 11.459 11.494 11.513 11.482    0.034 0.026 0.026 0.033 0.032  A 72082
   2905.71689 11.501 11.444 11.492 11.478 11.443    0.027 0.023 0.023 0.022 0.021  A 73013
   2908.71132 11.460 11.532 11.497 11.493 11.482    0.026 0.024 0.019 0.022 0.023  A 73441
   2910.75046 11.514 11.507 11.524 11.531 11.470    0.032 0.030 0.032 0.032 0.029  A 73770
   2915.70704 11.560 11.585 11.548 11.528 11.485    0.029 0.028 0.023 0.025 0.026  A 74413
   2917.68728 11.552 11.574 11.573 11.590 11.597    0.030 0.027 0.026 0.030 0.032  A 74784
   2924.72649 11.642 11.600 11.620 11.577 11.562    0.035 0.032 0.034 0.039 0.044  A 75663
   2927.68031 11.615 11.594 11.603 11.606 11.589    0.023 0.024 0.020 0.023 0.025  A 76019
   2929.68632 11.601 11.648 11.625 11.648 11.617    0.030 0.028 0.024 0.025 0.027  A 76378
   2931.69311 11.626 11.611 11.618 11.594 11.550    0.026 0.027 0.022 0.024 0.025  A 76741
   2933.68244 11.595 11.591 11.598 11.621 11.597    0.022 0.021 0.020 0.022 0.025  A 77091
   2935.67730 11.671 11.597 11.749 11.770 11.733    0.024 0.025 0.019 0.020 0.022  A 77449
   2937.69494 11.552 11.543 11.543 11.543 11.536    0.026 0.026 0.023 0.026 0.029  A 77726
   2942.64134 11.575 11.546 11.575 11.570 11.546    0.033 0.027 0.025 0.030 0.032  A 78202
   2945.66081 11.540 11.541 11.554 11.540 11.504    0.032 0.029 0.028 0.034 0.037  A 78713
   2947.65638 11.575 11.503 11.573 11.577 11.546    0.042 0.041 0.038 0.042 0.043  A 79013
   2954.61910 11.431 11.443 11.425 11.422 11.424    0.032 0.030 0.032 0.037 0.042  A 79933
   2956.61706 11.514 11.550 11.526 11.512 11.466    0.025 0.025 0.022 0.024 0.028  A 80226
   2958.61330 11.545 11.561 11.539 11.517 11.503    0.025 0.026 0.022 0.025 0.028  A 80512
   2962.62118 11.453 11.434 11.464 11.491 11.508    0.024 0.024 0.023 0.026 0.029  A 81054
   2964.63003 11.519 11.529 11.513 11.524 11.509    0.029 0.029 0.027 0.031 0.035  A 81340
   2973.54474 11.548 11.570 11.560 11.532 11.478    0.025 0.024 0.024 0.027 0.032  A 82430
   2979.55405 11.588 11.579 11.592 11.620 11.629    0.030 0.030 0.030 0.034 0.039  A 83222
   2981.58789 11.753 11.730 11.785 11.876 11.904    0.057 0.054 0.058 0.062 0.068  B 83489
   2984.54681 11.733 11.696 11.692 11.685 11.637    0.024 0.024 0.020 0.024 0.028  A 83871
   2986.55249 11.692 11.713 11.700 11.693 11.633    0.035 0.040 0.036 0.042 0.046  A 84138
   2989.56948 11.821 11.770 11.855 11.883 11.889    0.073 0.074 0.073 0.077 0.079  D 84496
   2992.55830 11.689 11.687 11.677 11.666 11.669    0.055 0.055 0.054 0.056 0.060  A 84887
   2998.54058 11.688 11.626 11.664 11.639 11.567    0.051 0.050 0.050 0.055 0.062  A 85681
   3271.68290 11.667 11.661 11.661 11.663 11.641    0.026 0.029 0.023 0.027 0.033  A 115948
   3274.66804 11.614 11.625 11.586 11.560 11.490    0.031 0.049 0.029 0.035 0.041  A 116337
   3280.64884 11.582 11.552 11.630 11.696 11.661    0.034 0.040 0.034 0.041 0.050  A 117102
   3290.62977 11.561 11.493 11.555 11.558 11.536    0.031 0.037 0.024 0.027 0.030  A 118133
   3295.60880 11.505 11.473 99.999 99.999 99.999    0.029 0.032 0.022 0.022 0.026  C 118515
   3298.59861 11.504 11.451 11.522 11.553 11.536    0.032 0.052 0.026 0.030 0.035  A 118790
   3561.87177 11.616 11.617 11.621 11.640 11.629    0.029 0.043 0.028 0.033 0.039  A 149820
   3651.64140 11.708 11.761 11.690 11.706 11.701    0.028 0.042 0.026 0.029 0.033  A 161446
   3653.62875 11.712 11.678 11.701 11.679 11.601    0.032 0.040 0.033 0.040 0.048  A 161753
   3655.62791 11.630 11.614 11.654 11.705 11.706    0.026 0.037 0.025 0.028 0.033  A 162014
   3658.61662 11.663 11.661 11.658 11.636 11.606    0.028 0.033 0.030 0.036 0.042  A 162465
   3663.60808 11.649 11.669 11.628 11.617 11.554    0.029 0.032 0.031 0.037 0.045  A 163200
   3666.59731 11.573 11.636 11.575 11.562 11.547    0.023 0.039 0.023 0.028 0.031  A 163638
   3673.57799 11.615 11.594 11.623 11.621 11.576    0.024 0.032 0.023 0.027 0.030  A 164524
   3676.56682 11.612 11.618 11.644 11.679 11.677    0.023 0.032 0.022 0.025 0.030  A 164949
   3680.55634 11.692 11.678 11.702 11.709 11.696    0.025 0.029 0.024 0.027 0.031  A 165323
   3904.93350 11.452 11.390 11.434 11.426 11.445    0.033 0.037 0.034 0.041 0.051  A 195511
   4381.63944 11.459 11.418 11.472 11.467 11.430    0.037 0.043 0.038 0.042 0.048  A 242874
   4393.60620 11.486 11.524 11.464 11.467 11.513    0.040 0.045 0.043 0.049 0.059  A 244637
   4407.57324 11.564 11.495 11.556 11.543 11.512    0.032 0.040 0.028 0.030 0.033  A 245555
   4411.55906 11.445 11.438 11.436 11.431 11.401    0.034 0.060 0.029 0.032 0.036  A 246068
   4442.61380 11.743 11.714 11.606 11.538 11.456    0.076 0.078 0.081 0.096 0.110  D 248858
   4456.55130 11.428 11.427 11.384 11.316 11.235    0.060 0.084 0.065 0.077 0.093  D 250422
   4459.55080 11.413 11.338 11.430 11.406 11.379    0.048 0.079 0.045 0.050 0.055  B 250779
   4462.55355 11.358 11.319 11.353 11.308 11.251    0.050 0.069 0.044 0.046 0.050  A 251145
   4465.55066 11.446 11.513 11.435 11.416 11.408    0.046 0.066 0.043 0.049 0.058  A 251496
