#ndata= 1
#dataset= 1 ; 1 F0104-24_200
#desig= 004942-1140.9
#cra=    0.828248  00:49:41.7
#cdec= -11.682108 -11:40:55.6
#class= 0
#cmag_0= 10.795
#cmer_0=  0.000
#nskip_0= 0
#cmag_1= 10.841
#cmer_1=  0.000
#nskip_1= 0
#cmag_2= 10.865
#cmer_2=  0.000
#nskip_2= 0
#cmag_3= 10.876
#cmer_3=  0.000
#nskip_3= 0
#cmag_4= 10.877
#cmer_4=  0.000
#nskip_4= 0
#ra=    0.828248  00:49:41.7
#dec= -11.682108 -11:40:55.6
#     HJD      MAG_2  MAG_0  MAG_1  MAG_3  MAG_4    MER_2 MER_0 MER_1 MER_3 MER_4 GRADE FRAME
   3401.55050 10.865 10.795 10.842 10.877 10.877    0.026 0.032 0.031 0.030 0.033  A 128035
#ndata= 81
#dataset= 2 ; 1 F0032-16_244
#desig= 004941-1141.1
#cra=    0.828026  00:49:40.9
#cdec= -11.685376 -11:41:07.4
#class= 0
#cmag_0= 10.712
#cmer_0=  0.419
#nskip_0= 0
#cmag_1= 10.691
#cmer_1=  0.380
#nskip_1= 1
#cmag_2= 10.692
#cmer_2=  0.378
#nskip_2= 2
#cmag_3= 10.712
#cmer_3=  0.384
#nskip_3= 1
#cmag_4= 10.717
#cmer_4=  0.387
#nskip_4= 1
#ra=    0.828026  00:49:40.9
#dec= -11.685376 -11:41:07.4
#     HJD      MAG_2  MAG_0  MAG_1  MAG_3  MAG_4    MER_2 MER_0 MER_1 MER_3 MER_4 GRADE FRAME
   2439.87142 29.999 29.999 29.999 29.999 29.999    0.036 0.038 0.044 0.038 0.038  C 7945
   2452.84560 10.586 10.581 10.564 10.583 10.602    0.026 0.031 0.033 0.028 0.028  A 9539
   2467.84279 10.379 10.341 10.380 10.412 10.421    0.020 0.024 0.029 0.021 0.021  A 11586
   2471.89296 10.446 10.384 10.405 10.432 10.455    0.029 0.030 0.034 0.034 0.028  A 12586
   2493.79082 11.229 11.191 11.239 11.217 11.215    0.035 0.037 0.040 0.040 0.034  A 14540
   2495.73311 11.398 11.337 11.350 11.422 11.420    0.032 0.035 0.036 0.039 0.033  A 14842
   2496.77139 11.332 11.324 11.297 11.329 11.344    0.030 0.033 0.038 0.033 0.029  A 15069
   2498.77010 11.345 11.341 11.307 11.343 11.380    0.027 0.029 0.033 0.030 0.027  A 15494
   2499.76681 11.261 11.189 11.237 11.267 11.266    0.026 0.027 0.033 0.031 0.025  A 15702
   2502.76098 11.039 10.990 10.991 11.064 11.087    0.031 0.032 0.034 0.040 0.031  A 16274
   2503.76353 10.945 10.963 10.946 10.948 10.984    0.049 0.058 0.054 0.057 0.053  B 16479
   2519.75765 10.163 10.128 10.161 10.170 10.188    0.024 0.026 0.031 0.024 0.025  A 18048
   2544.71454 10.769 10.775 10.756 10.780 10.781    0.022 0.027 0.030 0.023 0.024  A 20014
   2622.55867 11.405 11.375 11.414 11.406 11.389    0.023 0.042 0.031 0.025 0.027  A 29933
   2638.55995 10.107 10.165 10.110 10.113 10.119    0.029 0.050 0.050 0.025 0.025  A 32639
   2640.56741 10.068 10.096 10.100 10.078 10.089    0.021 0.038 0.030 0.022 0.024  A 32952
   2642.56998 10.096 10.096 10.101 10.092 10.082    0.021 0.028 0.026 0.023 0.026  A 33238
   2644.57026 10.123 10.104 10.097 10.147 10.138    0.022 0.028 0.024 0.024 0.027  A 33543
   2652.56591 10.398 10.390 10.406 10.417 10.410    0.023 0.034 0.025 0.027 0.029  A 34556
   2658.55221 10.613 10.610 10.612 10.631 10.647    0.025 0.030 0.027 0.029 0.032  A 35564
   2661.53497 10.644 10.592 10.664 10.650 10.644    0.023 0.031 0.037 0.025 0.028  A 36068
   2663.53858 10.718 10.721 10.714 10.730 10.732    0.023 0.031 0.027 0.025 0.028  A 36408
   2665.54286 10.814 10.789 10.792 10.803 10.809    0.020 0.025 0.022 0.022 0.025  A 36761
   2668.53177 11.035 10.980 11.007 11.050 11.034    0.031 0.037 0.040 0.036 0.039  A 37230
   2830.79627 10.517 10.495 10.521 10.555 10.557    0.022 0.025 0.029 0.025 0.027  A 62572
   2832.83486 10.603 10.560 10.600 10.627 10.628    0.022 0.026 0.028 0.025 0.029  A 63035
   2836.88170 10.748 10.755 10.727 10.795 10.830    0.037 0.037 0.036 0.045 0.051  B 63778
   2856.81539 11.165 11.126 11.141 11.182 11.226    0.024 0.026 0.030 0.027 0.027  A 66130
   2880.74952 10.260 10.254 10.230 10.257 10.269    0.024 0.033 0.031 0.024 0.025  A 69411
   2883.78109 10.151 10.164 10.139 10.157 10.153    0.020 0.024 0.028 0.020 0.022  A 69680
   2899.73855 10.887 10.849 10.872 10.881 10.877    0.020 0.031 0.023 0.021 0.022  A 72074
   2905.66788 11.120 11.097 11.110 11.128 99.999    0.021 0.022 0.029 0.024 0.023  C 72992
   2912.68574 11.032 11.003 11.046 11.022 11.032    0.019 0.029 0.023 0.019 0.022  A 74120
   2915.66504 10.920 10.910 10.901 10.930 10.914    0.021 0.027 0.027 0.023 0.025  A 74395
   2922.67775 10.829 10.864 10.815 10.868 10.887    0.030 0.044 0.045 0.032 0.038  A 75285
   2924.74317 10.892 10.921 10.902 10.884 10.883    0.025 0.028 0.026 0.028 0.032  A 75670
   2927.67293 11.024 10.957 11.003 11.041 11.034    0.021 0.031 0.024 0.023 0.025  A 76016
   2933.67485 10.810 10.826 10.785 10.827 10.850    0.023 0.033 0.025 0.025 0.027  A 77088
   2937.68410 10.464 10.412 10.447 10.462 10.467    0.021 0.042 0.024 0.024 0.026  A 77722
   2942.62359 10.208 10.179 10.190 10.240 10.232    0.029 0.031 0.033 0.033 0.037  A 78195
   2943.67039 10.170 10.134 10.149 10.171 10.182    0.021 0.035 0.022 0.023 0.026  A 78375
   2954.62020 10.318 10.271 10.292 10.328 10.326    0.028 0.036 0.030 0.033 0.038  A 79934
   2958.61428 10.558 10.492 10.531 10.581 10.557    0.058 0.048 0.057 0.058 0.061  D 80513
   2962.62204 10.613 10.631 10.609 10.616 10.623    0.021 0.026 0.025 0.024 0.027  A 81055
   2966.63820 10.815 10.798 10.827 10.805 10.778    0.023 0.025 0.026 0.025 0.028  A 81630
   2981.61110 11.050 11.069 11.004 11.072 11.079    0.028 0.042 0.029 0.034 0.040  A 83499
   2983.62363 10.954 10.941 10.925 10.946 10.936    0.026 0.035 0.027 0.031 0.034  A 83772
   2985.62959 10.881 10.900 10.858 10.893 10.879    0.022 0.033 0.025 0.025 0.029  A 84038
   2987.65874 10.737 10.736 10.707 10.746 10.745    0.024 0.026 0.026 0.026 0.030  A 84314
   2990.62783 10.446 10.422 10.447 10.448 10.457    0.024 0.028 0.027 0.026 0.029  A 84640
   2994.64386 10.144 10.123 10.159 10.158 10.135    0.024 0.028 0.026 0.027 0.030  A 85185
   3018.54741 10.209 10.219 10.183 10.193 10.202    0.027 0.028 0.029 0.032 0.038  A 87980
   3157.92674 12.260 12.074 12.202 12.335 12.410    0.040 0.046 0.041 0.044 0.047  A 104327
   3180.91074 10.895 10.935 10.924 10.916 10.916    0.025 0.029 0.027 0.028 0.031  A 107436
   3185.88582 11.425 11.400 11.430 11.454 11.514    0.033 0.047 0.036 0.035 0.039  A 108018
#dataset= 2 ; 2 F0032-16_244
#desig= 004942-1140.9
#cra=    0.828212  00:49:41.6
#cdec= -11.681594 -11:40:53.7
#class= 0
#cmag_0= 10.625
#cmer_0=  0.355
#nskip_0= 2
#cmag_1= 10.606
#cmer_1=  0.334
#nskip_1= 6
#cmag_2= 10.621
#cmer_2=  0.339
#nskip_2= 6
#cmag_3= 10.618
#cmer_3=  0.339
#nskip_3= 6
#cmag_4= 10.614
#cmer_4=  0.344
#nskip_4= 6
#ra=    0.828212  00:49:41.6
#dec= -11.681594 -11:40:53.7
#     HJD      MAG_2  MAG_0  MAG_1  MAG_3  MAG_4    MER_2 MER_0 MER_1 MER_3 MER_4 GRADE FRAME
   2468.92257 10.379 10.343 10.352 10.367 10.361    0.023 0.028 0.030 0.025 0.025  A 11837
   2473.81585 10.527 10.526 10.524 10.539 10.537    0.035 0.034 0.040 0.041 0.033  A 12761
   2490.81269 11.145 11.082 11.103 11.149 11.155    0.034 0.035 0.039 0.041 0.036  A 14142
   2558.74223 11.233 11.223 11.209 11.228 11.239    0.024 0.044 0.031 0.024 0.026  A 22090
   2624.61475 11.033 11.024 11.002 11.030 11.035    0.025 0.037 0.038 0.028 0.031  A 30241
   2635.61777 10.076 10.074 10.058 10.086 10.069    0.025 0.030 0.037 0.025 0.024  A 32219
   2650.53821 10.270 10.273 10.278 10.272 10.249    0.023 0.036 0.026 0.026 0.028  A 34239
   2654.57604 10.532 10.562 10.542 10.535 10.534    0.023 0.029 0.024 0.026 0.030  A 34870
   2671.52565 11.244 11.126 11.241 11.265 11.254    0.042 0.040 0.049 0.046 0.041  A 37714
   2840.89791 11.014 10.967 11.005 11.010 11.005    0.024 0.026 0.027 0.027 0.032  A 64441
   2895.74835 10.620 10.568 10.579 10.610 10.634    0.025 0.028 0.031 0.029 0.031  A 71316
   2897.75215 10.763 10.739 10.786 10.749 10.739    0.024 0.026 0.030 0.029 0.028  A 71717
   2902.72871 11.011 10.961 10.972 11.017 11.041    0.023 0.026 0.030 0.025 0.026  A 72550
   2905.66788 11.104 11.094 11.092 11.108 99.999    0.021 0.022 0.029 0.024 0.023  C 72992
   2935.66962 10.669 10.632 10.654 10.655 10.650    0.022 0.041 0.024 0.024 0.026  A 77446
   2944.78184 10.144 10.166 10.152 10.135 10.119    0.036 0.040 0.035 0.045 0.052  B 78587
   2950.59964 10.234 10.211 10.216 10.241 10.254    0.030 0.030 0.032 0.035 0.041  A 79430
   2956.61809 10.380 10.375 10.360 10.397 10.385    0.022 0.028 0.025 0.024 0.026  A 80227
   2960.61532 10.497 10.530 10.505 10.483 10.456    0.036 0.039 0.035 0.042 0.044  A 80768
   2970.63181 11.026 10.972 11.000 11.027 11.017    0.020 0.026 0.022 0.023 0.025  A 82122
   2972.65653 10.962 10.929 10.980 10.936 10.917    0.023 0.025 0.025 0.026 0.030  A 82393
   2977.55637 11.028 10.990 10.983 11.019 11.019    0.025 0.031 0.027 0.029 0.030  A 82953
   2979.58872 10.988 10.998 10.987 10.997 11.001    0.039 0.040 0.036 0.043 0.047  A 83235
   2992.62631 10.299 10.258 10.317 10.302 10.287    0.026 0.030 0.029 0.029 0.033  A 84915
   2997.57267 10.071 10.025 10.052 10.068 10.057    0.025 0.029 0.026 0.028 0.032  A 85558
   3006.57961 10.500 10.434 10.460 10.483 10.466    0.047 0.047 0.045 0.050 0.055  B 86566
#ndata= 152
#dataset= 3 ; 1 F0104-16_245
#desig= 004942-1140.9
#cra=    0.828239  00:49:41.7
#cdec= -11.682159 -11:40:55.8
#class= 0
#cmag_0= 10.710
#cmer_0=  0.384
#nskip_0= 0
#cmag_1= 10.699
#cmer_1=  0.385
#nskip_1= 0
#cmag_2= 10.709
#cmer_2=  0.385
#nskip_2= 0
#cmag_3= 10.710
#cmer_3=  0.387
#nskip_3= 0
#cmag_4= 10.714
#cmer_4=  0.387
#nskip_4= 0
#ra=    0.828239  00:49:41.7
#dec= -11.682159 -11:40:55.8
#     HJD      MAG_2  MAG_0  MAG_1  MAG_3  MAG_4    MER_2 MER_0 MER_1 MER_3 MER_4 GRADE FRAME
   1869.56593 10.587 10.610 10.589 10.576 10.575    0.018 0.052 0.021 0.020 0.022  A 211
   1871.58940 10.606 10.669 10.601 10.607 10.614    0.022 0.066 0.026 0.024 0.026  A 498
   1873.56416 10.645 10.562 10.641 10.640 10.650    0.021 0.061 0.026 0.024 0.026  A 810
   1875.55396 10.694 10.658 10.683 10.710 10.721    0.021 0.058 0.024 0.022 0.024  A 1128
   1879.53991 10.948 10.943 10.936 10.960 10.981    0.018 0.041 0.022 0.019 0.022  A 1757
   1881.54068 11.020 10.990 11.015 11.022 11.029    0.019 0.044 0.021 0.021 0.023  A 2070
   1886.53210 11.320 11.285 11.296 11.372 11.387    0.021 0.037 0.023 0.023 0.026  A 2537
   1888.58284 11.353 11.315 11.328 11.330 11.309    0.024 0.061 0.027 0.027 0.030  A 2879
   1904.53051 10.452 10.462 10.446 10.462 10.477    0.021 0.053 0.024 0.022 0.025  A 3782
   1906.58998 10.464 10.416 10.464 10.470 10.476    0.018 0.042 0.024 0.020 0.023  A 4132
   1920.53598 10.189 10.193 10.175 10.202 10.200    0.019 0.040 0.025 0.020 0.023  A 5419
   1923.54841 10.225 10.183 10.209 10.232 10.235    0.021 0.043 0.029 0.023 0.025  A 5900
   1927.54390 10.465 10.483 10.448 10.460 10.449    0.021 0.039 0.029 0.023 0.025  A 6569
   1931.53183 10.750 10.777 10.754 10.756 10.748    0.023 0.041 0.029 0.025 0.029  A 7218
   2039.92963 10.245 10.321 10.234 10.264 10.284    0.034 0.075 0.036 0.038 0.043  A 19364
   2053.91044 10.659 10.645 10.648 10.655 10.666    0.025 0.064 0.030 0.027 0.029  A 20143
   2057.91129 10.831 10.837 10.816 10.825 10.833    0.026 0.064 0.031 0.026 0.028  A 21045
   2070.89932 11.221 11.224 11.218 11.219 11.199    0.023 0.059 0.028 0.024 0.027  A 22632
   2080.88344 11.624 11.668 11.616 11.647 11.672    0.024 0.061 0.029 0.026 0.028  A 23006
   2086.84757 10.814 10.794 10.799 10.821 10.829    0.020 0.038 0.024 0.023 0.025  A 24132
   2087.91687 10.672 10.739 10.696 10.672 10.678    0.023 0.059 0.026 0.026 0.029  A 24385
   2093.91532 10.277 10.257 10.265 10.275 10.274    0.023 0.052 0.026 0.026 0.028  A 24896
   2094.94013 10.213 10.195 10.209 10.209 10.216    0.020 0.047 0.024 0.022 0.024  A 25131
   2095.87879 10.162 10.147 10.157 10.153 10.146    0.024 0.054 0.028 0.027 0.031  A 25331
   2104.93152 10.221 10.230 10.222 10.220 10.225    0.021 0.042 0.024 0.023 0.024  A 26136
   2106.86987 10.295 10.298 10.281 10.303 10.307    0.021 0.051 0.026 0.023 0.025  A 26534
   2113.87551 10.548 10.527 10.536 10.549 10.563    0.020 0.042 0.025 0.021 0.023  A 26652
   2115.81299 10.629 10.597 10.607 10.632 10.640    0.022 0.046 0.027 0.022 0.025  A 26941
   2116.82270 10.607 10.645 10.616 10.597 10.603    0.020 0.039 0.023 0.023 0.025  A 27168
   2117.83861 10.665 10.622 10.652 10.677 10.686    0.024 0.049 0.028 0.026 0.028  A 27392
   2131.86021 10.751 10.732 10.752 10.755 10.759    0.020 0.042 0.023 0.021 0.024  A 28667
   2132.79885 10.765 10.790 10.758 10.767 10.776    0.024 0.055 0.028 0.025 0.027  A 28852
   2134.78558 10.753 10.731 10.743 10.755 10.775    0.020 0.043 0.023 0.022 0.024  A 29276
   2135.78413 10.779 10.764 10.777 10.761 10.786    0.041 0.059 0.039 0.049 0.057  B 29490
   2140.81165 10.699 10.661 10.691 10.700 10.702    0.026 0.049 0.029 0.031 0.035  A 30258
   2143.76592 10.558 10.539 10.526 10.565 10.570    0.024 0.047 0.028 0.026 0.030  A 30855
   2439.89368 11.224 11.183 11.234 11.223 11.239    0.020 0.027 0.034 0.020 0.020  A 7955
   2465.88177 10.354 10.341 10.339 10.352 10.366    0.026 0.032 0.033 0.030 0.028  A 11166
   2468.92257 10.369 10.358 10.367 10.358 10.347    0.026 0.035 0.034 0.028 0.027  A 11837
   2470.84123 10.393 10.376 10.360 10.401 10.406    0.028 0.032 0.036 0.033 0.027  A 12085
   2473.81585 10.516 10.521 10.530 10.540 10.534    0.033 0.038 0.039 0.040 0.033  A 12761
   2482.76122 10.910 10.929 10.898 10.919 10.932    0.034 0.037 0.039 0.038 0.032  A 13209
   2490.81269 11.121 11.107 11.103 11.146 11.139    0.032 0.038 0.037 0.039 0.034  A 14142
   2491.81679 11.098 11.098 11.089 11.117 11.136    0.034 0.044 0.039 0.037 0.035  A 14314
   2496.79128 11.309 11.242 11.330 11.311 11.321    0.027 0.030 0.033 0.032 0.024  A 15078
   2498.79018 11.302 11.254 11.273 11.305 11.300    0.026 0.028 0.034 0.029 0.023  A 15503
   2499.78659 11.255 11.228 11.265 11.261 11.268    0.023 0.026 0.030 0.026 0.022  A 15711
   2502.78755 10.944 10.960 10.895 10.939 10.943    0.029 0.030 0.033 0.036 0.027  A 16286
   2508.74348 10.400 10.407 10.401 10.382 10.375    0.027 0.031 0.034 0.028 0.031  A 16836
   2519.77114 10.161 10.132 10.152 10.169 10.175    0.019 0.026 0.029 0.018 0.019  A 18054
   2523.74727 10.344 10.374 10.348 10.341 10.343    0.018 0.031 0.027 0.018 0.018  A 18528
   2526.72673 10.493 10.530 10.481 10.492 10.492    0.021 0.023 0.029 0.022 0.020  A 18879
   2529.70487 10.621 10.568 10.583 10.615 10.622    0.033 0.053 0.044 0.039 0.033  A 19105
   2544.72844 10.755 10.788 10.748 10.752 10.781    0.024 0.031 0.031 0.026 0.024  A 20020
   2545.77391 10.749 10.702 10.747 10.764 10.767    0.017 0.037 0.018 0.019 0.021  A 20229
   2552.81389 10.963 10.965 10.980 10.945 10.933    0.021 0.034 0.028 0.021 0.021  A 21218
   2554.63214 11.035 11.023 10.999 11.049 11.063    0.036 0.056 0.043 0.045 0.049  A 21505
   2556.69920 11.107 11.107 11.086 11.109 11.126    0.026 0.031 0.034 0.027 0.022  A 21716
   2557.70382 11.172 11.101 11.108 11.171 11.190    0.053 0.069 0.061 0.054 0.054  D 21897
   2558.74223 11.216 11.210 11.224 11.216 11.211    0.023 0.045 0.029 0.023 0.026  A 22090
   2559.69289 11.230 11.201 11.232 11.228 11.225    0.016 0.025 0.020 0.017 0.018  A 22250
   2560.68470 11.263 11.233 11.280 11.238 11.234    0.019 0.022 0.024 0.020 0.021  A 22425
   2561.67071 11.218 11.219 11.206 11.209 11.173    0.034 0.051 0.035 0.038 0.041  A 22567
   2562.66715 11.232 11.236 11.215 11.245 11.232    0.016 0.035 0.019 0.018 0.020  A 22746
   2563.67898 11.156 11.239 11.166 11.163 11.172    0.020 0.031 0.027 0.022 0.024  A 22930
   2578.70546  9.990 10.050  9.975  9.977  9.987    0.022 0.035 0.032 0.022 0.019  A 24974
   2623.54458 11.269 11.277 11.288 11.277 11.246    0.029 0.034 0.038 0.032 0.031  A 30091
   2625.61045 10.742 10.763 10.723 10.753 10.758    0.022 0.040 0.023 0.023 0.025  A 30402
   2635.62077 10.088 10.110 10.080 10.076 10.079    0.018 0.024 0.023 0.019 0.020  A 32220
   2637.63126 10.085 10.084 10.062 10.076 10.074    0.017 0.029 0.023 0.019 0.021  A 32516
   2639.62892 10.067 10.092 10.035 10.066 10.068    0.025 0.028 0.033 0.024 0.022  A 32823
   2642.53986 10.072 10.069 10.045 10.073 10.081    0.021 0.026 0.028 0.019 0.020  A 33225
   2644.54712 10.103 10.083 10.120 10.082 10.083    0.020 0.021 0.022 0.022 0.024  A 33533
   2650.54119 10.271 10.207 10.254 10.275 10.294    0.021 0.034 0.028 0.021 0.023  A 34240
   2652.56888 10.383 10.377 10.328 10.380 10.387    0.025 0.043 0.044 0.025 0.026  A 34557
   2654.57901 10.530 10.543 10.549 10.511 10.512    0.023 0.032 0.028 0.024 0.028  A 34871
   2658.55518 10.615 10.622 10.639 10.602 10.597    0.021 0.029 0.032 0.025 0.029  A 35565
   2662.55922 10.678 10.686 10.656 10.694 10.695    0.020 0.028 0.022 0.022 0.024  A 36248
   2664.55519 10.746 10.769 10.727 10.762 10.768    0.021 0.025 0.022 0.022 0.025  A 36590
   2666.55248 10.851 10.819 10.851 10.854 10.873    0.019 0.023 0.023 0.021 0.023  A 36916
   2669.52984 11.444 11.465 11.446 11.389 11.496    0.066 0.065 0.066 0.068 0.072  D 37386
   2671.54057 11.266 11.252 11.249 11.261 11.287    0.024 0.028 0.025 0.026 0.030  A 37720
   2677.52060 11.822 11.809 11.810 11.853 11.855    0.031 0.031 0.032 0.036 0.041  A 38755
   2787.91234 11.540 11.500 11.512 11.541 11.537    0.019 0.025 0.024 0.021 0.022  A 56914
   2809.89785 10.662 10.646 10.649 10.654 10.665    0.024 0.025 0.030 0.028 0.028  A 59615
   2814.88973 10.323 10.387 10.311 10.330 10.340    0.023 0.026 0.028 0.026 0.029  A 60759
   2820.88193 10.109 10.133 10.101 10.118 10.124    0.019 0.025 0.026 0.023 0.025  A 61614
   2830.81990 10.539 10.527 10.514 10.559 10.580    0.037 0.040 0.042 0.040 0.045  A 62582
   2832.85550 10.625 10.631 10.613 10.626 10.636    0.019 0.025 0.023 0.021 0.023  A 63044
   2834.86685 10.756 10.667 10.733 10.767 10.767    0.049 0.045 0.048 0.056 0.063  B 63433
   2841.91680 11.031 11.040 11.039 11.023 11.030    0.018 0.024 0.023 0.020 0.022  A 64644
   2845.86741 11.190 11.153 11.156 11.193 11.197    0.020 0.026 0.026 0.021 0.020  A 65317
   2853.80608 11.133 11.146 11.130 11.131 11.085    0.045 0.042 0.048 0.050 0.052  B 65731
   2856.82980 11.236 11.189 11.233 11.243 11.249    0.025 0.028 0.032 0.027 0.028  A 66136
   2859.76064 11.058 11.041 11.074 11.055 11.061    0.018 0.024 0.026 0.020 0.022  A 66592
   2861.77940 11.163 11.151 11.198 11.173 11.189    0.029 0.025 0.039 0.034 0.030  A 67021
   2872.82012 10.810 10.816 10.790 10.818 10.823    0.018 0.022 0.026 0.019 0.020  A 68237
   2875.82873 10.578 10.565 10.592 10.579 10.574    0.016 0.030 0.017 0.017 0.018  A 68632
   2880.76046 10.229 10.250 10.228 10.237 10.244    0.030 0.037 0.036 0.033 0.037  A 69416
   2883.80350 10.130 10.146 10.108 10.116 10.114    0.016 0.021 0.024 0.017 0.018  A 69690
   2885.73850 10.114 10.098 10.131 10.097 10.093    0.016 0.030 0.020 0.017 0.017  A 70068
   2886.84275 10.112 10.124 10.111 10.115 10.118    0.020 0.026 0.025 0.022 0.025  A 70324
   2895.77150 10.595 10.637 10.600 10.583 10.580    0.024 0.027 0.032 0.027 0.029  A 71326
   2897.78279 10.746 10.749 10.746 10.741 10.737    0.019 0.024 0.025 0.020 0.023  A 71730
   2899.75920 10.862 10.858 10.853 10.860 10.859    0.017 0.038 0.019 0.018 0.021  A 72083
   2905.67969 11.084 11.081 11.075 11.078 11.082    0.020 0.019 0.032 0.021 0.020  A 72997
   2907.83078 11.078 11.022 11.038 11.083 11.094    0.038 0.047 0.038 0.045 0.051  A 73315
   2910.68331 11.059 11.064 11.038 11.064 11.072    0.019 0.040 0.021 0.019 0.021  A 73741
   2912.70908 11.002 10.992 10.978 10.998 11.037    0.031 0.033 0.037 0.034 0.037  A 74129
   2915.69791 10.918 10.864 10.897 10.927 10.928    0.019 0.040 0.023 0.021 0.023  A 74409
   2917.64089 11.000 10.850 10.906 10.999 10.998    0.019 0.022 0.030 0.021 0.022  A 74764
   2918.80166 10.956 10.844 10.900 11.023 11.031    0.049 0.040 0.044 0.063 0.080  D 74956
   2923.69827 10.905 10.918 10.867 10.893 10.883    0.023 0.024 0.028 0.027 0.032  A 75481
   2926.70195 10.924 10.920 10.929 10.916 10.910    0.018 0.037 0.021 0.020 0.023  A 75842
   2928.69557 10.997 11.012 10.987 11.018 11.046    0.037 0.043 0.037 0.041 0.045  A 76213
   2930.68279 10.979 10.947 10.985 10.985 10.978    0.018 0.024 0.023 0.020 0.022  A 76557
   2934.66799 10.754 10.790 10.750 10.737 10.736    0.018 0.046 0.020 0.019 0.022  A 77260
   2936.67019 10.546 10.585 10.490 10.549 10.550    0.033 0.048 0.058 0.032 0.037  D 77612
   2939.70173 10.326 10.321 10.339 10.320 10.323    0.017 0.042 0.019 0.017 0.019  A 77841
   2942.77215 10.192 10.237 10.194 10.198 10.202    0.023 0.037 0.026 0.027 0.031  A 78257
   2945.66455 10.123 10.129 10.136 10.134 10.133    0.022 0.029 0.025 0.025 0.030  A 78715
   2950.62025 10.196 10.219 10.183 10.195 10.205    0.028 0.028 0.031 0.033 0.038  A 79436
   2956.64588 10.353 10.374 10.347 10.340 10.347    0.024 0.029 0.027 0.026 0.027  A 80238
   2958.63920 10.426 10.457 10.420 10.432 10.439    0.019 0.026 0.024 0.021 0.024  A 80523
   2960.63782 10.424 10.465 10.421 10.420 10.436    0.044 0.040 0.041 0.049 0.056  B 80777
   2962.64459 10.607 10.570 10.598 10.609 10.611    0.020 0.025 0.022 0.022 0.024  A 81064
   2964.65062 10.668 10.683 10.655 10.675 10.686    0.019 0.023 0.023 0.021 0.025  A 81349
   2966.65581 10.821 10.828 10.808 10.823 10.805    0.022 0.025 0.027 0.025 0.028  A 81637
   2968.66059 10.906 10.901 10.898 10.917 10.926    0.020 0.026 0.022 0.023 0.025  A 81914
   2977.55942 11.049 10.997 11.048 11.035 10.999    0.038 0.038 0.034 0.043 0.046  A 82954
   2979.59177 11.007 11.035 11.013 11.032 11.053    0.022 0.029 0.024 0.025 0.029  A 83236
   2981.61418 11.037 11.053 11.044 11.036 11.038    0.025 0.032 0.027 0.031 0.036  A 83500
   2983.62680 10.945 10.944 10.931 10.940 10.938    0.023 0.022 0.023 0.027 0.031  A 83773
   2985.63279 10.834 10.840 10.841 10.839 10.840    0.020 0.028 0.021 0.023 0.027  A 84039
   2987.66193 10.683 10.748 10.675 10.676 10.678    0.022 0.026 0.022 0.024 0.026  A 84315
   2990.63104 10.427 10.438 10.441 10.437 10.431    0.020 0.026 0.021 0.022 0.025  A 84641
   2992.62940 10.279 10.284 10.289 10.280 10.286    0.020 0.024 0.022 0.022 0.026  A 84916
   2994.64696 10.153 10.197 10.149 10.157 10.158    0.020 0.026 0.023 0.022 0.025  A 85186
   2996.65917 10.122 10.080 10.131 10.129 10.118    0.021 0.024 0.025 0.024 0.027  A 85453
   3000.54206 10.201 10.286 10.221 10.177 10.185    0.023 0.027 0.025 0.027 0.031  A 85819
   3007.58788 10.466 10.452 10.465 10.447 10.440    0.022 0.025 0.025 0.026 0.030  A 86702
   3010.59479 10.473 10.473 10.450 10.457 10.445    0.029 0.028 0.030 0.035 0.041  A 87094
   3012.59100 10.416 10.404 10.433 10.397 10.385    0.031 0.030 0.030 0.036 0.043  A 87357
   3018.55307 10.188 10.174 10.199 10.175 10.173    0.020 0.021 0.021 0.022 0.026  A 87982
   3035.54555 10.982 10.987 10.990 10.983 10.998    0.025 0.028 0.028 0.029 0.033  A 89220
   3164.91085 11.345 11.364 11.328 11.327 11.325    0.045 0.050 0.047 0.048 0.052  B 105294
   3169.91434 10.952 10.947 10.928 10.949 10.938    0.039 0.044 0.041 0.041 0.043  A 106028
   3182.91550 10.258 10.290 10.222 10.251 10.253    0.036 0.040 0.034 0.044 0.050  A 107603
   3186.88817 10.143 10.144 10.129 10.149 10.145    0.035 0.040 0.035 0.041 0.047  A 108180
   3190.88866 10.125 10.122 10.142 10.129 10.120    0.054 0.067 0.061 0.054 0.058  D 108692
   3367.57360 10.518 10.547 10.515 10.521 10.522    0.033 0.042 0.030 0.037 0.040  A 125242
   3401.55050 10.876 10.873 10.870 10.872 10.887    0.021 0.027 0.025 0.023 0.027  A 128035
#ndata= 98
#dataset= 4 ; 1 F0032-08_289
#desig= 004943-1140.9
#cra=    0.828486  00:49:42.5
#cdec= -11.681011 -11:40:51.6
#class= 0
#cmag_0= 11.111
#cmer_0=  0.000
#nskip_0= 0
#cmag_1= 11.123
#cmer_1=  0.000
#nskip_1= 0
#cmag_2= 11.138
#cmer_2=  0.000
#nskip_2= 0
#cmag_3= 11.164
#cmer_3=  0.000
#nskip_3= 0
#cmag_4= 11.143
#cmer_4=  0.000
#nskip_4= 0
#ra=    0.828486  00:49:42.5
#dec= -11.681011 -11:40:51.6
#     HJD      MAG_2  MAG_0  MAG_1  MAG_3  MAG_4    MER_2 MER_0 MER_1 MER_3 MER_4 GRADE FRAME
   2490.82157 11.139 11.112 11.123 11.165 11.143    0.030 0.034 0.036 0.036 0.031  A 14146
   2634.55241 29.999 29.999 29.999 29.999 29.999    0.021 0.036 0.039 0.021 0.022  C 32041
   2636.57898 29.999 29.999 29.999 29.999 29.999    0.019 0.028 0.022 0.021 0.022  C 32356
   2640.58886 29.999 29.999 29.999 29.999 29.999    0.023 0.029 0.033 0.022 0.024  C 32961
   2644.58229 29.999 29.999 29.999 29.999 29.999    0.020 0.027 0.022 0.023 0.027  C 33548
   2664.53138 29.999 29.999 29.999 29.999 29.999    0.026 0.033 0.032 0.028 0.032  C 36580
   2897.83745 29.999 29.999 29.999 29.999 29.999    0.018 0.026 0.021 0.021 0.024  C 71753
   2933.73739 29.999 29.999 29.999 29.999 29.999    0.025 0.033 0.045 0.028 0.027  C 77114
   2939.58622 29.999 29.999 29.999 29.999 29.999    0.018 0.023 0.024 0.022 0.021  C 77792
   2944.60916 29.999 29.999 29.999 29.999 29.999    0.017 0.029 0.020 0.019 0.021  C 78513
   2950.59755 29.999 29.999 29.999 29.999 29.999    0.027 0.031 0.029 0.032 0.039  C 79429
   2958.60738 29.999 29.999 29.999 29.999 29.999    0.020 0.024 0.022 0.023 0.026  C 80510
   2966.63133 29.999 29.999 29.999 29.999 29.999    0.019 0.026 0.022 0.021 0.024  C 81627
   2978.52413 29.999 29.999 29.999 29.999 29.999    0.030 0.032 0.035 0.036 0.043  C 83084
   3010.58952 29.999 29.999 29.999 29.999 29.999    0.031 0.033 0.032 0.038 0.042  C 87092
   3012.58549 29.999 29.999 29.999 29.999 29.999    0.040 0.039 0.039 0.049 0.059  C 87355
   3016.56392 29.999 29.999 29.999 29.999 29.999    0.055 0.049 0.050 0.061 0.070  C 87715
   3186.87055 29.999 29.999 29.999 29.999 29.999    0.059 0.062 0.059 0.062 0.069  C 108173
   3190.85216 29.999 29.999 29.999 29.999 29.999    0.076 0.087 0.080 0.079 0.083  D 108680
#dataset= 4 ; 2 F0032-08_289
#desig= 004941-1140.9
#cra=    0.828187  00:49:41.5
#cdec= -11.681782 -11:40:54.4
#class= 0
#cmag_0= 10.701
#cmer_0=  0.338
#nskip_0= 0
#cmag_1= 10.699
#cmer_1=  0.337
#nskip_1= 0
#cmag_2= 10.722
#cmer_2=  0.335
#nskip_2= 0
#cmag_3= 10.726
#cmer_3=  0.334
#nskip_3= 0
#cmag_4= 10.729
#cmer_4=  0.335
#nskip_4= 0
#ra=    0.828187  00:49:41.5
#dec= -11.681782 -11:40:54.4
#     HJD      MAG_2  MAG_0  MAG_1  MAG_3  MAG_4    MER_2 MER_0 MER_1 MER_3 MER_4 GRADE FRAME
   1868.54988 10.596 10.582 10.590 10.596 10.587    0.023 0.057 0.026 0.025 0.027  A 42
   2164.70498 10.353 10.327 10.340 10.354 10.359    0.027 0.050 0.035 0.028 0.030  A 31936
   2168.70096 10.474 10.505 10.465 10.477 10.483    0.024 0.051 0.030 0.025 0.028  A 32292
   2169.70816 10.458 10.440 10.442 10.459 10.451    0.026 0.047 0.033 0.026 0.028  A 32448
   2171.67672 11.157 11.315 11.240 11.114 11.121    0.026 0.051 0.032 0.028 0.032  A 32618
   2172.70027 10.491 10.452 10.473 10.502 10.501    0.026 0.048 0.033 0.027 0.030  A 32816
   2177.65762 10.554 10.548 10.530 10.557 10.564    0.030 0.053 0.036 0.032 0.035  A 33434
   2190.62389 10.736 10.693 10.739 10.746 10.747    0.027 0.047 0.035 0.028 0.030  A 34932
   2191.65531 10.730 10.689 10.721 10.730 10.742    0.025 0.046 0.033 0.026 0.029  A 35121
   2192.63644 10.712 10.724 10.693 10.721 10.711    0.024 0.048 0.031 0.026 0.029  A 35287
   2193.63979 10.704 10.729 10.684 10.719 10.716    0.025 0.043 0.032 0.026 0.029  A 35471
   2194.63772 10.707 10.671 10.687 10.706 10.712    0.025 0.039 0.032 0.025 0.028  A 35649
   2195.63750 10.704 10.670 10.699 10.699 10.695    0.024 0.043 0.032 0.026 0.030  A 35826
   2196.63441 10.632 10.638 10.615 10.634 10.650    0.027 0.046 0.034 0.029 0.033  A 35957
   2197.63405 10.657 10.628 10.629 10.666 10.668    0.025 0.046 0.033 0.026 0.029  A 36141
   2198.62843 10.655 10.628 10.640 10.660 10.653    0.025 0.045 0.033 0.025 0.027  A 36310
   2199.63129 10.616 10.597 10.603 10.624 10.627    0.027 0.043 0.035 0.028 0.029  A 36491
   2201.61785 10.590 10.529 10.587 10.576 10.576    0.026 0.044 0.034 0.026 0.027  A 36734
   2202.62536 10.512 10.498 10.485 10.522 10.526    0.031 0.047 0.039 0.032 0.033  A 36905
   2204.60833 10.475 10.460 10.449 10.474 10.470    0.026 0.043 0.034 0.027 0.028  A 37198
   2206.60936 10.443 10.387 10.433 10.447 10.444    0.028 0.044 0.037 0.029 0.029  A 37474
   2207.60144 10.407 10.408 10.379 10.405 10.404    0.036 0.047 0.041 0.041 0.045  A 37643
   2219.57130 10.138 10.099 10.114 10.163 10.167    0.032 0.036 0.041 0.038 0.033  A 38884
   2229.54653 10.657 10.640 10.648 10.652 10.654    0.032 0.043 0.042 0.036 0.033  A 40102
   2242.55364 10.986 10.972 11.002 10.998 10.999    0.036 0.050 0.045 0.041 0.039  A 41863
   2248.56305 10.870 10.929 10.866 10.895 10.903    0.033 0.049 0.040 0.040 0.039  A 42465
   2251.54196 10.818 10.750 10.777 10.811 10.841    0.035 0.048 0.043 0.040 0.038  A 42976
   2253.58185 10.720 10.695 10.716 10.735 10.737    0.035 0.051 0.043 0.041 0.039  A 43316
   2256.53731 10.672 10.657 10.627 10.674 10.676    0.039 0.054 0.047 0.043 0.041  A 43743
   2260.53141 10.558 10.571 10.528 10.578 10.579    0.043 0.067 0.052 0.051 0.054  B 44192
   2271.56585 10.342 10.325 10.324 10.343 10.377    0.064 0.084 0.073 0.067 0.065  D 45534
   2275.54480 10.451 10.389 10.415 10.447 10.470    0.059 0.080 0.070 0.062 0.059  D 46125
   2445.85971 10.884 10.843 10.883 10.883 10.877    0.019 0.026 0.027 0.019 0.021  A 9193
   2467.84478 10.327 10.328 10.300 10.344 10.356    0.020 0.024 0.029 0.019 0.019  A 11587
   2468.91039 10.340 10.321 10.332 10.341 10.346    0.019 0.026 0.028 0.020 0.021  A 11832
   2473.82471 10.445 10.412 10.404 10.448 10.468    0.030 0.034 0.036 0.034 0.029  A 12765
   2487.80763 11.019 10.964 10.972 11.026 11.039    0.047 0.064 0.055 0.051 0.052  B 13553
   2493.79292 11.174 11.141 11.136 11.182 11.205    0.039 0.045 0.044 0.046 0.036  A 14541
   2495.73755 11.302 11.299 11.304 11.309 11.315    0.034 0.036 0.038 0.041 0.033  A 14844
   2496.77582 11.314 11.276 11.281 11.314 11.332    0.025 0.029 0.032 0.028 0.023  A 15071
   2498.77459 11.276 11.234 11.256 11.295 11.303    0.024 0.028 0.031 0.027 0.024  A 15496
   2499.77121 11.253 11.189 11.235 11.264 11.273    0.025 0.028 0.032 0.029 0.022  A 15704
   2501.77447 11.097 11.064 11.049 11.105 11.112    0.024 0.028 0.032 0.026 0.023  A 16068
   2502.77450 10.972 10.983 10.952 10.980 11.007    0.025 0.029 0.030 0.032 0.026  A 16280
   2503.76568 10.955 10.854 10.954 10.975 10.974    0.042 0.048 0.046 0.051 0.047  A 16480
   2519.82452 10.133 10.118 10.129 10.142 10.145    0.020 0.027 0.031 0.018 0.018  A 18077
   2529.69397 10.547 10.585 10.550 10.596 10.602    0.033 0.055 0.044 0.037 0.031  A 19100
   2543.66753 10.776 10.724 10.755 10.793 10.787    0.040 0.049 0.047 0.041 0.042  A 19906
   2558.58961 11.233 11.172 11.245 11.233 11.240    0.024 0.033 0.033 0.023 0.021  A 22025
   2558.72544 11.214 11.227 11.204 11.215 11.209    0.021 0.034 0.028 0.021 0.023  A 22083
   2578.65294 10.021  9.956 10.020 10.026 10.014    0.027 0.034 0.037 0.028 0.024  A 24951
   2623.52599 11.140 11.179 11.174 11.152 11.162    0.027 0.027 0.027 0.031 0.035  A 30083
   2628.60514 10.327 10.396 10.327 10.331 10.330    0.026 0.039 0.028 0.031 0.035  A 30707
   2638.58852 10.123 10.123 10.154 10.109 10.098    0.019 0.033 0.025 0.021 0.023  A 32651
   2650.53162 10.252 10.211 10.262 10.261 10.256    0.029 0.036 0.035 0.032 0.030  A 34236
   2655.56317 10.524 10.550 10.522 10.537 10.531    0.023 0.027 0.024 0.026 0.030  A 35202
   2668.52735 10.951 11.009 10.952 10.941 10.982    0.033 0.036 0.047 0.038 0.039  A 37228
   2767.91772 10.074 10.068 10.044 10.071 10.087    0.027 0.027 0.031 0.028 0.030  A 54623
   2814.88780 10.404 10.352 10.366 10.406 10.398    0.032 0.030 0.051 0.033 0.029  A 60758
   2836.87201 10.747 10.791 10.745 10.741 10.742    0.047 0.043 0.045 0.054 0.066  B 63774
   2841.89410 29.999 29.999 29.999 29.999 29.999    0.018 0.024 0.023 0.020 0.022  C 64634
   2844.87288 11.107 11.131 11.102 11.100 11.111    0.020 0.023 0.026 0.022 0.022  A 65101
   2851.86503 11.217 11.187 11.185 11.226 11.231    0.017 0.023 0.022 0.020 0.022  A 65537
   2859.78887 29.999 29.999 29.999 29.999 29.999    0.017 0.022 0.023 0.019 0.021  C 66604
   2861.76723 11.075 11.051 11.083 11.077 11.087    0.021 0.026 0.024 0.024 0.026  A 67016
   2874.76686 10.621 10.660 10.591 10.621 10.629    0.023 0.030 0.032 0.022 0.024  A 68416
   2883.73038 10.125 10.113 10.099 10.114 10.116    0.019 0.024 0.026 0.020 0.022  A 69658
   2899.80037 29.999 29.999 29.999 29.999 29.999    0.023 0.028 0.024 0.026 0.031  C 72099
   2902.77789 29.999 29.999 29.999 29.999 29.999    0.021 0.035 0.023 0.023 0.024  C 72570
   2905.67029 11.114 11.119 11.079 11.107 11.106    0.015 0.026 0.021 0.016 0.018  A 72993
   2912.68369 10.987 10.945 10.974 10.991 10.998    0.016 0.022 0.022 0.017 0.018  A 74119
   2915.67433 10.917 10.940 10.916 10.931 10.942    0.019 0.044 0.024 0.020 0.022  A 74399
   2955.62738 29.999 29.999 29.999 29.999 29.999    0.021 0.025 0.025 0.024 0.028  C 80083
   2996.62862 29.999 29.999 29.999 29.999 29.999    0.043 0.043 0.038 0.050 0.054  C 85441
   3035.52835 29.999 29.999 29.999 29.999 29.999    0.029 0.031 0.030 0.034 0.039  C 89214
   3211.91060 11.569 11.547 11.544 11.558 11.538    0.022 0.029 0.029 0.023 0.024  A 109536
   3397.52661 10.577 10.617 10.575 10.598 10.580    0.035 0.065 0.040 0.040 0.043  A 127463
   3400.52532 10.735 10.676 10.724 10.724 10.732    0.033 0.067 0.039 0.037 0.041  A 127872
   3765.52532 10.912 10.938 10.926 10.888 10.854    0.039 0.077 0.042 0.046 0.052  A 176257
#ndata= 282
#dataset= 5 ; 1 F0104-08_290
#desig= 004943-1140.9
#cra=    0.828486  00:49:42.5
#cdec= -11.681011 -11:40:51.6
#class= 0
#cmag_0= 11.298
#cmer_0=  0.300
#nskip_0= 0
#cmag_1= 11.301
#cmer_1=  0.246
#nskip_1= 0
#cmag_2= 11.307
#cmer_2=  0.241
#nskip_2= 0
#cmag_3= 11.311
#cmer_3=  0.223
#nskip_3= 0
#cmag_4= 11.333
#cmer_4=  0.273
#nskip_4= 0
#ra=    0.828486  00:49:42.5
#dec= -11.681011 -11:40:51.6
#     HJD      MAG_2  MAG_0  MAG_1  MAG_3  MAG_4    MER_2 MER_0 MER_1 MER_3 MER_4 GRADE FRAME
   1920.54996 29.999 29.999 29.999 29.999 29.999    0.020 0.045 0.026 0.022 0.025  C 5425
   2490.82157 11.138 11.088 11.130 11.155 11.142    0.031 0.038 0.036 0.037 0.033  A 14146
   2634.55542 29.999 29.999 29.999 29.999 29.999    0.022 0.033 0.031 0.021 0.022  C 32042
   2892.77462 29.999 29.999 29.999 29.999 29.999    0.023 0.043 0.024 0.026 0.030  C 70733
   2926.70000 29.999 29.999 29.999 29.999 29.999    0.020 0.032 0.023 0.022 0.025  C 75841
   2945.66267 29.999 29.999 29.999 29.999 29.999    0.023 0.035 0.024 0.027 0.032  C 78714
   2955.62738 29.999 29.999 29.999 29.999 29.999    0.025 0.032 0.029 0.027 0.030  C 80083
   2957.62645 29.999 29.999 29.999 29.999 29.999    0.022 0.027 0.026 0.025 0.029  C 80371
   3016.56709 29.999 29.999 29.999 29.999 29.999    0.035 0.042 0.035 0.038 0.041  C 87716
   3178.91629 29.999 29.999 29.999 29.999 29.999    0.048 0.051 0.048 0.052 0.056  C 107146
   3190.89855 29.999 29.999 29.999 29.999 29.999    0.051 0.061 0.060 0.052 0.056  C 108695
   3406.52158 11.477 11.509 11.475 11.469 11.526    0.036 0.079 0.039 0.042 0.047  A 128679
   3656.68186 29.999 29.999 29.999 29.999 29.999    0.028 0.058 0.032 0.031 0.033  C 162191
#dataset= 5 ; 2 F0104-08_290
#desig= 004941-1140.9
#cra=    0.828188  00:49:41.5
#cdec= -11.681026 -11:40:51.7
#class= 0
#cmag_0= 10.734
#cmer_0=  0.398
#nskip_0= 10
#cmag_1= 10.733
#cmer_1=  0.393
#nskip_1= 10
#cmag_2= 10.741
#cmer_2=  0.390
#nskip_2= 10
#cmag_3= 10.740
#cmer_3=  0.389
#nskip_3= 10
#cmag_4= 10.744
#cmer_4=  0.392
#nskip_4= 10
#ra=    0.828188  00:49:41.5
#dec= -11.681026 -11:40:51.7
#     HJD      MAG_2  MAG_0  MAG_1  MAG_3  MAG_4    MER_2 MER_0 MER_1 MER_3 MER_4 GRADE FRAME
   1868.57057 10.536 10.564 10.534 10.540 10.538    0.020 0.054 0.024 0.023 0.025  A 51
   1871.59200 10.625 10.702 10.635 10.629 10.639    0.024 0.071 0.028 0.026 0.028  A 499
   1888.58543 11.306 11.309 11.304 11.305 11.309    0.025 0.060 0.028 0.028 0.032  A 2880
   1900.60924 10.484 10.474 10.481 10.500 10.500    0.021 0.048 0.027 0.023 0.027  A 3340
   1907.55016 10.507 10.591 10.517 10.496 10.490    0.021 0.040 0.026 0.022 0.024  A 4274
   1928.53093 10.486 10.432 10.476 10.504 10.514    0.021 0.044 0.027 0.022 0.025  A 6732
   2056.91818 10.773 10.785 10.810 10.760 10.750    0.029 0.071 0.033 0.030 0.033  A 20820
   2067.90724 11.078 11.095 11.115 11.073 11.058    0.025 0.051 0.028 0.028 0.031  A 21966
   2068.91146 11.056 11.178 11.068 11.027 11.008    0.054 0.066 0.048 0.065 0.080  B 22194
   2069.90632 11.234 11.215 11.249 11.248 11.280    0.025 0.067 0.029 0.027 0.031  A 22416
   2070.90347 11.203 11.276 11.197 11.201 11.204    0.023 0.055 0.028 0.026 0.028  A 22634
   2086.85179 10.773 10.816 10.767 10.783 10.812    0.022 0.055 0.027 0.024 0.028  A 24134
   2095.82291 10.161 10.140 10.171 10.152 10.152    0.029 0.069 0.032 0.034 0.037  A 25307
   2136.78655 10.806 10.792 10.786 10.836 10.858    0.045 0.055 0.042 0.057 0.064  B 29705
   2164.71938 10.373 10.353 10.378 10.376 10.391    0.028 0.050 0.035 0.029 0.032  A 31941
   2167.70461 10.382 10.389 10.389 10.392 10.390    0.025 0.053 0.030 0.027 0.030  A 32126
   2168.71436 10.447 10.483 10.452 10.450 10.451    0.027 0.055 0.033 0.029 0.032  A 32298
   2169.72371 10.455 10.406 10.444 10.464 10.462    0.027 0.048 0.034 0.028 0.031  A 32455
   2171.71375 10.468 10.526 10.478 10.468 10.470    0.027 0.049 0.034 0.028 0.031  A 32634
   2173.70118 10.533 10.554 10.540 10.535 10.530    0.026 0.051 0.032 0.029 0.032  A 33005
   2174.69885 10.496 10.495 10.499 10.503 10.501    0.028 0.055 0.036 0.030 0.032  A 33179
   2175.68689 11.361 11.478 11.449 11.331 11.326    0.032 0.058 0.039 0.033 0.037  A 33318
   2177.68488 10.578 10.612 10.581 10.581 10.587    0.030 0.054 0.037 0.032 0.034  A 33446
   2178.68179 10.601 10.594 10.595 10.593 10.592    0.031 0.053 0.040 0.032 0.035  A 33618
   2180.63062 10.645 10.613 10.649 10.648 10.651    0.031 0.063 0.039 0.031 0.034  A 33786
   2190.60583 10.697 10.674 10.709 10.691 10.687    0.027 0.046 0.034 0.028 0.031  A 34924
   2191.66756 10.748 10.822 10.750 10.749 10.759    0.025 0.046 0.032 0.027 0.028  A 35126
   2192.66135 10.694 10.631 10.683 10.696 10.705    0.025 0.050 0.033 0.027 0.028  A 35298
   2193.65784 10.722 10.773 10.726 10.710 10.710    0.025 0.046 0.032 0.026 0.029  A 35479
   2194.65360 10.702 10.653 10.715 10.687 10.694    0.024 0.042 0.032 0.026 0.029  A 35656
   2196.65695 11.192 11.189 11.230 11.171 11.185    0.027 0.045 0.034 0.028 0.032  A 35967
   2252.57320 10.780 10.735 10.780 10.784 10.790    0.037 0.056 0.048 0.039 0.038  A 43150
   2254.56690 10.689 10.652 10.696 10.693 10.699    0.037 0.059 0.046 0.044 0.042  A 43439
   2256.58377 10.659 10.591 10.625 10.675 10.688    0.039 0.056 0.047 0.044 0.043  A 43763
   2260.53437 10.542 10.524 10.533 10.554 10.572    0.042 0.069 0.053 0.050 0.051  A 44193
   2262.58314 10.519 10.496 10.522 10.517 10.525    0.043 0.066 0.051 0.051 0.050  A 44520
   2271.55287 10.339 10.326 10.345 10.349 10.346    0.051 0.073 0.059 0.057 0.056  B 45528
   2440.87045 11.140 11.138 11.126 11.131 11.122    0.033 0.038 0.040 0.035 0.036  A 8162
   2445.87294 10.872 10.875 10.872 10.879 10.904    0.018 0.028 0.026 0.020 0.021  A 9199
   2466.84300 10.333 10.314 10.330 10.329 10.328    0.023 0.029 0.031 0.023 0.022  A 11368
   2467.86482 10.350 10.335 10.329 10.346 10.349    0.021 0.024 0.030 0.020 0.019  A 11596
   2468.91039 10.327 10.318 10.330 10.333 10.336    0.023 0.030 0.032 0.025 0.026  A 11832
   2470.85014 10.397 10.371 10.375 10.426 10.418    0.029 0.033 0.035 0.033 0.028  A 12089
   2473.82471 10.429 10.405 10.417 10.443 10.450    0.031 0.038 0.037 0.034 0.030  A 12765
   2482.76565 10.902 10.933 10.901 10.894 10.937    0.036 0.040 0.041 0.040 0.034  A 13211
   2488.78042 10.940 10.949 10.941 10.964 10.979    0.060 0.072 0.065 0.064 0.067  B 13593
   2491.81886 11.063 11.069 11.030 11.067 11.101    0.045 0.052 0.051 0.052 0.047  A 14315
   2493.75831 11.238 11.246 11.212 11.244 11.269    0.078 0.083 0.081 0.082 0.075  D 14526
   2495.77626 11.254 11.269 11.244 11.246 11.247    0.027 0.032 0.034 0.033 0.026  A 14861
   2496.79340 11.357 11.347 11.357 11.369 11.363    0.027 0.032 0.034 0.031 0.024  A 15079
   2498.79461 11.278 11.265 11.274 11.268 11.275    0.028 0.032 0.036 0.031 0.026  A 15505
   2499.79324 11.239 11.151 11.244 11.242 11.247    0.026 0.028 0.032 0.031 0.024  A 15714
   2502.78968 10.999 10.992 10.975 10.997 10.993    0.029 0.029 0.031 0.036 0.027  A 16287
   2503.78770 10.878 10.869 10.860 10.878 10.883    0.041 0.048 0.046 0.048 0.043  A 16490
   2508.74797 10.387 10.387 10.372 10.393 10.388    0.025 0.029 0.030 0.028 0.031  A 16838
   2520.72812 10.170 10.105 10.156 10.184 10.183    0.023 0.037 0.032 0.025 0.024  A 18238
   2526.85504 10.497 10.458 10.518 10.495 10.469    0.037 0.044 0.047 0.032 0.026  A 18935
   2529.71397 10.551 10.532 10.551 10.582 10.574    0.034 0.054 0.045 0.039 0.034  A 19109
   2545.76957 10.755 10.747 10.746 10.753 10.744    0.023 0.028 0.022 0.019 0.020  A 20227
   2552.80207 10.897 10.949 10.871 10.901 10.905    0.024 0.031 0.030 0.024 0.023  A 21213
   2558.72544 11.200 11.223 11.206 11.206 11.202    0.024 0.038 0.029 0.024 0.025  A 22083
   2562.66296 11.171 11.173 11.171 11.162 11.154    0.018 0.031 0.020 0.020 0.023  A 22744
   2578.69670  9.969 10.002  9.983  9.973  9.983    0.024 0.032 0.033 0.024 0.020  A 24970
   2623.52897 11.168 11.129 11.175 11.151 11.159    0.036 0.034 0.047 0.037 0.035  A 30084
   2625.60398 10.760 10.737 10.724 10.780 10.793    0.030 0.044 0.041 0.029 0.031  A 30399
   2628.60514 10.318 10.388 10.329 10.325 10.322    0.025 0.039 0.028 0.029 0.032  A 30707
   2636.58200 10.059 10.063 10.070 10.047 10.049    0.017 0.028 0.024 0.019 0.022  A 32357
   2638.59153 10.097 10.114 10.117 10.081 10.071    0.020 0.038 0.027 0.021 0.023  A 32652
   2640.59187 29.999 29.999 29.999 29.999 29.999    0.019 0.035 0.030 0.021 0.023  C 32962
   2644.58531 10.061 10.019 10.060 10.065 10.064    0.019 0.038 0.028 0.022 0.024  A 33549
   2653.55570 10.450 10.445 10.447 10.427 10.416    0.021 0.035 0.027 0.024 0.027  A 34709
   2655.58520 10.533 10.510 10.544 10.507 10.509    0.023 0.022 0.023 0.026 0.030  A 35211
   2659.54867 10.598 10.614 10.614 10.629 10.644    0.019 0.028 0.022 0.021 0.024  A 35731
   2661.54768 10.618 10.644 10.610 10.627 10.640    0.020 0.031 0.021 0.023 0.026  A 36073
   2663.54882 10.650 10.725 10.661 10.648 10.661    0.021 0.029 0.022 0.023 0.025  A 36412
   2665.55308 10.812 10.779 10.803 10.809 10.816    0.020 0.025 0.020 0.021 0.023  A 36765
   2668.53487 10.964 11.025 10.973 10.999 11.004    0.034 0.038 0.048 0.038 0.037  A 37231
   2670.53742 29.999 29.999 29.999 29.999 29.999    0.020 0.025 0.024 0.022 0.024  C 37548
   2809.90461 10.597 10.616 10.608 10.611 10.609    0.021 0.026 0.024 0.023 0.026  A 59618
   2815.92110 10.270 10.267 10.241 10.275 10.287    0.022 0.025 0.026 0.023 0.024  A 60874
   2820.88620 10.064 10.056 10.062 10.078 10.076    0.021 0.026 0.024 0.023 0.026  A 61616
   2830.82185 10.519 10.453 10.482 10.515 10.507    0.060 0.058 0.059 0.065 0.075  B 62583
   2832.86202 10.606 10.581 10.609 10.621 10.634    0.021 0.024 0.025 0.022 0.025  A 63047
   2834.90156 10.645 10.652 10.663 10.645 10.649    0.051 0.046 0.051 0.063 0.072  B 63448
   2841.91430 11.005 11.037 10.995 11.010 11.028    0.019 0.027 0.025 0.020 0.023  A 64643
   2844.89845 11.139 11.121 11.140 11.147 11.149    0.018 0.021 0.023 0.019 0.020  A 65112
   2851.88521 11.186 11.188 11.187 11.199 11.206    0.018 0.021 0.023 0.020 0.022  A 65546
   2854.78159 11.176 11.145 11.199 11.191 11.189    0.018 0.022 0.025 0.019 0.019  A 65943
   2858.78824 11.081 11.055 11.073 11.108 11.116    0.017 0.022 0.024 0.018 0.020  A 66385
   2860.79374 11.064 11.087 11.056 11.047 11.048    0.019 0.023 0.025 0.021 0.023  A 66817
   2862.78285 11.063 11.065 11.042 11.076 11.100    0.021 0.030 0.025 0.023 0.026  A 67227
   2874.78310 10.628 10.624 10.619 10.620 10.619    0.019 0.027 0.023 0.020 0.022  A 68423
   2883.75527 10.114 10.099 10.113 10.110 10.113    0.021 0.028 0.028 0.021 0.021  A 69669
   2885.73629 10.080 10.073 10.093 10.080 10.085    0.016 0.033 0.019 0.017 0.019  A 70067
   2886.84053 10.114 10.105 10.135 10.110 10.091    0.019 0.027 0.024 0.021 0.024  A 70323
   2896.77086 29.999 29.999 29.999 29.999 29.999    0.023 0.041 0.025 0.027 0.031  C 71527
   2898.71892 99.999 99.999 99.999 99.999 99.999    0.023 0.027 0.029 0.026 0.029  C 71902
   2903.79614 11.153 11.121 11.168 11.171 11.179    0.031 0.034 0.046 0.034 0.031  A 72730
   2906.68850 11.111 11.062 11.124 11.112 11.111    0.018 0.024 0.026 0.020 0.021  A 73200
   2908.73594 29.999 29.999 29.999 29.999 29.999    0.020 0.028 0.029 0.023 0.023  C 73451
   2912.72521 10.928 10.969 10.946 10.918 10.923    0.022 0.040 0.024 0.023 0.025  A 74136
   2917.64566 10.895 10.861 10.914 10.891 10.886    0.018 0.031 0.022 0.020 0.022  A 74766
   2918.81486 29.999 29.999 29.999 29.999 29.999    0.088 0.068 0.075 0.107 0.125  D 74961
   2928.69363 99.999 11.026 11.005 99.999 99.999    0.049 0.051 0.048 0.054 0.057  C 76212
   2936.66817 29.999 29.999 29.999 29.999 29.999    0.032 0.036 0.039 0.038 0.042  C 77611
   2951.61759 10.175 10.186 10.162 10.176 10.195    0.027 0.038 0.028 0.031 0.035  A 79553
   2953.62556 29.999 29.999 29.999 29.999 29.999    0.029 0.029 0.032 0.034 0.041  C 79826
   2961.61980 10.536 10.522 10.556 10.548 10.543    0.020 0.026 0.022 0.023 0.026  A 80914
   2965.64142 10.721 10.716 10.704 10.713 10.725    0.023 0.026 0.025 0.025 0.028  A 81487
   2969.60963 29.999 29.999 29.999 29.999 29.999    0.021 0.027 0.023 0.025 0.029  C 82039
   2980.59544 11.012 10.986 10.999 11.002 10.982    0.024 0.030 0.028 0.027 0.033  A 83360
   2991.62371 29.999 29.999 29.999 29.999 29.999    0.022 0.028 0.024 0.025 0.028  C 84774
   3164.91569 11.320 11.303 11.319 11.313 11.339    0.041 0.046 0.041 0.044 0.047  A 105296
   3182.93583 29.999 29.999 29.999 29.999 29.999    0.038 0.035 0.048 0.042 0.048  C 107611
   3186.89823 10.123 10.119 10.127 10.132 10.137    0.056 0.058 0.057 0.060 0.065  B 108184
   3211.91253 11.472 11.489 11.465 11.452 11.464    0.022 0.028 0.030 0.022 0.022  A 109537
   3271.73190 11.137 11.119 11.105 11.149 11.139    0.025 0.049 0.032 0.029 0.031  A 115966
   3273.74948 11.272 11.314 11.299 11.245 11.240    0.027 0.050 0.032 0.030 0.034  A 116234
   3278.72317 11.510 11.553 11.507 11.532 11.514    0.036 0.045 0.037 0.042 0.049  A 116859
   3280.74852 11.625 11.637 11.642 11.634 11.632    0.031 0.056 0.035 0.034 0.039  A 117133
   3294.67836 11.302 11.270 11.295 11.306 11.321    0.024 0.045 0.036 0.024 0.024  A 118395
   3363.57179 10.961 10.970 10.961 10.963 10.959    0.038 0.082 0.042 0.043 0.049  A 124928
   3367.57360 10.485 10.515 10.490 10.484 10.477    0.037 0.051 0.036 0.043 0.049  A 125242
   3388.53015 10.167 10.197 10.180 10.170 10.167    0.088 0.072 0.084 0.092 0.094  D 126411
   3391.55378 10.267 10.200 10.259 10.283 10.285    0.035 0.064 0.038 0.041 0.046  A 126812
   3395.55531 10.487 10.466 10.478 10.479 10.470    0.033 0.034 0.031 0.041 0.047  A 127237
   3398.53620 10.637 10.557 10.630 10.647 10.660    0.030 0.043 0.030 0.033 0.036  A 127600
   3512.93279 10.728 10.716 10.732 10.726 10.733    0.030 0.037 0.031 0.036 0.042  A 143960
   3525.91684 11.458 11.388 11.452 11.456 11.522    0.043 0.076 0.044 0.050 0.055  A 145589
   3529.91708 11.567 11.520 11.547 11.598 11.660    0.036 0.039 0.036 0.040 0.045  A 146288
   3543.89290 10.319 10.365 10.329 10.323 10.312    0.029 0.030 0.028 0.034 0.038  A 147631
   3552.92057  9.758  9.780  9.757  9.756  9.764    0.032 0.036 0.033 0.036 0.041  A 148563
   3560.87678 10.204 10.189 10.194 10.210 10.219    0.029 0.045 0.031 0.033 0.037  A 149641
   3563.88648 10.443 10.443 10.438 10.444 10.452    0.026 0.034 0.028 0.030 0.032  A 150169
   3568.92438 10.785 10.800 10.791 10.790 10.798    0.024 0.029 0.031 0.026 0.028  A 150477
   3571.86331 10.975 10.921 10.970 10.979 10.991    0.025 0.028 0.030 0.029 0.032  A 150978
   3574.84815 11.146 11.143 11.139 11.142 11.157    0.027 0.031 0.031 0.031 0.036  A 151358
   3578.89596 11.208 11.220 11.217 11.194 11.195    0.035 0.083 0.039 0.036 0.039  A 152054
   3582.89643 11.387 11.349 11.381 11.386 11.388    0.029 0.042 0.031 0.032 0.037  A 152737
   3585.82739 11.516 11.454 11.514 11.529 11.545    0.023 0.043 0.025 0.026 0.028  A 153244
   3588.82514 11.578 11.561 11.567 11.592 11.595    0.030 0.051 0.032 0.034 0.038  A 153726
   3591.81707 11.446 11.627 11.498 11.432 11.443    0.033 0.074 0.034 0.036 0.038  A 154245
   3595.82915 11.154 11.101 11.135 11.177 11.200    0.096 0.083 0.080 0.121 0.143  D 154884
   3597.82321 10.716 10.714 10.723 10.724 10.730    0.024 0.034 0.028 0.028 0.030  A 155192
   3601.75672 10.125 10.081 10.136 10.122 10.131    0.026 0.035 0.026 0.030 0.034  A 155595
   3615.81982 10.405 10.427 10.399 10.408 10.410    0.029 0.042 0.031 0.034 0.038  A 156964
   3618.74203 10.549 10.616 10.558 10.544 10.550    0.027 0.035 0.027 0.032 0.036  A 157317
   3621.72818 10.672 10.666 10.683 10.669 10.658    0.033 0.051 0.034 0.039 0.047  A 157769
   3624.77551 10.762 10.738 10.766 10.759 10.757    0.022 0.027 0.031 0.023 0.027  A 158091
   3626.76812 10.830 10.826 10.806 10.834 10.859    0.043 0.047 0.046 0.049 0.053  A 158362
   3629.73000 10.948 11.001 10.969 10.934 10.938    0.029 0.044 0.033 0.035 0.041  A 158648
   3633.75302 11.248 11.255 11.229 11.254 11.273    0.032 0.036 0.032 0.040 0.047  A 159255
   3636.74643 11.523 11.475 11.510 11.537 11.544    0.031 0.034 0.033 0.037 0.042  A 159618
   3639.69369 11.604 11.579 11.592 11.604 11.597    0.034 0.052 0.035 0.037 0.039  A 159954
   3642.70759 11.670 11.659 11.660 11.687 11.699    0.024 0.031 0.032 0.026 0.027  A 160340
   3644.78789 11.698 11.677 11.689 11.691 11.674    0.037 0.075 0.043 0.041 0.045  A 160657
   3648.67892 11.481 11.458 11.489 11.460 11.460    0.022 0.029 0.026 0.023 0.025  A 161043
   3650.73198 11.297 11.299 11.296 11.305 11.332    0.022 0.033 0.026 0.023 0.026  A 161342
   3652.73715 11.060 10.975 11.052 11.068 11.087    0.026 0.049 0.031 0.030 0.035  A 161635
   3654.74328 10.849 10.894 10.853 10.860 10.883    0.031 0.067 0.036 0.033 0.036  A 161915
   3661.67563 10.454 10.380 10.437 10.463 10.477    0.034 0.051 0.035 0.040 0.045  A 162947
   3663.68977 10.358 10.327 10.362 10.359 10.356    0.028 0.044 0.030 0.033 0.038  A 163229
   3665.73459 10.295 10.297 10.300 10.304 10.315    0.028 0.057 0.033 0.032 0.036  A 163536
   3669.66346 10.340 10.311 10.338 10.347 10.357    0.021 0.028 0.026 0.023 0.027  A 163982
   3671.75472 10.371 10.356 10.364 10.373 10.375    0.027 0.045 0.033 0.031 0.034  A 164296
   3674.62932 10.885 10.959 10.936 10.867 10.853    0.027 0.050 0.030 0.030 0.031  A 164687
   3676.65448 10.575 10.546 10.581 10.581 10.590    0.026 0.036 0.026 0.030 0.033  A 164980
   3680.58695 10.690 10.681 10.688 10.688 10.698    0.021 0.029 0.023 0.023 0.026  A 165333
   3701.59981 11.191 11.303 11.224 11.166 11.162    0.045 0.090 0.047 0.051 0.057  B 168162
   3704.59191 11.142 11.020 11.124 11.127 11.122    0.037 0.076 0.042 0.037 0.040  A 168553
   3707.57651 10.999 10.915 10.994 11.005 11.010    0.030 0.076 0.037 0.031 0.034  A 168959
   3711.57800 10.872 10.897 10.883 10.870 10.885    0.023 0.041 0.027 0.026 0.029  A 169242
   3715.56332 10.866 10.957 10.890 10.884 10.895    0.041 0.075 0.044 0.047 0.053  A 169810
   3717.63062 10.845 10.819 10.833 10.853 10.835    0.042 0.088 0.047 0.047 0.053  A 170080
   3720.61275 10.869 10.838 10.843 10.887 10.907    0.032 0.034 0.031 0.038 0.043  A 170428
   3722.66674 10.784 10.786 10.778 10.800 10.792    0.037 0.049 0.039 0.044 0.051  A 170704
   3725.63680 10.587 10.604 10.586 10.587 10.604    0.042 0.090 0.047 0.045 0.050  B 171001
   3728.58904 10.501 10.536 10.518 10.485 10.491    0.037 0.067 0.039 0.041 0.045  A 171395
   3731.61661 10.471 10.422 10.460 10.471 10.472    0.036 0.049 0.035 0.040 0.044  A 171679
   3735.56318 10.470 10.517 10.471 10.463 10.464    0.028 0.065 0.033 0.030 0.033  A 172186
   3738.53905 10.469 10.494 10.478 10.458 10.450    0.024 0.043 0.025 0.028 0.030  A 172595
   3743.57048 10.446 10.485 10.461 10.445 10.445    0.030 0.061 0.034 0.035 0.040  A 173255
   3746.58288 10.491 10.410 10.477 10.486 10.481    0.039 0.073 0.038 0.044 0.050  A 173663
   3749.57017 10.611 10.574 10.613 10.607 10.598    0.038 0.042 0.033 0.048 0.056  A 174072
   3753.55765 10.765 10.768 10.758 10.766 10.785    0.026 0.032 0.025 0.030 0.035  A 174628
   3756.55006 10.828 10.848 10.822 10.825 10.836    0.036 0.037 0.033 0.044 0.052  A 175033
   3759.53925 10.868 10.852 10.880 10.863 10.878    0.035 0.057 0.035 0.041 0.047  A 175450
   3762.54134 10.986 11.087 11.023 10.964 10.957    0.032 0.063 0.034 0.037 0.041  A 175844
   3765.53441 10.993 10.964 10.993 10.995 11.012    0.028 0.049 0.030 0.031 0.034  A 176260
   3894.91011 10.803 10.690 10.765 10.868 10.895    0.092 0.082 0.086 0.111 0.126  D 193948
   3900.92781 10.379 10.381 10.381 10.362 10.362    0.034 0.052 0.036 0.039 0.046  A 194750
   3907.89800  9.968  9.936  9.970  9.969  9.963    0.031 0.057 0.032 0.036 0.041  A 196077
   4090.58562 11.151 11.197 11.162 11.146 11.146    0.037 0.083 0.044 0.039 0.043  A 209240
   4104.56134 10.468 10.483 10.452 10.472 10.465    0.049 0.061 0.043 0.063 0.075  B 210675
   4107.54339 10.458 10.443 10.457 10.452 10.442    0.022 0.031 0.025 0.026 0.028  A 211067
   4111.54314 10.553 10.635 10.581 10.539 10.528    0.046 0.096 0.051 0.049 0.053  B 211352
   4125.53001 11.166 11.183 11.173 11.159 11.164    0.032 0.044 0.032 0.038 0.046  A 211498
   4127.54792 11.218 11.176 11.198 11.222 11.236    0.029 0.061 0.035 0.032 0.036  A 211766
   4131.53048 11.252 11.266 11.263 11.242 11.232    0.028 0.038 0.028 0.032 0.036  A 212280
   4134.53217 11.086 11.099 11.080 11.098 11.089    0.038 0.056 0.036 0.046 0.051  A 212692
   4137.52725 11.041 11.037 11.041 11.051 11.048    0.034 0.075 0.040 0.034 0.038  A 213094
   4246.92913 10.978 11.005 10.976 10.985 11.001    0.029 0.039 0.035 0.033 0.037  A 226319
   4273.93705 10.345 10.297 10.328 10.352 10.347    0.047 0.048 0.048 0.052 0.057  B 228599
   4283.89982 10.396 10.362 10.391 10.397 10.399    0.039 0.064 0.043 0.044 0.049  A 229724
   4286.87707 10.544 10.575 10.532 10.588 10.625    0.073 0.071 0.066 0.094 0.115  D 230252
   4290.89025 10.683 10.611 10.668 10.695 10.701    0.046 0.051 0.049 0.049 0.050  B 230586
   4293.88197 10.788 10.793 10.796 10.787 10.775    0.025 0.033 0.031 0.027 0.030  A 231139
   4296.88467 10.990 10.978 10.982 10.978 10.973    0.078 0.072 0.076 0.084 0.092  D 231655
   4299.88358 10.847 10.882 10.857 10.839 10.842    0.030 0.044 0.034 0.033 0.035  A 232200
   4301.87908 10.996 10.897 10.975 10.991 10.983    0.059 0.055 0.057 0.064 0.069  B 232552
   4304.81743 10.845 10.856 10.833 10.857 10.868    0.037 0.038 0.043 0.040 0.043  A 233018
   4306.86674 10.966 10.913 10.969 10.961 10.969    0.038 0.041 0.042 0.041 0.043  A 233397
   4308.83704 10.877 10.839 10.882 10.878 10.871    0.063 0.050 0.056 0.073 0.083  B 233717
   4310.86995 11.057 10.935 11.035 11.071 11.072    0.062 0.060 0.061 0.067 0.068  B 233975
   4312.85291 10.959 11.019 11.001 10.906 10.863    0.049 0.054 0.048 0.062 0.073  B 234297
   4316.87864 11.039 11.084 11.042 11.054 11.019    0.041 0.053 0.044 0.049 0.058  A 234726
   4329.84242 10.225 10.162 10.221 10.228 10.234    0.035 0.046 0.040 0.038 0.042  A 235209
   4331.82011 10.243 10.187 10.237 10.242 10.245    0.061 0.062 0.058 0.067 0.069  B 235560
   4333.78952 10.072 10.101 10.076 10.073 10.076    0.027 0.036 0.033 0.029 0.032  A 235909
   4336.79845 10.164 10.137 10.145 10.156 10.152    0.059 0.063 0.057 0.068 0.073  B 236257
   4339.76511 10.252 10.286 10.251 10.254 10.234    0.066 0.065 0.064 0.073 0.077  B 236632
   4344.80162 10.560 10.493 10.550 10.560 10.556    0.081 0.077 0.074 0.090 0.097  D 237497
   4346.82429 10.525 10.580 10.535 10.524 10.529    0.059 0.055 0.055 0.064 0.066  B 237843
   4348.82986 10.728 10.763 10.742 10.720 10.724    0.032 0.052 0.037 0.034 0.037  A 238199
   4351.73953 10.891 10.875 10.888 10.905 10.940    0.041 0.044 0.041 0.049 0.057  A 238631
   4354.72156 11.006 10.981 11.008 11.006 11.010    0.023 0.034 0.029 0.025 0.028  A 239026
   4357.71677 11.046 11.034 11.056 11.046 11.038    0.028 0.039 0.034 0.029 0.033  A 239490
   4359.75847 11.061 11.014 11.050 11.055 11.040    0.046 0.054 0.047 0.054 0.064  B 239837
   4362.71583 11.008 11.029 11.015 10.999 11.012    0.032 0.077 0.051 0.035 0.037  A 240198
   4364.70052 10.964 10.930 10.954 10.979 10.988    0.025 0.032 0.032 0.027 0.028  A 240524
   4366.86075 10.816 10.761 10.794 10.826 10.825    0.030 0.037 0.035 0.033 0.034  A 240762
   4371.73027 10.555 10.625 10.573 10.549 10.555    0.038 0.072 0.041 0.044 0.048  A 241503
   4373.74361 10.485 10.529 10.493 10.481 10.487    0.031 0.050 0.035 0.037 0.040  A 241801
   4376.73434 10.427 10.428 10.434 10.422 10.424    0.028 0.031 0.031 0.033 0.038  A 242155
   4378.83362 10.426 10.325 10.427 10.410 10.388    0.044 0.064 0.045 0.052 0.064  B 242484
   4381.64856 10.462 10.453 10.464 10.464 10.476    0.036 0.045 0.036 0.039 0.044  A 242877
   4383.69794 10.538 10.579 10.545 10.528 10.528    0.028 0.051 0.036 0.030 0.033  A 243199
   4385.71339 10.533 10.495 10.533 10.542 10.543    0.025 0.036 0.033 0.026 0.027  A 243517
   4387.75236 10.557 10.617 10.585 10.526 10.516    0.063 0.071 0.065 0.069 0.075  B 243846
   4389.73004 10.532 10.571 10.564 10.524 10.527    0.048 0.067 0.055 0.051 0.049  B 244138
   4393.66965 10.422 10.416 10.415 10.424 10.419    0.046 0.041 0.042 0.052 0.058  B 244658
   4399.65357 10.270 10.280 10.280 10.253 10.258    0.039 0.070 0.041 0.047 0.055  A 244837
   4402.65521 10.174 10.226 10.181 10.176 10.193    0.031 0.053 0.035 0.037 0.044  A 245118
   4404.73793 10.143 10.136 10.149 10.134 10.130    0.028 0.034 0.034 0.031 0.034  A 245377
   4408.61110 10.282 10.285 10.285 10.290 10.291    0.031 0.065 0.037 0.034 0.038  A 245720
   4410.76360 11.231 11.714 11.414 11.131 11.107    0.050 0.076 0.056 0.052 0.056  B 246009
   4413.77409 10.555 10.551 10.555 10.558 10.568    0.047 0.047 0.048 0.054 0.061  B 246293
   4418.75212 10.907 10.881 10.919 10.898 10.903    0.041 0.067 0.044 0.042 0.045  A 246339
   4421.65457 11.047 11.008 11.044 11.040 11.041    0.026 0.051 0.033 0.028 0.032  A 246548
   4426.58678 11.210 11.265 11.240 11.208 11.223    0.045 0.076 0.047 0.053 0.060  B 246929
   4428.62986 11.128 11.047 11.124 11.128 11.144    0.036 0.060 0.039 0.042 0.049  A 247172
   4430.69151 11.022 10.987 11.011 11.031 11.030    0.034 0.044 0.036 0.041 0.045  A 247429
   4433.60100 10.689 10.667 10.685 10.695 10.693    0.027 0.055 0.033 0.030 0.032  A 247781
   4435.63720 10.427 10.403 10.425 10.429 10.439    0.027 0.048 0.031 0.029 0.032  A 248032
   4437.70859 10.211 10.213 10.210 10.218 10.221    0.033 0.064 0.040 0.036 0.038  A 248303
   4440.57192 10.080 10.088 10.061 10.095 10.094    0.030 0.065 0.039 0.031 0.034  A 248642
   4443.59223 10.127 10.117 10.127 10.139 10.142    0.032 0.046 0.035 0.033 0.036  A 248967
   4456.60857 10.797 10.844 10.810 10.806 10.841    0.047 0.072 0.048 0.049 0.056  B 250440
   4459.58907 10.840 10.799 10.838 10.869 10.892    0.040 0.069 0.043 0.045 0.051  A 250792
   4462.58358 10.670 10.665 10.674 10.662 10.673    0.029 0.040 0.034 0.033 0.037  A 251157
   4465.57374 10.401 10.357 10.401 10.397 10.385    0.034 0.050 0.037 0.039 0.044  A 251505
   4468.56710 10.191 10.227 10.191 10.196 99.999    0.027 0.059 0.033 0.030 0.034  C 251844
   4473.53797 10.255 10.250 10.248 10.263 10.272    0.026 0.037 0.029 0.031 0.036  A 252330
   4476.54198 10.445 10.411 10.425 10.459 10.475    0.037 0.043 0.036 0.043 0.051  A 252611
   4481.56073 10.680 10.833 10.721 10.657 10.628    0.059 0.054 0.049 0.075 0.092  D 253216
   4485.54927 10.954 11.010 10.966 10.959 10.948    0.038 0.062 0.040 0.042 0.048  A 253561
   4488.54358 11.314 11.308 11.331 11.286 11.259    0.087 0.072 0.078 0.092 0.096  D 253909
   4494.53371 11.383 11.367 11.392 11.367 11.381    0.026 0.036 0.029 0.030 0.034  A 254612
   4498.53361 10.937 10.883 10.928 10.951 10.968    0.029 0.035 0.032 0.031 0.034  A 254870
