#ndata= 3
#dataset= 1 ; 1 F0104-24_200
#desig= 005056-1747.1
#cra=    0.848802  00:50:55.7
#cdec= -17.784781 -17:47:05.2
#class= 0
#cmag_0= 10.853
#cmer_0=  0.010
#nskip_0= 0
#cmag_1= 10.895
#cmer_1=  0.017
#nskip_1= 0
#cmag_2= 10.897
#cmer_2=  0.006
#nskip_2= 0
#cmag_3= 10.908
#cmer_3=  0.004
#nskip_3= 0
#cmag_4= 10.905
#cmer_4=  0.003
#nskip_4= 0
#ra=    0.848802  00:50:55.7
#dec= -17.784781 -17:47:05.2
#     HJD      MAG_2  MAG_0  MAG_1  MAG_3  MAG_4    MER_2 MER_0 MER_1 MER_3 MER_4 GRADE FRAME
   2140.80478 10.852 10.814 10.861 10.856 10.852    0.027 0.040 0.031 0.033 0.037  A 30255
   3367.59061 10.843 10.800 10.839 10.852 10.857    0.036 0.040 0.038 0.041 0.048  A 125246
   3401.55050 10.998 10.944 10.985 11.017 11.005    0.026 0.032 0.031 0.030 0.033  A 128035
#ndata= 87
#dataset= 2 ; 1 F0032-16_244
#desig= 005056-1747.1
#cra=    0.848918  00:50:56.1
#cdec= -17.784216 -17:47:03.2
#class= 0
#cmag_0= 10.873
#cmer_0=  0.067
#nskip_0= 10
#cmag_1= 10.880
#cmer_1=  0.072
#nskip_1= 9
#cmag_2= 10.893
#cmer_2=  0.077
#nskip_2= 7
#cmag_3= 10.892
#cmer_3=  0.073
#nskip_3= 8
#cmag_4= 10.902
#cmer_4=  0.080
#nskip_4= 7
#ra=    0.848918  00:50:56.1
#dec= -17.784216 -17:47:03.2
#     HJD      MAG_1  MAG_0  MAG_2  MAG_3  MAG_4    MER_1 MER_0 MER_2 MER_3 MER_4 GRADE FRAME
   2188.66823 11.106 11.064 11.079 11.075 11.082    0.034 0.043 0.026 0.028 0.029  A 34704
   2191.65732 11.175 11.210 11.187 11.187 11.203    0.032 0.047 0.024 0.026 0.029  A 35122
   2192.63842 10.888 10.906 10.899 10.907 10.921    0.029 0.046 0.023 0.025 0.028  A 35288
   2193.64175 10.811 10.845 10.827 10.829 10.827    0.030 0.043 0.024 0.026 0.029  A 35472
   2194.63970 11.020 11.040 11.018 11.014 11.017    0.031 0.042 0.024 0.025 0.028  A 35650
   2195.64175 10.936 10.936 10.919 10.925 10.922    0.033 0.046 0.027 0.028 0.031  A 35828
   2196.63636 10.832 10.812 10.854 10.867 10.881    0.032 0.045 0.027 0.030 0.034  A 35958
   2197.63601 10.853 10.862 10.861 10.863 10.871    0.031 0.043 0.024 0.027 0.029  A 36142
   2198.63037 11.046 10.999 11.030 11.022 11.028    0.033 0.045 0.026 0.027 0.029  A 36311
   2199.62428 10.816 10.841 10.859 10.874 10.888    0.036 0.048 0.027 0.028 0.029  A 36488
   2201.61978 10.921 10.963 10.911 10.903 10.914    0.033 0.045 0.026 0.027 0.029  A 36735
   2202.62728 10.966 10.999 11.018 11.046 11.066    0.041 0.052 0.036 0.038 0.041  A 36906
   2203.61233 10.805 10.777 10.819 10.814 10.813    0.038 0.052 0.032 0.034 0.038  A 37073
   2204.61025 10.869 10.846 10.871 10.868 10.866    0.035 0.048 0.027 0.029 0.032  A 37199
   2205.60835 11.182 11.207 11.222 11.244 11.243    0.070 0.077 0.068 0.075 0.086  D 37330
   2206.61356 10.842 10.849 10.843 10.847 10.861    0.035 0.046 0.027 0.030 0.031  A 37476
   2207.60563 10.829 10.846 10.845 10.841 10.843    0.039 0.047 0.028 0.030 0.031  A 37645
   2213.61593 10.837 10.863 10.877 10.888 10.898    0.037 0.047 0.030 0.035 0.037  A 38078
   2214.59809 10.819 10.827 10.847 10.852 10.847    0.040 0.045 0.032 0.035 0.036  A 38218
   2216.60043 11.060 11.086 11.084 11.070 11.099    0.040 0.048 0.031 0.037 0.035  A 38556
   2217.60230 10.849 10.842 10.858 10.856 10.860    0.040 0.046 0.032 0.036 0.035  A 38724
   2219.57317 11.253 11.293 11.256 11.280 11.240    0.040 0.046 0.031 0.035 0.033  A 38885
   2221.57856 10.813 10.847 10.838 10.833 10.842    0.035 0.045 0.028 0.032 0.031  A 39004
   2222.58557 10.906 10.953 10.936 10.945 10.954    0.036 0.043 0.030 0.036 0.034  A 39162
   2224.57610 10.786 10.801 10.791 10.748 10.784    0.041 0.047 0.032 0.036 0.033  A 39319
   2226.55611 11.040 11.023 11.029 11.052 11.031    0.037 0.044 0.030 0.037 0.033  A 39628
   2227.57509 10.887 10.867 10.893 10.896 10.907    0.036 0.042 0.028 0.033 0.032  A 39789
   2229.54839 10.898 10.922 10.920 10.914 10.910    0.039 0.045 0.032 0.035 0.034  A 40103
   2230.58306 11.187 11.192 11.172 11.210 11.187    0.039 0.049 0.032 0.039 0.038  A 40283
   2233.54425 11.161 11.166 11.193 11.170 11.183    0.037 0.043 0.030 0.035 0.034  A 40594
   2234.55216 10.869 10.903 10.875 10.880 10.888    0.044 0.050 0.035 0.042 0.040  A 40752
   2240.53904 10.950 10.932 10.941 10.896 10.933    0.043 0.047 0.035 0.042 0.040  A 41538
   2242.54868 10.747 10.767 10.770 10.825 10.786    0.045 0.052 0.038 0.046 0.046  A 41861
   2452.84560 10.859 10.819 10.847 10.852 10.865    0.033 0.031 0.026 0.028 0.028  A 9539
   2468.92257 10.810 10.851 10.811 10.808 10.829    0.030 0.028 0.023 0.025 0.025  A 11837
   2473.81585 10.860 10.870 10.864 10.838 10.866    0.040 0.034 0.035 0.041 0.033  A 12761
   2500.74505 29.999 29.999 29.999 29.999 29.999    0.031 0.027 0.023 0.025 0.022  C 15907
   2558.74223 10.855 10.859 10.864 10.861 10.863    0.031 0.044 0.024 0.024 0.026  A 22090
   2624.61475 11.151 11.174 11.183 11.184 11.189    0.038 0.037 0.025 0.028 0.031  A 30241
   2650.53821 10.814 10.828 10.813 10.822 10.832    0.026 0.036 0.023 0.026 0.028  A 34239
   2652.56591 11.202 11.225 11.193 11.183 11.193    0.025 0.034 0.023 0.027 0.029  A 34556
   2658.55221 10.883 10.850 10.872 10.869 10.862    0.027 0.030 0.025 0.029 0.032  A 35564
   2661.53497 10.794 10.798 10.819 10.816 10.823    0.037 0.031 0.023 0.025 0.028  A 36068
   2663.53858 11.051 11.101 11.055 11.073 11.071    0.027 0.031 0.023 0.025 0.028  A 36408
   2665.54286 10.820 10.860 10.824 10.837 10.838    0.022 0.025 0.020 0.022 0.025  A 36761
   2668.53177 10.797 10.805 10.836 10.841 10.849    0.040 0.037 0.031 0.036 0.039  A 37230
   2671.52565 10.792 10.822 10.818 10.803 10.815    0.049 0.040 0.042 0.046 0.041  A 37714
   2832.83486 10.786 10.812 10.817 10.820 10.826    0.028 0.026 0.022 0.025 0.029  A 63035
   2836.88170 10.853 10.883 10.854 10.845 10.859    0.036 0.037 0.037 0.045 0.051  B 63778
   2840.89791 10.848 10.830 10.847 10.867 10.873    0.027 0.026 0.024 0.027 0.032  A 64441
   2856.81539 10.853 10.849 10.855 10.862 10.872    0.030 0.026 0.024 0.027 0.027  A 66130
   2880.74952 10.967 10.864 10.945 10.934 10.915    0.031 0.033 0.024 0.024 0.025  A 69411
   2883.78109 10.934 10.907 10.949 10.961 10.954    0.028 0.024 0.020 0.020 0.022  A 69680
   2895.74835 10.834 10.828 10.836 10.831 10.852    0.031 0.028 0.025 0.029 0.031  A 71316
   2897.75215 10.938 10.910 10.934 10.940 10.947    0.030 0.026 0.024 0.029 0.028  A 71717
   2899.73855 10.785 10.757 10.780 10.779 10.791    0.023 0.031 0.020 0.021 0.022  A 72074
   2902.72871 10.830 10.811 10.847 10.854 10.862    0.030 0.026 0.023 0.025 0.026  A 72550
   2915.66504 11.000 11.014 11.030 11.051 11.056    0.027 0.027 0.021 0.023 0.025  A 74395
   2924.74317 10.842 10.841 10.827 10.834 10.842    0.026 0.028 0.025 0.028 0.032  A 75670
   2933.67485 10.925 10.875 10.939 10.955 10.961    0.025 0.033 0.023 0.025 0.027  A 77088
   2943.67039 11.199 11.176 11.195 11.197 11.190    0.022 0.035 0.021 0.023 0.026  A 78375
   2944.78184 10.972 10.945 10.980 10.959 10.934    0.035 0.040 0.036 0.045 0.052  B 78587
   2950.59964 10.946 10.938 10.945 10.941 10.947    0.032 0.030 0.030 0.035 0.041  A 79430
   2954.62020 11.045 11.005 11.053 11.063 11.073    0.030 0.036 0.028 0.033 0.038  A 79934
   2956.61809 10.861 10.821 10.861 10.866 10.871    0.025 0.028 0.022 0.024 0.026  A 80227
   2958.61428 10.888 10.877 10.910 10.913 10.901    0.057 0.048 0.058 0.058 0.061  D 80513
   2960.61532 10.912 10.897 10.920 10.923 10.952    0.035 0.039 0.036 0.042 0.044  A 80768
   2962.62204 10.816 10.796 10.825 10.828 10.824    0.025 0.026 0.021 0.024 0.027  A 81055
   2966.63820 10.804 10.795 10.798 10.808 10.809    0.026 0.025 0.023 0.025 0.028  A 81630
   2970.63181 10.812 10.762 10.816 10.828 10.816    0.022 0.026 0.020 0.023 0.025  A 82122
   2972.65653 10.983 10.963 11.000 11.024 11.056    0.025 0.025 0.023 0.026 0.030  A 82393
   2977.55637 10.824 10.839 10.848 10.851 10.872    0.027 0.031 0.025 0.029 0.030  A 82953
   2979.58872 10.866 10.899 10.865 10.876 10.855    0.036 0.040 0.039 0.043 0.047  A 83235
   2981.61110 10.885 10.812 10.901 10.918 10.933    0.029 0.042 0.028 0.034 0.040  A 83499
   2983.62363 10.894 10.850 10.888 10.885 10.876    0.027 0.035 0.026 0.031 0.034  A 83772
   2985.62959 10.841 10.850 10.872 10.879 10.882    0.025 0.033 0.022 0.025 0.029  A 84038
   2987.65874 10.875 10.833 10.880 10.886 10.898    0.026 0.026 0.024 0.026 0.030  A 84314
   2992.62631 10.878 10.829 10.866 10.860 10.860    0.029 0.030 0.026 0.029 0.033  A 84915
   2994.64386 10.834 10.867 10.850 10.857 10.864    0.026 0.028 0.024 0.027 0.030  A 85185
   2997.57267 10.841 10.895 10.840 10.842 10.857    0.026 0.029 0.025 0.028 0.032  A 85558
   3006.57961 10.855 10.806 10.857 10.838 10.839    0.045 0.047 0.047 0.050 0.055  B 86566
   3018.54741 10.929 10.893 10.909 10.904 10.899    0.029 0.028 0.027 0.032 0.038  A 87980
   3185.88582 10.960 10.960 10.954 10.954 10.960    0.036 0.047 0.033 0.035 0.039  A 108018
   3541.90237 10.872 10.845 10.873 10.879 10.887    0.032 0.040 0.033 0.037 0.043  A 147330
#dataset= 2 ; 2 F0032-16_244
#desig= 005055-1747.1
#cra=    0.848582  00:50:54.9
#cdec= -17.784523 -17:47:04.3
#class= 0
#cmag_0= 11.139
#cmer_0=  0.174
#nskip_0= 0
#cmag_1= 11.143
#cmer_1=  0.166
#nskip_1= 0
#cmag_2= 11.148
#cmer_2=  0.191
#nskip_2= 0
#cmag_3= 11.145
#cmer_3=  0.220
#nskip_3= 0
#cmag_4= 11.159
#cmer_4=  0.202
#nskip_4= 0
#ra=    0.848582  00:50:54.9
#dec= -17.784523 -17:47:04.3
#     HJD      MAG_1  MAG_0  MAG_2  MAG_3  MAG_4    MER_1 MER_0 MER_2 MER_3 MER_4 GRADE FRAME
   2236.53428 11.025 11.017 11.013 10.990 11.017    0.040 0.047 0.033 0.038 0.036  A 41062
   2260.52652 29.999 29.999 29.999 29.999 29.999    0.056 0.075 0.047 0.059 0.062  C 44190
   2490.81269 11.261 11.263 11.284 11.301 11.302    0.039 0.035 0.034 0.041 0.036  A 14142
#ndata= 357
#dataset= 3 ; 1 F0104-16_245
#desig= 005056-1747.0
#cra=    0.848844  00:50:55.8
#cdec= -17.783971 -17:47:02.3
#class= 0
#cmag_0= 10.914
#cmer_0=  0.085
#nskip_0= 41
#cmag_1= 10.900
#cmer_1=  0.072
#nskip_1= 44
#cmag_2= 10.900
#cmer_2=  0.064
#nskip_2= 51
#cmag_3= 10.905
#cmer_3=  0.066
#nskip_3= 51
#cmag_4= 10.908
#cmer_4=  0.067
#nskip_4= 53
#ra=    0.848844  00:50:55.8
#dec= -17.783971 -17:47:02.3
#     HJD      MAG_2  MAG_0  MAG_1  MAG_3  MAG_4    MER_2 MER_0 MER_1 MER_3 MER_4 GRADE FRAME
   1868.58148 11.007 11.058 11.012 11.012 11.013    0.022 0.059 0.026 0.023 0.026  A 56
   1869.56593 10.859 10.864 10.851 10.870 10.882    0.018 0.052 0.021 0.020 0.022  A 211
   1871.58940 10.933 10.954 10.931 10.942 10.951    0.022 0.066 0.026 0.024 0.026  A 498
   1873.56416 10.796 10.749 10.787 10.796 10.802    0.021 0.061 0.026 0.024 0.026  A 810
   1875.55396 11.257 11.245 11.241 11.275 11.281    0.021 0.058 0.024 0.022 0.024  A 1128
   1877.55268 10.860 10.838 10.855 10.857 10.853    0.019 0.043 0.023 0.021 0.024  A 1449
   1879.53991 10.913 10.885 10.898 10.925 10.931    0.018 0.041 0.022 0.019 0.022  A 1757
   1881.54068 10.873 10.868 10.876 10.873 10.868    0.019 0.044 0.021 0.021 0.023  A 2070
   1886.53210 11.003 11.040 11.013 11.001 11.000    0.021 0.037 0.023 0.023 0.026  A 2537
   1888.58284 10.827 10.767 10.821 10.814 10.831    0.024 0.061 0.027 0.027 0.030  A 2879
   1904.53051 10.942 10.943 10.935 10.950 10.953    0.021 0.053 0.024 0.022 0.025  A 3782
   1906.58998 10.835 10.855 10.829 10.844 10.850    0.018 0.042 0.024 0.020 0.023  A 4132
   1920.53598 10.860 10.900 10.855 10.875 10.875    0.019 0.040 0.025 0.020 0.023  A 5419
   1923.54841 11.295 11.331 11.331 11.291 11.271    0.021 0.043 0.029 0.023 0.025  A 5900
   1927.54390 10.855 10.894 10.858 10.859 10.861    0.021 0.039 0.029 0.023 0.025  A 6569
   1931.53183 10.876 10.856 10.879 10.881 10.875    0.023 0.041 0.029 0.025 0.029  A 7218
   2039.92963 10.924 10.857 10.902 10.925 10.924    0.034 0.075 0.036 0.038 0.043  A 19364
   2053.91044 10.883 10.862 10.885 10.860 10.858    0.025 0.064 0.030 0.027 0.029  A 20143
   2055.91438 10.890 10.856 10.889 10.896 10.897    0.026 0.070 0.032 0.028 0.031  A 20591
   2057.91129 10.999 11.031 10.993 11.001 11.000    0.026 0.064 0.031 0.026 0.028  A 21045
   2067.90303 10.884 10.873 10.884 10.888 10.879    0.025 0.056 0.029 0.027 0.030  A 21964
   2068.89797 11.259 11.201 11.233 11.308 11.355    0.045 0.066 0.043 0.054 0.062  B 22188
   2069.89520 10.891 10.853 10.877 10.900 10.905    0.027 0.071 0.030 0.030 0.033  A 22411
   2070.89932 10.850 10.838 10.845 10.864 10.863    0.023 0.059 0.028 0.024 0.027  A 22632
   2080.88344 10.842 10.830 10.840 10.844 10.843    0.024 0.061 0.029 0.026 0.028  A 23006
   2086.84757 10.979 10.965 10.984 10.972 10.971    0.020 0.038 0.024 0.023 0.025  A 24132
   2087.91687 10.897 10.873 10.880 10.910 10.921    0.023 0.059 0.026 0.026 0.029  A 24385
   2093.91532 11.092 11.098 11.087 11.092 11.087    0.023 0.052 0.026 0.026 0.028  A 24896
   2094.94013 10.977 10.997 10.963 10.988 10.999    0.020 0.047 0.024 0.022 0.024  A 25131
   2095.87879 10.827 10.829 10.818 10.839 10.848    0.024 0.054 0.028 0.027 0.031  A 25331
   2104.93152 11.141 11.156 11.134 11.163 11.181    0.021 0.042 0.024 0.023 0.024  A 26136
   2106.86987 10.890 10.857 10.871 10.894 10.891    0.021 0.051 0.026 0.023 0.025  A 26534
   2113.87551 10.855 10.908 10.866 10.850 10.846    0.020 0.042 0.025 0.021 0.023  A 26652
   2115.81299 10.849 10.814 10.828 10.860 10.866    0.022 0.046 0.027 0.022 0.025  A 26941
   2116.82270 10.819 10.874 10.827 10.813 10.809    0.020 0.039 0.023 0.023 0.025  A 27168
   2117.83861 10.939 10.892 10.920 10.951 10.960    0.024 0.049 0.028 0.026 0.028  A 27392
   2131.86021 10.870 10.859 10.857 10.883 10.884    0.020 0.042 0.023 0.021 0.024  A 28667
   2132.79885 11.068 11.111 11.061 11.081 11.105    0.024 0.055 0.028 0.025 0.027  A 28852
   2134.78558 10.870 10.865 10.868 10.872 10.876    0.020 0.043 0.023 0.022 0.024  A 29276
   2135.78413 11.192 11.237 11.174 11.219 11.219    0.041 0.059 0.039 0.049 0.057  B 29490
   2136.78216 10.880 10.860 10.880 10.872 10.886    0.049 0.057 0.044 0.058 0.067  B 29703
   2143.76592 10.921 10.913 10.923 10.910 10.910    0.024 0.047 0.028 0.026 0.030  A 30855
   2164.71706 10.873 10.907 10.869 10.880 10.883    0.025 0.050 0.032 0.026 0.029  A 31940
   2167.69554 10.917 10.915 10.916 10.922 10.941    0.022 0.041 0.027 0.025 0.028  A 32122
   2168.71202 10.874 10.858 10.870 10.872 10.869    0.023 0.053 0.029 0.025 0.028  A 32297
   2169.72135 10.864 10.867 10.852 10.862 10.858    0.024 0.032 0.031 0.027 0.025  A 32454
   2170.75364 10.961 10.941 10.949 10.952 10.942    0.035 0.052 0.036 0.040 0.042  A 32511
   2171.71583 10.930 10.907 10.927 10.926 10.932    0.025 0.048 0.030 0.026 0.029  A 32635
   2173.69880 10.914 10.933 10.919 10.931 10.941    0.024 0.047 0.029 0.027 0.030  A 33004
   2174.68967 11.046 11.016 11.042 11.052 11.063    0.024 0.048 0.028 0.026 0.028  A 33175
   2175.68224 10.848 10.865 10.831 10.861 10.867    0.030 0.052 0.034 0.033 0.037  A 33316
   2177.68248 11.203 11.245 11.219 11.197 11.203    0.026 0.039 0.031 0.027 0.031  A 33445
   2178.67710 10.857 10.922 10.866 10.859 10.861    0.024 0.036 0.029 0.027 0.030  A 33616
   2180.62590 11.260 11.310 11.272 11.271 11.261    0.026 0.049 0.031 0.027 0.029  A 33784
   2186.71269 10.829 10.870 10.802 10.839 10.830    0.029 0.042 0.035 0.033 0.032  A 34413
   2192.66332 10.884 10.919 10.890 10.894 10.896    0.023 0.048 0.029 0.025 0.029  A 35299
   2193.65980 10.837 10.883 10.833 10.849 10.851    0.023 0.045 0.029 0.025 0.028  A 35480
   2194.65556 10.938 10.976 10.950 10.941 10.943    0.025 0.041 0.031 0.027 0.029  A 35657
   2195.65763 10.971 10.964 10.967 10.953 10.939    0.025 0.048 0.030 0.027 0.029  A 35835
   2196.65217 10.848 10.873 10.848 10.847 10.855    0.024 0.042 0.030 0.025 0.028  A 35965
   2197.65181 10.885 10.888 10.884 10.887 10.889    0.024 0.043 0.032 0.025 0.027  A 36149
   2199.64917 10.924 10.931 10.922 10.929 10.929    0.025 0.043 0.032 0.026 0.027  A 36499
   2201.63571 10.910 10.904 10.911 10.904 10.898    0.024 0.043 0.031 0.026 0.027  A 36742
   2202.64326 11.172 11.192 11.163 11.165 11.168    0.037 0.051 0.041 0.040 0.042  A 36913
   2203.63727 10.832 10.860 10.819 10.836 10.832    0.027 0.047 0.034 0.028 0.029  A 37084
   2204.62615 10.857 10.884 10.852 10.854 10.851    0.027 0.049 0.035 0.028 0.031  A 37206
   2206.62956 10.879 10.880 10.914 10.881 10.881    0.027 0.046 0.038 0.029 0.031  A 37483
   2207.61932 10.783 10.829 10.814 10.784 10.786    0.040 0.054 0.043 0.044 0.049  A 37651
   2208.65188 10.895 10.908 10.885 10.897 10.909    0.026 0.046 0.034 0.028 0.029  A 37683
   2213.63926 10.969 10.988 10.949 10.961 10.970    0.034 0.045 0.039 0.038 0.038  A 38088
   2244.59048 11.291 11.238 11.294 11.298 11.299    0.043 0.063 0.047 0.054 0.054  B 42158
   2248.53385 10.933 10.916 10.944 10.943 10.923    0.034 0.050 0.041 0.042 0.040  A 42452
   2250.58127 10.903 10.923 10.924 10.890 10.901    0.034 0.053 0.043 0.038 0.037  A 42830
   2252.56132 10.907 10.965 10.915 10.875 10.889    0.036 0.058 0.044 0.042 0.042  A 43145
   2254.58231 10.913 10.983 10.922 10.937 10.906    0.038 0.060 0.046 0.044 0.043  A 43446
   2263.57883 10.866 10.943 10.894 10.916 10.928    0.045 0.073 0.058 0.051 0.052  D 44681
   2271.53418 10.858 10.893 10.868 10.914 10.915    0.054 0.082 0.063 0.063 0.067  D 45520
   2274.53965 10.856 10.844 10.840 10.919 10.913    0.057 0.087 0.068 0.061 0.064  D 45973
   2439.89368 10.877 10.838 10.893 10.862 10.852    0.020 0.027 0.034 0.020 0.020  A 7955
   2444.85548 10.961 10.941 10.982 10.956 10.959    0.029 0.036 0.039 0.031 0.032  A 8974
   2446.86665 10.854 10.847 10.840 10.866 10.877    0.025 0.038 0.035 0.024 0.022  A 9356
   2465.88177 11.111 11.146 11.114 11.104 11.107    0.026 0.032 0.033 0.030 0.028  A 11166
   2467.86964 10.853 10.883 10.859 10.856 10.856    0.018 0.025 0.029 0.017 0.017  A 11598
   2468.92257 10.831 10.880 10.834 10.826 10.840    0.026 0.035 0.034 0.028 0.027  A 11837
   2470.84123 10.922 10.888 10.933 10.936 10.903    0.028 0.032 0.036 0.033 0.027  A 12085
   2473.81585 10.879 10.907 10.880 10.856 10.878    0.033 0.038 0.039 0.040 0.033  A 12761
   2482.76122 11.210 11.240 11.198 11.197 11.203    0.034 0.037 0.039 0.038 0.032  A 13209
   2486.88870 10.873 10.902 10.871 10.876 10.915    0.068 0.086 0.075 0.071 0.075  D 13433
   2490.81269 11.295 11.295 11.278 11.310 11.315    0.032 0.038 0.037 0.039 0.034  A 14142
   2491.81679 10.900 10.910 10.889 10.896 10.909    0.034 0.044 0.039 0.037 0.035  A 14314
   2495.76935 99.999 99.999 99.999 99.999 99.999    0.031 0.033 0.036 0.040 0.030  C 14858
   2496.79128 10.939 10.955 10.948 10.934 10.932    0.027 0.030 0.033 0.032 0.024  A 15078
   2498.79018 10.872 10.896 10.867 10.884 10.890    0.026 0.028 0.034 0.029 0.023  A 15503
   2499.78659 10.862 10.913 10.870 10.863 10.878    0.023 0.026 0.030 0.026 0.022  A 15711
   2502.78755 10.854 10.880 10.857 10.853 10.848    0.029 0.030 0.033 0.036 0.027  A 16286
   2503.77876 10.872 10.906 10.899 10.892 10.880    0.038 0.047 0.043 0.046 0.040  A 16486
   2508.74348 10.863 10.907 10.858 10.853 10.853    0.027 0.031 0.034 0.028 0.031  A 16836
   2519.77114 10.860 10.868 10.866 10.869 10.877    0.019 0.026 0.029 0.018 0.019  A 18054
   2523.74727 10.851 10.833 10.847 10.846 10.849    0.018 0.031 0.027 0.018 0.018  A 18528
   2526.72673 10.851 10.864 10.821 10.866 10.870    0.021 0.023 0.029 0.022 0.020  A 18879
   2529.70487 10.914 10.946 10.914 10.892 10.905    0.033 0.053 0.044 0.039 0.033  A 19105
   2544.72844 10.845 10.844 10.836 10.865 10.871    0.024 0.031 0.031 0.026 0.024  A 20020
   2545.77391 10.854 10.861 10.850 10.859 10.857    0.017 0.037 0.018 0.019 0.021  A 20229
   2552.81389 10.880 10.880 10.858 10.885 10.878    0.021 0.034 0.028 0.021 0.021  A 21218
   2554.63214 10.881 10.902 10.896 10.874 10.902    0.036 0.056 0.043 0.045 0.049  A 21505
   2556.69920 10.960 10.935 10.999 10.957 10.941    0.026 0.031 0.034 0.027 0.022  A 21716
   2557.70382 11.186 11.244 11.174 11.158 11.168    0.053 0.069 0.061 0.054 0.054  D 21897
   2558.74223 10.883 10.895 10.878 10.883 10.878    0.023 0.045 0.029 0.023 0.026  A 22090
   2559.69289 10.863 10.859 10.864 10.863 10.861    0.016 0.025 0.020 0.017 0.018  A 22250
   2560.68470 11.241 11.278 11.212 11.258 11.264    0.019 0.022 0.024 0.020 0.021  A 22425
   2561.67071 10.896 10.915 10.891 10.897 10.877    0.034 0.051 0.035 0.038 0.041  A 22567
   2562.66715 10.852 10.871 10.852 10.855 10.854    0.016 0.035 0.019 0.018 0.020  A 22746
   2563.67898 10.967 10.967 10.922 10.976 10.992    0.020 0.031 0.027 0.022 0.024  A 22930
   2578.70546 10.948 10.970 10.941 10.946 10.933    0.022 0.035 0.032 0.022 0.019  A 24974
   2623.54458 10.992 10.964 11.003 10.997 10.978    0.029 0.034 0.038 0.032 0.031  A 30091
   2625.61045 10.870 10.907 10.877 10.871 10.873    0.022 0.040 0.023 0.023 0.025  A 30402
   2635.62077 11.204 11.181 11.183 11.205 11.218    0.018 0.024 0.023 0.019 0.020  A 32220
   2637.63126 10.870 10.896 10.867 10.868 10.866    0.017 0.029 0.023 0.019 0.021  A 32516
   2639.62892 10.891 10.982 10.878 10.909 10.919    0.025 0.028 0.033 0.024 0.022  A 32823
   2642.53986 10.886 10.852 10.868 10.890 10.896    0.021 0.026 0.028 0.019 0.020  A 33225
   2644.54712 10.884 10.901 10.872 10.894 10.888    0.020 0.021 0.022 0.022 0.024  A 33533
   2650.54119 10.828 10.837 10.844 10.844 10.854    0.021 0.034 0.028 0.021 0.023  A 34240
   2652.56888 11.233 11.156 11.251 11.227 11.204    0.025 0.043 0.044 0.025 0.026  A 34557
   2654.57901 10.847 10.779 10.848 10.850 10.846    0.023 0.032 0.028 0.024 0.028  A 34871
   2658.55518 10.867 10.891 10.845 10.886 10.893    0.021 0.029 0.032 0.025 0.029  A 35565
   2662.55922 10.871 10.899 10.889 10.870 10.864    0.020 0.028 0.022 0.022 0.024  A 36248
   2664.55519 10.862 10.854 10.842 10.866 10.877    0.021 0.025 0.022 0.022 0.025  A 36590
   2666.55248 11.139 11.123 11.100 11.150 11.148    0.019 0.023 0.023 0.021 0.023  A 36916
   2669.52984 11.008 10.958 10.976 11.046 11.087    0.066 0.065 0.066 0.068 0.072  D 37386
   2671.54057 10.868 10.897 10.861 10.879 10.877    0.024 0.028 0.025 0.026 0.030  A 37720
   2677.52060 11.198 11.176 11.219 11.185 11.216    0.031 0.031 0.032 0.036 0.041  A 38755
   2787.91234 10.868 10.899 10.872 10.873 10.880    0.019 0.025 0.024 0.021 0.022  A 56914
   2809.89785 11.074 11.090 11.053 11.079 11.091    0.024 0.025 0.030 0.028 0.028  A 59615
   2814.88973 10.903 10.869 10.918 10.902 10.898    0.023 0.026 0.028 0.026 0.029  A 60759
   2820.88193 11.257 11.273 11.253 11.261 11.262    0.019 0.025 0.026 0.023 0.025  A 61614
   2830.81990 10.998 10.998 10.982 11.000 10.998    0.037 0.040 0.042 0.040 0.045  A 62582
   2832.85550 10.851 10.855 10.834 10.862 10.861    0.019 0.025 0.023 0.021 0.023  A 63044
   2834.86685 11.270 11.288 11.268 11.254 11.231    0.049 0.045 0.048 0.056 0.063  B 63433
   2841.91680 10.888 10.915 10.854 10.898 10.908    0.018 0.024 0.023 0.020 0.022  A 64644
   2845.86741 11.232 11.228 11.254 11.237 11.243    0.020 0.026 0.026 0.021 0.020  A 65317
   2853.80608 10.842 10.788 10.821 10.852 10.861    0.045 0.042 0.048 0.050 0.052  B 65731
   2856.82980 10.913 10.958 10.924 10.903 10.901    0.025 0.028 0.032 0.027 0.028  A 66136
   2859.76064 10.897 10.884 10.919 10.912 10.924    0.018 0.024 0.026 0.020 0.022  A 66592
   2861.77940 10.863 10.875 10.874 10.861 10.857    0.029 0.025 0.039 0.034 0.030  A 67021
   2872.82012 10.844 10.872 10.844 10.852 10.857    0.018 0.022 0.026 0.019 0.020  A 68237
   2875.82873 10.850 10.869 10.841 10.855 10.856    0.016 0.030 0.017 0.017 0.018  A 68632
   2880.76046 10.942 10.960 10.940 10.939 10.941    0.030 0.037 0.036 0.033 0.037  A 69416
   2883.80350 10.922 10.937 10.919 10.917 10.923    0.016 0.021 0.024 0.017 0.018  A 69690
   2885.73850 10.852 10.859 10.844 10.850 10.847    0.016 0.030 0.020 0.017 0.017  A 70068
   2886.84275 10.833 10.848 10.825 10.840 10.844    0.020 0.026 0.025 0.022 0.025  A 70324
   2895.77150 10.887 10.849 10.874 10.895 10.888    0.024 0.027 0.032 0.027 0.029  A 71326
   2897.78279 10.911 10.950 10.913 10.900 10.905    0.019 0.024 0.025 0.020 0.023  A 71730
   2899.75920 10.861 10.841 10.846 10.872 10.875    0.017 0.038 0.019 0.018 0.021  A 72083
   2905.67969 10.893 10.871 10.893 10.897 10.896    0.020 0.019 0.032 0.021 0.020  A 72997
   2907.83078 10.797 10.787 10.775 10.792 10.799    0.038 0.047 0.038 0.045 0.051  A 73315
   2910.68331 10.893 10.840 10.892 10.901 10.900    0.019 0.040 0.021 0.019 0.021  A 73741
   2912.70908 11.046 10.991 11.042 11.068 11.082    0.031 0.033 0.037 0.034 0.037  A 74129
   2915.69791 11.220 11.273 11.206 11.233 11.231    0.019 0.040 0.023 0.021 0.023  A 74409
   2917.64089 10.889 10.877 10.893 10.903 10.912    0.019 0.022 0.030 0.021 0.022  A 74764
   2918.80166 10.770 10.817 10.767 10.763 10.755    0.049 0.040 0.044 0.063 0.080  D 74956
   2923.69827 10.914 10.897 10.930 10.911 10.905    0.023 0.024 0.028 0.027 0.032  A 75481
   2926.70195 11.056 11.096 11.033 11.060 11.047    0.018 0.037 0.021 0.020 0.023  A 75842
   2928.69557 10.884 10.918 10.900 10.880 10.870    0.037 0.043 0.037 0.041 0.045  A 76213
   2930.68279 10.889 10.898 10.858 10.896 10.897    0.018 0.024 0.023 0.020 0.022  A 76557
   2934.66799 10.832 10.838 10.836 10.834 10.846    0.018 0.046 0.020 0.019 0.022  A 77260
   2936.67019 10.944 11.017 10.906 10.954 10.962    0.033 0.048 0.058 0.032 0.037  D 77612
   2939.70173 10.891 10.855 10.879 10.896 10.891    0.017 0.042 0.019 0.017 0.019  A 77841
   2942.77215 10.883 10.863 10.874 10.878 10.875    0.023 0.037 0.026 0.027 0.031  A 78257
   2945.66455 10.833 10.778 10.825 10.845 10.855    0.022 0.029 0.025 0.025 0.030  A 78715
   2950.62025 11.005 11.016 11.016 11.015 11.032    0.028 0.028 0.031 0.033 0.038  A 79436
   2956.64588 10.836 10.866 10.848 10.832 10.833    0.024 0.029 0.027 0.026 0.027  A 80238
   2958.63920 10.903 10.929 10.883 10.909 10.917    0.019 0.026 0.024 0.021 0.024  A 80523
   2960.63782 10.867 10.909 10.839 10.850 10.873    0.044 0.040 0.041 0.049 0.056  B 80777
   2962.64459 10.898 10.884 10.891 10.896 10.894    0.020 0.025 0.022 0.022 0.024  A 81064
   2964.65062 10.906 10.931 10.886 10.924 10.940    0.019 0.023 0.023 0.021 0.025  A 81349
   2966.65581 10.823 10.863 10.811 10.824 10.832    0.022 0.025 0.027 0.025 0.028  A 81637
   2968.66059 11.207 11.210 11.192 11.206 11.222    0.020 0.026 0.022 0.023 0.025  A 81914
   2972.69060 10.972 11.010 10.963 10.990 11.008    0.020 0.025 0.023 0.023 0.026  A 82401
   2977.55942 10.895 10.917 10.897 10.906 10.924    0.038 0.038 0.034 0.043 0.046  A 82954
   2979.59177 10.929 10.968 10.916 10.950 10.969    0.022 0.029 0.024 0.025 0.029  A 83236
   2981.61418 10.886 10.890 10.884 10.885 10.878    0.025 0.032 0.027 0.031 0.036  A 83500
   2983.62680 10.896 10.896 10.904 10.904 10.891    0.023 0.022 0.023 0.027 0.031  A 83773
   2985.63279 10.897 10.907 10.883 10.923 10.944    0.020 0.028 0.021 0.023 0.027  A 84039
   2987.66193 10.912 10.882 10.927 10.913 10.914    0.022 0.026 0.022 0.024 0.026  A 84315
   2990.63104 10.970 11.005 10.980 10.984 10.993    0.020 0.026 0.021 0.022 0.025  A 84641
   2992.62940 10.887 10.898 10.870 10.904 10.906    0.020 0.024 0.022 0.022 0.026  A 84916
   2994.64696 10.907 10.908 10.884 10.932 10.952    0.020 0.026 0.023 0.022 0.025  A 85186
   2996.65917 10.918 10.899 10.918 10.926 10.920    0.021 0.024 0.025 0.024 0.027  A 85453
   3000.54206 10.874 10.910 10.864 10.876 10.887    0.023 0.027 0.025 0.027 0.031  A 85819
   3007.58788 11.292 11.271 11.298 11.288 11.286    0.022 0.025 0.025 0.026 0.030  A 86702
   3010.59479 11.033 10.980 11.037 11.041 11.036    0.029 0.028 0.030 0.035 0.041  A 87094
   3012.59100 10.862 10.842 10.846 10.867 10.856    0.031 0.030 0.030 0.036 0.043  A 87357
   3018.55307 10.949 10.953 10.927 10.959 10.964    0.020 0.021 0.021 0.022 0.026  A 87982
   3035.54555 11.485 11.710 11.622 11.450 11.433    0.025 0.028 0.028 0.029 0.033  A 89220
   3164.91085 11.274 11.246 11.260 11.278 11.282    0.045 0.050 0.047 0.048 0.052  B 105294
   3169.91434 10.881 10.892 10.865 10.882 10.881    0.039 0.044 0.041 0.041 0.043  A 106028
   3182.91550 11.011 10.994 11.023 11.004 11.000    0.036 0.040 0.034 0.044 0.050  A 107603
   3186.88817 10.951 10.975 10.934 10.957 10.966    0.035 0.040 0.035 0.041 0.047  A 108180
   3190.88866 10.877 10.872 10.857 10.887 10.891    0.054 0.067 0.061 0.054 0.058  D 108692
   3271.73439 10.885 10.872 10.890 10.880 10.878    0.023 0.040 0.030 0.026 0.030  A 115967
   3278.73386 10.888 10.839 10.891 10.880 10.886    0.032 0.045 0.037 0.036 0.041  A 116861
   3290.63824 11.104 11.097 11.118 11.112 11.110    0.022 0.036 0.031 0.024 0.026  A 118136
   3295.62687 10.869 10.827 10.864 10.869 10.879    0.021 0.035 0.032 0.021 0.023  A 118521
   3298.65206 11.099 11.114 11.097 11.103 11.120    0.023 0.045 0.028 0.025 0.028  A 118808
   3326.65170 11.137 11.117 11.125 11.135 11.135    0.030 0.057 0.036 0.032 0.033  A 121110
   3363.59037 10.819 10.889 10.828 10.826 10.835    0.028 0.042 0.028 0.034 0.038  A 124933
   3367.59061 10.849 10.850 10.845 10.853 10.866    0.035 0.045 0.035 0.044 0.051  A 125246
   3387.53810 10.934 10.966 10.933 10.939 10.950    0.029 0.052 0.032 0.034 0.039  A 126284
   3390.55267 11.160 11.246 11.164 11.164 11.177    0.028 0.043 0.027 0.032 0.038  A 126692
   3396.55382 10.932 10.954 10.926 10.936 10.945    0.032 0.037 0.029 0.041 0.050  A 127349
   3399.54453 10.828 10.806 10.825 10.825 10.841    0.027 0.043 0.028 0.031 0.035  A 127735
   3401.55050 11.005 10.988 10.996 11.014 11.015    0.021 0.027 0.025 0.023 0.027  A 128035
   3403.53803 10.916 10.818 10.892 10.932 10.936    0.025 0.032 0.025 0.028 0.031  A 128215
   3406.53227 10.877 10.886 10.867 10.888 10.895    0.027 0.070 0.033 0.030 0.032  A 128683
   3409.52592 10.785 10.836 10.787 10.789 10.806    0.030 0.042 0.032 0.033 0.035  A 129149
   3414.51615 10.932 11.011 10.933 10.936 10.937    0.036 0.040 0.033 0.044 0.053  A 129901
   3524.93305 10.832 10.807 10.824 10.828 10.803    0.044 0.042 0.037 0.053 0.063  B 145441
   3529.90948 10.986 10.977 10.979 10.988 10.994    0.035 0.041 0.033 0.040 0.047  A 146285
   3541.93573 11.020 11.102 11.021 11.022 11.032    0.048 0.097 0.051 0.052 0.061  D 147341
   3552.91165 10.900 10.837 10.880 10.917 10.921    0.032 0.051 0.034 0.037 0.042  A 148560
   3560.87465 10.851 10.857 10.854 10.847 10.849    0.029 0.045 0.028 0.034 0.037  A 149640
   3563.88435 10.827 10.872 10.822 10.834 10.840    0.027 0.042 0.029 0.029 0.033  A 150168
   3569.91532 11.166 11.197 11.171 11.174 11.182    0.024 0.029 0.030 0.026 0.029  A 150668
   3572.87628 11.225 11.254 11.229 11.218 11.208    0.024 0.032 0.029 0.028 0.033  A 151029
   3575.86270 11.052 11.088 11.040 11.069 11.079    0.024 0.034 0.027 0.027 0.032  A 151549
   3578.89867 10.921 11.049 10.938 10.905 10.911    0.027 0.067 0.034 0.030 0.033  A 152055
   3582.92278 10.877 10.909 10.878 10.879 10.877    0.037 0.084 0.042 0.041 0.045  B 152746
   3585.82997 10.902 10.829 10.886 10.905 10.915    0.030 0.088 0.037 0.032 0.034  B 153245
   3588.82772 10.825 10.799 10.833 10.823 10.819    0.028 0.060 0.032 0.030 0.032  A 153727
   3591.80518 10.825 10.859 10.818 10.820 10.819    0.022 0.042 0.025 0.023 0.027  A 154241
   3595.81767 10.856 10.878 10.843 10.878 10.901    0.063 0.052 0.053 0.079 0.094  D 154880
   3597.82592 11.078 11.099 11.078 11.094 11.114    0.022 0.052 0.028 0.024 0.027  A 155193
   3601.75436 10.865 10.855 10.857 10.867 10.871    0.025 0.032 0.024 0.029 0.033  A 155594
   3617.77364 11.061 11.051 11.051 11.066 11.067    0.029 0.041 0.033 0.032 0.037  A 157179
   3620.74702 10.941 10.857 10.921 10.946 10.954    0.033 0.068 0.036 0.035 0.036  A 157624
   3622.78032 10.898 10.919 10.900 10.913 10.927    0.025 0.044 0.029 0.027 0.031  A 157951
   3625.79210 11.190 11.166 11.193 11.199 11.197    0.023 0.038 0.028 0.026 0.027  A 158218
   3628.76149 11.224 11.250 11.218 11.241 11.246    0.022 0.029 0.029 0.026 0.030  A 158490
   3633.75529 10.863 10.801 10.852 10.866 10.876    0.034 0.039 0.034 0.040 0.048  A 159256
   3636.74868 10.926 10.932 10.916 10.944 10.947    0.027 0.034 0.030 0.031 0.036  A 159619
   3639.68167 10.891 10.870 10.888 10.898 10.903    0.034 0.037 0.032 0.037 0.040  A 159950
   3642.70991 11.261 11.304 11.254 11.275 11.282    0.022 0.037 0.031 0.023 0.026  A 160341
   3644.79024 10.896 10.909 10.888 10.916 10.923    0.048 0.071 0.048 0.044 0.049  B 160658
   3648.68111 10.909 10.919 10.894 10.915 10.917    0.022 0.035 0.025 0.023 0.024  A 161044
   3650.73416 10.972 11.027 10.980 10.967 10.972    0.022 0.038 0.028 0.024 0.026  A 161343
   3652.73953 10.868 10.802 10.841 10.880 10.891    0.033 0.075 0.039 0.035 0.038  A 161636
   3654.74670 10.816 10.812 10.805 10.823 10.823    0.031 0.079 0.037 0.033 0.035  B 161916
   3656.68964 11.223 11.185 11.180 11.259 11.271    0.034 0.086 0.040 0.036 0.038  B 162194
   3660.67828 10.983 11.048 10.973 10.990 10.991    0.037 0.069 0.041 0.042 0.048  A 162795
   3662.70110 10.855 10.849 10.856 10.857 10.869    0.041 0.063 0.040 0.047 0.056  B 163086
   3664.73525 11.128 11.072 11.111 11.140 11.152    0.032 0.074 0.036 0.035 0.037  A 163387
   3668.64559 10.856 10.784 10.841 10.872 10.887    0.021 0.042 0.025 0.023 0.025  A 163832
   3670.67966 11.152 11.181 11.149 11.158 11.168    0.021 0.030 0.027 0.022 0.023  A 164127
   3672.76691 10.927 10.910 10.920 10.933 10.937    0.025 0.042 0.029 0.027 0.030  A 164441
   3675.60887 10.841 10.887 10.849 10.839 10.836    0.022 0.049 0.025 0.025 0.027  A 164822
   3677.72888 10.891 10.956 10.884 10.897 10.897    0.028 0.076 0.036 0.029 0.032  A 165145
   3699.73295 10.977 11.017 10.971 10.981 10.990    0.026 0.031 0.026 0.029 0.034  A 167936
   3704.70568 10.855 10.814 10.841 10.862 10.856    0.031 0.035 0.030 0.033 0.035  A 168593
   3707.63308 10.869 10.944 10.870 10.870 10.867    0.027 0.065 0.032 0.029 0.032  A 168980
   3711.65911 10.861 10.800 10.863 10.865 10.869    0.026 0.071 0.033 0.027 0.029  A 169270
   3715.56050 10.968 11.049 10.968 10.977 10.992    0.031 0.050 0.030 0.036 0.041  A 169809
   3717.62688 11.020 11.043 10.998 11.042 11.054    0.032 0.047 0.030 0.038 0.046  A 170079
   3720.60890 11.168 11.170 11.173 11.170 11.166    0.026 0.043 0.027 0.031 0.037  A 170427
   3722.65996 10.842 10.951 10.864 10.833 10.832    0.035 0.072 0.038 0.039 0.046  A 170702
   3725.62959 10.809 10.784 10.810 10.822 10.826    0.041 0.071 0.045 0.041 0.045  A 170999
   3727.64819 10.940 10.904 10.931 10.954 10.962    0.032 0.076 0.036 0.035 0.039  A 171279
   3731.58878 10.911 10.901 10.899 10.916 10.927    0.034 0.071 0.039 0.037 0.041  A 171669
   3734.62326 11.252 11.223 11.227 11.282 11.290    0.039 0.058 0.039 0.048 0.057  B 172069
   3737.61615 10.932 10.884 10.911 10.942 10.950    0.028 0.069 0.034 0.028 0.030  A 172480
   3742.58363 10.895 10.843 10.887 10.894 10.893    0.026 0.043 0.027 0.029 0.033  A 173126
   3745.58402 11.093 11.053 11.076 11.103 11.106    0.023 0.031 0.023 0.029 0.033  A 173539
   3748.58025 11.270 11.150 11.244 11.290 11.312    0.030 0.040 0.026 0.037 0.044  A 173936
   3752.57804 10.968 10.969 10.952 10.970 10.961    0.033 0.047 0.035 0.038 0.047  A 174497
   3755.54732 10.996 10.955 10.979 11.013 11.030    0.024 0.039 0.024 0.029 0.033  A 174890
   3758.54492 10.935 10.992 10.940 10.936 10.937    0.024 0.043 0.025 0.027 0.030  A 175312
   3761.54891 10.858 10.882 10.857 10.847 10.847    0.032 0.035 0.029 0.038 0.045  A 175710
   3764.53522 10.896 10.841 10.895 10.898 10.907    0.043 0.047 0.044 0.047 0.052  A 176120
   3769.52316 10.945 11.010 10.954 10.970 10.976    0.039 0.056 0.040 0.045 0.054  B 176793
   3774.52627 10.826 10.847 10.823 10.827 10.816    0.035 0.051 0.034 0.042 0.048  A 177468
   3894.90184 11.009 11.025 10.991 11.010 11.016    0.024 0.032 0.029 0.026 0.029  A 193945
   3900.91936 10.861 10.855 10.860 10.867 10.886    0.031 0.047 0.032 0.036 0.042  A 194747
   3907.89319 10.869 10.859 10.858 10.866 10.861    0.025 0.041 0.026 0.027 0.030  A 196075
   3983.81542 11.216 11.206 11.207 11.226 11.227    0.030 0.053 0.035 0.034 0.038  A 203668
   4089.61863 11.156 11.072 11.140 11.161 11.170    0.028 0.063 0.032 0.029 0.032  A 209124
   4103.59104 11.215 11.304 11.224 11.224 11.219    0.029 0.044 0.029 0.035 0.041  A 210576
   4105.61381 10.883 10.846 10.864 10.890 10.889    0.030 0.052 0.032 0.036 0.042  A 210813
   4109.57892 10.916 10.967 10.928 10.915 10.916    0.033 0.062 0.038 0.033 0.034  A 211226
   4125.53227 10.858 10.811 10.852 10.868 10.881    0.027 0.045 0.029 0.032 0.037  A 211499
   4127.55018 10.928 10.927 10.916 10.947 10.949    0.024 0.038 0.029 0.026 0.030  A 211767
   4133.54391 10.859 10.933 10.861 10.869 10.868    0.033 0.044 0.031 0.039 0.044  A 212554
   4246.91856 11.169 11.129 11.166 11.164 11.172    0.049 0.054 0.050 0.053 0.054  B 226315
   4258.93446 10.852 10.873 10.848 10.872 10.878    0.027 0.038 0.031 0.032 0.036  A 227618
   4273.92821 10.848 10.868 10.848 10.860 10.864    0.030 0.042 0.038 0.031 0.032  A 228596
   4280.92797 10.829 10.809 10.823 10.830 10.849    0.091 0.085 0.079 0.107 0.129  D 229260
   4283.89466 10.773 10.863 10.791 10.803 10.795    0.050 0.057 0.045 0.056 0.062  B 229722
   4286.87161 10.812 10.828 10.826 10.831 10.846    0.140 0.078 0.101 0.197 0.233  D 230250
   4290.88815 10.875 10.852 10.897 10.861 10.859    0.041 0.049 0.046 0.044 0.045  A 230585
   4293.87985 10.853 10.895 10.868 10.859 10.864    0.048 0.048 0.051 0.049 0.051  B 231138
   4296.87265 10.963 10.967 10.946 10.975 10.970    0.031 0.036 0.033 0.036 0.043  A 231651
   4301.88262 10.843 10.838 10.822 10.860 10.858    0.029 0.055 0.038 0.033 0.037  A 232553
   4304.81254 10.846 10.856 10.836 10.854 10.860    0.036 0.037 0.039 0.038 0.039  A 233016
   4306.86101 10.986 11.004 10.992 10.984 10.988    0.022 0.031 0.028 0.023 0.025  A 233395
   4308.83485 10.858 10.842 10.856 10.856 10.873    0.037 0.039 0.036 0.045 0.053  A 233716
   4310.87785 11.166 11.215 11.174 11.177 11.187    0.026 0.035 0.030 0.029 0.032  A 233978
   4312.85915 10.847 10.870 10.836 10.864 10.879    0.085 0.082 0.076 0.097 0.109  D 234299
   4316.88126 10.889 10.839 10.883 10.889 10.887    0.060 0.053 0.050 0.076 0.084  D 234727
   4330.73522 11.266 11.255 11.263 11.268 11.266    0.033 0.058 0.039 0.035 0.036  A 235347
   4332.77279 10.885 10.856 10.875 10.891 10.903    0.028 0.039 0.031 0.033 0.039  A 235722
   4334.75592 10.965 10.981 10.954 10.979 10.974    0.044 0.045 0.042 0.047 0.049  A 236074
   4338.73856 10.924 10.937 10.935 10.907 10.900    0.046 0.045 0.048 0.048 0.051  B 236463
   4340.78692 10.870 10.828 10.854 10.882 10.879    0.068 0.055 0.064 0.072 0.076  D 236819
   4343.80682 10.840 10.777 10.827 10.853 10.851    0.054 0.049 0.049 0.061 0.065  D 237335
   4345.81345 10.926 10.904 10.931 10.932 10.919    0.080 0.083 0.081 0.083 0.088  D 237663
   4350.73874 10.877 10.920 10.881 10.890 10.904    0.031 0.047 0.034 0.032 0.036  A 238482
   4353.73114 10.828 10.789 10.821 10.834 10.841    0.023 0.034 0.029 0.025 0.027  A 238888
   4355.77648 11.109 11.097 11.099 11.114 11.130    0.024 0.033 0.030 0.026 0.029  A 239220
   4358.72095 11.115 11.140 11.090 11.125 11.148    0.029 0.036 0.034 0.030 0.033  A 239657
   4361.71475 10.888 10.919 10.860 10.904 10.910    0.038 0.040 0.042 0.042 0.044  A 240050
   4363.73192 10.896 10.891 10.894 10.912 10.916    0.024 0.036 0.031 0.027 0.030  A 240370
   4365.73395 10.930 10.931 10.922 10.937 10.921    0.024 0.034 0.031 0.027 0.028  A 240682
   4368.67972 10.900 10.901 10.910 10.895 10.887    0.030 0.035 0.035 0.035 0.039  A 240999
   4372.72550 10.930 10.916 10.927 10.946 10.947    0.039 0.072 0.042 0.044 0.049  A 241660
   4375.72768 10.853 10.833 10.846 10.848 10.842    0.030 0.037 0.033 0.034 0.038  A 241988
   4377.79139 11.236 11.237 11.233 11.225 11.239    0.034 0.050 0.037 0.039 0.045  A 242311
   4380.66119 10.951 10.910 10.935 10.963 10.970    0.034 0.045 0.036 0.036 0.041  A 242726
   4382.70206 10.855 10.864 10.833 10.860 10.864    0.023 0.032 0.030 0.026 0.029  A 243045
   4384.72453 10.935 10.911 10.942 10.959 10.965    0.031 0.037 0.036 0.034 0.036  A 243358
   4386.71049 10.918 10.908 10.923 10.914 10.916    0.023 0.034 0.031 0.025 0.027  A 243676
   4388.68341 10.870 10.864 10.859 10.885 10.888    0.025 0.041 0.033 0.027 0.028  A 243979
   4392.64744 10.846 10.885 10.839 10.861 10.867    0.024 0.040 0.028 0.026 0.029  A 244519
   4399.78419 10.989 11.050 10.982 11.001 10.996    0.038 0.070 0.040 0.045 0.052  A 244881
   4403.59777 10.953 10.951 10.935 10.956 10.955    0.025 0.048 0.030 0.026 0.029  A 245246
   4407.62594 10.920 10.913 10.887 10.935 10.944    0.036 0.046 0.037 0.040 0.046  A 245574
   4409.64320 10.855 10.854 10.847 10.865 10.866    0.024 0.033 0.028 0.026 0.028  A 245863
   4411.72710 10.827 10.830 10.813 10.824 10.840    0.043 0.105 0.051 0.043 0.046  D 246126
   4420.76029 11.031 11.036 11.018 11.053 11.074    0.045 0.051 0.044 0.052 0.061  B 246500
   4428.57024 11.009 11.055 11.019 11.016 10.999    0.043 0.074 0.048 0.050 0.058  B 247153
   4430.62932 10.869 10.876 10.876 10.851 10.855    0.029 0.041 0.031 0.035 0.041  A 247409
   4432.68100 10.849 10.908 10.855 10.848 10.857    0.022 0.031 0.026 0.025 0.028  A 247681
   4435.58778 10.860 10.858 10.856 10.864 10.863    0.028 0.057 0.032 0.030 0.033  A 248016
   4437.68196 10.947 10.872 10.938 10.942 10.933    0.032 0.065 0.038 0.036 0.039  A 248294
   4440.56896 10.946 11.088 10.958 10.962 10.976    0.030 0.062 0.038 0.031 0.033  A 248641
   4443.58937 10.965 10.926 10.947 10.985 11.002    0.030 0.038 0.033 0.031 0.034  A 248966
   4453.55326 11.084 11.170 11.086 11.093 11.110    0.028 0.037 0.030 0.032 0.036  A 250096
   4455.63383 10.897 10.874 10.892 10.907 10.906    0.032 0.052 0.034 0.036 0.041  A 250338
   4458.60626 11.056 11.088 11.047 11.072 11.071    0.035 0.056 0.039 0.039 0.046  A 250687
   4461.59560 11.288 11.323 11.286 11.288 11.278    0.026 0.047 0.032 0.029 0.032  A 251019
   4463.64668 10.805 10.753 10.801 10.810 10.817    0.026 0.041 0.030 0.029 0.034  A 251311
   4466.60051 10.863 10.951 10.877 10.852 10.848    0.035 0.062 0.040 0.038 0.041  A 251631
   4473.61470 10.856 10.844 10.836 10.870 10.874    0.028 0.040 0.032 0.032 0.036  A 252356
   4477.53461 10.822 10.773 10.789 10.837 10.857    0.028 0.066 0.033 0.032 0.035  A 252743
   4480.54580 10.832 10.906 10.843 10.825 10.831    0.031 0.043 0.033 0.036 0.040  A 253106
   4483.56336 10.899 10.921 10.893 10.912 10.920    0.054 0.072 0.050 0.062 0.067  D 253433
   4489.55739 11.124 11.140 11.137 11.120 11.128    0.030 0.033 0.031 0.034 0.041  A 254035
   4492.55319 10.910 10.942 10.904 10.918 10.930    0.030 0.037 0.032 0.034 0.040  A 254371
   4499.53641 10.843 10.907 10.837 10.860 10.870    0.034 0.065 0.040 0.037 0.040  A 254994
   4507.51906 10.934 10.946 10.939 10.918 10.898    0.039 0.059 0.039 0.047 0.055  B 256102
