#ndata= 22
#dataset= 1 ; 1 F0100-64_037
#desig= 005116-5903.9
#cra=    0.854345  00:51:15.6
#cdec= -59.065318 -59:03:55.1
#class= 0
#cmag_0= 13.269
#cmer_0=  0.268
#nskip_0= 0
#cmag_1= 13.249
#cmer_1=  0.253
#nskip_1= 1
#cmag_2= 13.276
#cmer_2=  0.283
#nskip_2= 0
#cmag_3= 13.258
#cmer_3=  0.274
#nskip_3= 1
#cmag_4= 13.287
#cmer_4=  0.321
#nskip_4= 1
#ra=    0.854345  00:51:15.6
#dec= -59.065318 -59:03:55.1
#     HJD      MAG_0  MAG_1  MAG_2  MAG_3  MAG_4    MER_0 MER_1 MER_2 MER_3 MER_4 GRADE FRAME
   1931.54764 13.050 13.038 13.047 13.068 13.075    0.031 0.025 0.020 0.021 0.023  A 7225
   1934.54397 13.347 13.354 13.366 13.386 13.488    0.036 0.031 0.026 0.027 0.028  A 7716
   2087.84734 13.173 13.218 13.281 13.313 13.298    0.062 0.029 0.026 0.029 0.032  A 24354
   2093.89435 13.318 13.244 13.126 13.046 13.030    0.050 0.028 0.025 0.028 0.031  A 24886
   2104.84608 13.275 13.310 13.267 13.301 13.442    0.058 0.030 0.026 0.028 0.029  A 26098
   2105.84191 13.038 13.029 12.986 13.009 13.085    0.058 0.030 0.025 0.027 0.029  A 26319
   2106.86141 12.882 12.812 12.778 12.741 12.664    0.051 0.028 0.023 0.025 0.028  A 26530
   2113.86694 13.744 13.825 13.837 13.944 14.071    0.045 0.027 0.023 0.025 0.026  A 26648
   2115.76929 13.496 13.430 13.491 13.556 13.657    0.048 0.031 0.026 0.028 0.031  A 26922
   2116.81167 13.138 13.199 13.241 13.254 13.224    0.044 0.028 0.024 0.027 0.030  A 27163
   2117.80362 13.731 13.712 13.707 13.662 13.627    0.049 0.029 0.023 0.025 0.028  A 27378
   2128.71706 13.222 13.210 13.194 13.181 13.226    0.051 0.029 0.025 0.028 0.032  A 27974
   2130.75606 13.047 13.005 13.002 13.010 12.916    0.063 0.031 0.027 0.028 0.031  A 28422
   2134.77566 13.564 13.585 13.545 13.512 13.517    0.055 0.031 0.028 0.030 0.032  A 29272
   2135.77194 13.310 13.298 13.464 13.706 13.968    0.069 0.047 0.048 0.055 0.063  B 29485
   2140.79226 13.411 13.472 13.442 13.407 13.458    0.062 0.035 0.034 0.038 0.046  A 30250
   2144.74662 13.516 13.514 13.479 13.447 13.503    0.069 0.033 0.029 0.031 0.033  A 31052
   2660.61832 12.935 13.014 13.010 13.012 13.003    0.040 0.029 0.027 0.031 0.034  A 35932
   2829.93514 12.874 12.936 12.907 12.904 12.842    0.031 0.035 0.030 0.033 0.032  A 62411
   3011.65563 29.999 29.999 29.999 29.999 29.999    0.027 0.030 0.033 0.039 0.047  C 87256
   3044.53189 13.435 13.491 13.539 13.583 13.730    0.025 0.023 0.022 0.025 0.028  A 90021
   3382.57741 13.461 13.478 13.469 13.467 13.482    0.037 0.030 0.029 0.032 0.037  A 125607
#ndata= 3
#dataset= 2 ; 1 F0000-56_060
#desig= 005115-5904.0
#cra=    0.854143  00:51:14.9
#cdec= -59.065889 -59:03:57.2
#class= 0
#cmag_0= 13.268
#cmer_0=  0.077
#nskip_0= 0
#cmag_1= 13.255
#cmer_1=  0.022
#nskip_1= 0
#cmag_2= 13.271
#cmer_2=  0.126
#nskip_2= 0
#cmag_3= 13.315
#cmer_3=  0.141
#nskip_3= 0
#cmag_4= 13.361
#cmer_4=  0.081
#nskip_4= 0
#ra=    0.854143  00:51:14.9
#dec= -59.065889 -59:03:57.2
#     HJD      MAG_0  MAG_1  MAG_2  MAG_3  MAG_4    MER_0 MER_1 MER_2 MER_3 MER_4 GRADE FRAME
   2500.73530 13.222 13.210 13.218 13.235 13.307    0.040 0.038 0.030 0.033 0.029  A 15903
   2628.59324 13.237 13.293 13.385 13.454 13.445    0.055 0.031 0.030 0.034 0.037  A 30703
   2783.87868 13.346 13.262 13.210 13.258 13.331    0.033 0.025 0.023 0.025 0.028  A 56033
#ndata= 481
#dataset= 3 ; 1 F0048-56_061
#desig= 005114-5903.8
#cra=    0.854024  00:51:14.5
#cdec= -59.063855 -59:03:49.9
#class= 0
#cmag_0= 13.332
#cmer_0=  0.201
#nskip_0= 0
#cmag_1= 13.332
#cmer_1=  0.213
#nskip_1= 0
#cmag_2= 13.332
#cmer_2=  0.235
#nskip_2= 0
#cmag_3= 13.329
#cmer_3=  0.252
#nskip_3= 0
#cmag_4= 13.345
#cmer_4=  0.272
#nskip_4= 0
#ra=    0.854024  00:51:14.5
#dec= -59.063855 -59:03:49.9
#     HJD      MAG_0  MAG_1  MAG_2  MAG_3  MAG_4    MER_0 MER_1 MER_2 MER_3 MER_4 GRADE FRAME
   1868.56058 13.279 13.293 13.252 13.188 13.107    0.049 0.022 0.020 0.023 0.024  A 48
   1875.54228 13.438 13.506 13.503 13.456 13.388    0.068 0.033 0.030 0.026 0.028  A 1124
   1879.53273 13.471 13.441 13.375 13.300 13.358    0.037 0.021 0.018 0.020 0.022  A 1755
   1900.57279 13.482 13.439 13.409 13.416 13.464    0.048 0.030 0.023 0.025 0.030  A 3325
   1919.58006 13.249 13.287 13.314 13.255 13.199    0.036 0.028 0.025 0.028 0.033  A 5279
   1925.54927 13.019 12.955 12.898 12.791 12.689    0.052 0.042 0.041 0.045 0.048  B 6241
   1929.54030 13.335 13.241 13.230 13.213 13.102    0.039 0.024 0.021 0.024 0.027  A 6885
   1933.52581 13.274 13.370 13.377 13.357 13.280    0.033 0.030 0.023 0.026 0.028  A 7544
   2033.91922 13.112 13.046 13.020 12.998 12.952    0.035 0.025 0.022 0.024 0.026  A 18571
   2067.87361 13.422 13.398 13.361 13.324 13.305    0.067 0.031 0.026 0.029 0.030  A 21952
   2068.84195 13.155 13.016 12.895 12.858 12.886    0.073 0.044 0.046 0.054 0.061  B 22164
   2069.83966 13.153 13.259 13.272 13.224 13.223    0.068 0.030 0.027 0.030 0.035  A 22386
   2082.89118 13.305 13.325 13.367 13.421 13.517    0.063 0.032 0.026 0.029 0.032  A 23474
   2087.84500 13.096 13.127 13.092 13.012 12.997    0.061 0.029 0.026 0.030 0.034  A 24353
   2094.81705 13.592 13.594 13.598 13.640 13.703    0.072 0.034 0.030 0.033 0.035  A 25077
   2113.86492 13.609 13.512 13.450 13.432 13.466    0.045 0.027 0.022 0.024 0.027  A 26647
   2115.76502 13.562 13.585 13.621 13.610 13.621    0.056 0.039 0.024 0.026 0.027  A 26920
   2164.69839 13.268 13.264 13.230 13.269 13.301    0.043 0.033 0.027 0.028 0.031  A 31934
   2168.69416 13.234 13.186 13.212 13.236 13.240    0.058 0.031 0.025 0.026 0.037  A 32290
   2172.70701 13.546 13.499 13.545 13.582 13.625    0.049 0.034 0.027 0.028 0.031  A 32820
   2173.68081 13.324 13.394 13.446 13.549 13.694    0.047 0.034 0.027 0.029 0.032  A 32997
   2174.67181 12.940 12.991 12.966 12.958 13.013    0.046 0.033 0.027 0.029 0.033  A 33168
   2177.65054 13.406 13.378 13.294 13.322 13.360    0.046 0.034 0.027 0.029 0.032  A 33432
   2184.63735 12.990 13.085 13.021 12.958 12.929    0.048 0.038 0.029 0.031 0.034  A 34080
   2185.64355 13.154 13.161 13.203 13.273 13.241    0.044 0.035 0.028 0.030 0.034  A 34269
   2191.65917 13.022 12.997 12.978 12.986 13.038    0.052 0.042 0.035 0.036 0.038  A 35124
   2192.64473 13.510 13.503 13.563 13.584 13.569    0.046 0.033 0.025 0.027 0.028  A 35292
   2195.64135 13.321 13.291 13.245 13.266 13.250    0.043 0.033 0.025 0.027 0.028  A 35829
   2207.60743 13.166 13.269 13.308 13.314 13.316    0.046 0.039 0.031 0.032 0.034  A 37647
   2214.60438 13.364 13.372 13.312 13.237 13.186    0.048 0.040 0.031 0.034 0.035  A 38222
   2219.57507 13.471 13.516 13.538 13.598 13.654    0.044 0.039 0.031 0.037 0.035  A 38887
   2236.55045 29.999 29.999 29.999 29.999 29.999    0.048 0.043 0.034 0.040 0.035  C 41070
   2244.59007 13.088 13.061 13.148 13.191 13.187    0.062 0.051 0.042 0.050 0.047  B 42159
   2248.52676 13.164 13.216 13.244 13.279 13.283    0.053 0.044 0.036 0.044 0.043  A 42450
   2254.56186 13.595 13.524 13.577 13.694 13.740    0.055 0.046 0.036 0.045 0.043  B 43438
   2468.90224 13.207 13.221 13.185 13.187 13.240    0.030 0.032 0.026 0.029 0.028  A 11828
   2471.91016 29.999 29.999 29.999 29.999 29.999    0.031 0.034 0.027 0.032 0.026  C 12593
   2473.86000 29.999 29.999 29.999 29.999 29.999    0.039 0.039 0.034 0.042 0.037  C 12780
   2487.80074 29.999 29.999 29.999 29.999 29.999    0.061 0.055 0.048 0.051 0.052  C 13550
   2493.78788 29.999 29.999 29.999 29.999 29.999    0.047 0.045 0.039 0.044 0.038  C 14539
   2495.72557 29.999 29.999 29.999 29.999 29.999    0.038 0.037 0.032 0.039 0.034  C 14839
   2502.76901 29.999 29.999 29.999 29.999 29.999    0.042 0.039 0.032 0.038 0.031  C 16278
   2503.76016 29.999 29.999 29.999 29.999 29.999    0.071 0.065 0.059 0.063 0.060  D 16478
   2510.69761 29.999 29.999 29.999 29.999 29.999    0.063 0.065 0.064 0.078 0.092  D 17001
   2539.64844 29.999 29.999 29.999 29.999 29.999    0.059 0.049 0.044 0.049 0.046  C 19525
   2554.61825 29.999 29.999 29.999 29.999 29.999    0.054 0.046 0.040 0.043 0.045  C 21500
   2556.67831 29.999 29.999 29.999 29.999 29.999    0.040 0.039 0.036 0.042 0.034  C 21708
   2558.70356 13.093 13.072 13.032 13.020 13.031    0.043 0.027 0.021 0.021 0.021  A 22075
   2628.54489 12.967 13.023 13.064 13.176 13.369    0.029 0.026 0.024 0.027 0.029  A 30682
   2654.59666 13.251 13.199 13.192 13.170 13.159    0.039 0.030 0.023 0.024 0.027  A 34879
   2664.56161 13.374 13.322 13.302 13.334 13.398    0.036 0.037 0.026 0.025 0.026  A 36593
   2666.55901 13.461 13.402 13.403 13.402 13.410    0.038 0.029 0.023 0.023 0.026  A 36919
   2680.55110 13.133 13.062 13.028 12.978 12.986    0.034 0.026 0.024 0.027 0.030  A 39270
   2698.50681 29.999 29.999 29.999 29.999 29.999    0.031 0.031 0.032 0.038 0.044  C 42455
   2755.92368 29.999 29.999 29.999 29.999 29.999    0.026 0.028 0.025 0.027 0.031  C 52582
   2783.87868 13.352 13.256 13.196 13.241 13.306    0.036 0.027 0.025 0.026 0.029  A 56033
   2809.83619 13.583 13.560 13.536 13.524 13.575    0.027 0.031 0.026 0.025 0.025  A 59588
   2811.87611 13.455 13.488 13.452 13.430 13.577    0.025 0.028 0.027 0.028 0.029  A 60056
   2819.91227 29.999 29.999 29.999 29.999 29.999    0.039 0.046 0.042 0.049 0.052  C 61407
   2832.82596 13.753 14.176 14.375 14.270 14.153    0.027 0.029 0.025 0.029 0.030  A 63031
   2836.88889 29.999 29.999 29.999 29.999 29.999    0.045 0.053 0.053 0.060 0.064  C 63781
   2839.88231 29.999 29.999 29.999 29.999 29.999    0.053 0.056 0.053 0.058 0.064  C 64211
   2841.83300 13.173 13.236 13.232 13.234 13.183    0.028 0.031 0.026 0.029 0.031  A 64609
   2862.74573 29.999 29.999 29.999 29.999 29.999    0.028 0.030 0.024 0.027 0.031  C 67214
   2907.82169 29.999 29.999 29.999 29.999 29.999    0.047 0.043 0.040 0.041 0.045  C 73312
   2923.72037 13.410 13.313 13.294 13.363 13.571    0.023 0.032 0.023 0.025 0.027  A 75492
   2928.72097 13.477 13.614 13.701 13.751 13.612    0.034 0.046 0.038 0.038 0.037  A 76225
   2934.69701 13.423 13.388 13.385 13.437 13.489    0.025 0.030 0.024 0.023 0.022  A 77274
   2947.80931 13.211 13.136 13.122 13.152 13.129    0.041 0.032 0.031 0.033 0.037  A 79078
   2962.54695 29.999 29.999 29.999 29.999 29.999    0.041 0.040 0.042 0.048 0.056  C 81027
   2964.57382 13.346 13.306 13.215 13.100 13.028    0.029 0.028 0.032 0.035 0.038  A 81319
   2982.67971 29.999 29.999 29.999 29.999 29.999    0.033 0.031 0.034 0.042 0.052  C 83666
   2991.64933 13.083 13.211 13.360 13.419 13.371    0.052 0.066 0.047 0.046 0.042  D 84785
   2996.59906 29.999 29.999 29.999 29.999 29.999    0.040 0.041 0.042 0.049 0.055  C 85430
   3005.59688 13.380 13.311 13.387 13.522 13.448    0.054 0.059 0.060 0.062 0.065  D 86446
   3010.60864 29.999 29.999 29.999 29.999 29.999    0.030 0.029 0.028 0.034 0.040  C 87100
   3012.60566 13.134 13.138 13.124 13.085 13.230    0.031 0.031 0.033 0.039 0.047  A 87363
   3015.61429 13.223 13.293 13.364 13.369 13.295    0.025 0.026 0.025 0.028 0.033  A 87613
   3035.57700 13.072 13.034 13.016 13.003 12.889    0.027 0.025 0.024 0.028 0.033  A 89232
   3042.54478 29.999 29.999 29.999 29.999 29.999    0.029 0.029 0.031 0.039 0.046  C 89764
   3045.54047 13.258 13.217 13.084 13.050 13.105    0.067 0.063 0.064 0.066 0.069  D 90161
   3048.53337 13.604 13.606 13.622 13.663 13.573    0.031 0.031 0.033 0.038 0.044  A 90561
   3057.51752 12.964 12.958 12.854 12.766 12.745    0.037 0.036 0.037 0.039 0.042  A 91780
   3060.50817 29.999 29.999 29.999 29.999 29.999    0.031 0.029 0.030 0.037 0.044  C 92174
   3128.92430 13.363 13.449 13.434 13.415 13.408    0.039 0.041 0.039 0.043 0.048  A 101302
   3142.91924 13.024 12.967 12.972 12.997 13.083    0.027 0.027 0.026 0.030 0.034  A 103205
   3156.90410 13.435 13.384 13.333 13.344 13.402    0.023 0.022 0.022 0.025 0.028  A 104260
   3175.92403 13.455 13.387 13.447 13.557 13.707    0.023 0.023 0.021 0.025 0.029  A 106686
   3179.86225 13.382 13.411 13.346 13.230 13.202    0.027 0.023 0.022 0.026 0.030  A 107279
   3187.84108 13.287 13.412 13.416 13.407 13.407    0.026 0.026 0.026 0.031 0.035  A 108345
   3326.66178 13.578 13.524 13.527 13.613 13.673    0.041 0.031 0.028 0.029 0.031  A 121114
   3357.61373 12.983 12.941 12.890 12.842 12.846    0.045 0.036 0.038 0.041 0.045  A 124582
   3362.65543 13.409 13.364 13.284 13.292 13.364    0.042 0.028 0.027 0.031 0.036  A 124843
   3395.57591 13.379 13.400 13.428 13.517 13.623    0.038 0.030 0.032 0.040 0.046  A 127244
   3398.55353 13.544 13.489 13.498 13.524 13.574    0.047 0.032 0.033 0.036 0.040  A 127606
   3410.53746 13.323 13.345 13.306 13.319 13.445    0.042 0.027 0.027 0.029 0.032  A 129314
   3420.52550 13.591 13.649 13.599 13.513 13.523    0.031 0.026 0.028 0.035 0.039  A 130861
   3428.50758 29.999 29.999 29.999 29.999 29.999    0.037 0.032 0.034 0.041 0.047  C 132105
   3511.90128 13.470 13.409 13.376 13.402 13.376    0.052 0.035 0.028 0.029 0.032  A 143761
   3529.88360 13.500 13.474 13.436 13.405 13.361    0.059 0.047 0.043 0.046 0.050  B 146275
   3544.85652 13.218 13.282 13.215 13.185 13.154    0.076 0.039 0.035 0.041 0.045  A 147774
   3552.85930 13.376 13.344 13.326 13.286 13.252    0.042 0.032 0.029 0.032 0.036  A 148542
   3556.85607 13.359 13.221 13.132 13.055 13.091    0.034 0.025 0.023 0.027 0.030  A 149139
   3560.83024 13.621 13.637 13.692 13.768 13.715    0.085 0.051 0.041 0.044 0.047  B 149626
   3569.91290 13.426 13.465 13.577 13.669 13.659    0.031 0.030 0.023 0.026 0.029  A 150667
   3572.85474 29.999 29.999 29.999 29.999 29.999    0.032 0.032 0.027 0.031 0.035  C 151022
   3585.81832 13.159 13.162 13.141 13.107 13.071    0.066 0.031 0.026 0.028 0.031  A 153241
   3595.80202 29.999 29.999 29.999 29.999 29.999    0.053 0.047 0.050 0.059 0.068  C 154875
   3601.72246 13.406 13.424 13.433 13.450 13.465    0.059 0.035 0.032 0.036 0.040  A 155585
   3603.81802 13.038 13.112 13.116 13.117 13.099    0.036 0.033 0.031 0.036 0.042  A 155944
   3620.72044 13.275 13.287 13.368 13.423 13.416    0.068 0.037 0.031 0.034 0.037  A 157616
   3630.74849 12.954 12.975 13.055 13.102 13.117    0.034 0.032 0.028 0.033 0.038  A 158826
   3635.67044 29.999 29.999 29.999 29.999 29.999    0.073 0.082 0.096 0.127 0.154  D 159549
   3638.72355 13.655 13.674 13.724 13.750 13.815    0.033 0.030 0.022 0.024 0.027  A 159807
   3640.82529 13.515 13.494 13.531 13.535 13.608    0.042 0.027 0.022 0.025 0.028  A 160078
   3643.64818 13.225 13.228 13.248 13.294 13.414    0.040 0.041 0.034 0.037 0.041  A 160457
   3651.68491 13.049 13.068 13.057 13.069 13.143    0.052 0.031 0.025 0.027 0.029  A 161462
   3653.67361 13.505 13.436 13.344 13.236 13.230    0.046 0.034 0.032 0.038 0.044  A 161768
   3657.67535 13.468 13.510 13.543 13.577 13.573    0.035 0.028 0.026 0.030 0.035  A 162331
   3659.70991 13.500 13.409 13.325 13.250 13.308    0.031 0.027 0.027 0.032 0.036  A 162656
   3661.73882 13.461 13.476 13.494 13.516 13.639    0.037 0.031 0.029 0.035 0.040  A 162970
   3664.58629 13.021 13.007 12.990 12.980 13.042    0.043 0.029 0.026 0.028 0.031  A 163340
   3666.64993 13.147 13.171 13.175 13.158 13.081    0.040 0.026 0.022 0.023 0.026  A 163657
   3676.63951 13.377 13.301 13.287 13.285 13.293    0.032 0.024 0.022 0.024 0.026  A 164976
   3680.57035 13.259 13.269 13.221 13.216 13.228    0.038 0.027 0.023 0.025 0.028  A 165329
   3701.61401 13.470 13.544 13.658 13.848 14.173    0.040 0.038 0.042 0.049 0.054  B 168168
   3706.56595 13.576 13.601 13.587 13.585 13.653    0.052 0.039 0.038 0.041 0.046  A 168817
   3712.62931 12.958 12.958 12.917 12.832 12.855    0.061 0.035 0.028 0.030 0.033  A 169402
   3722.65527 13.577 13.508 13.461 13.423 13.425    0.037 0.030 0.031 0.036 0.041  A 170701
   3725.62488 13.408 13.357 13.271 13.168 13.050    0.053 0.036 0.036 0.040 0.043  A 170998
   3727.64371 13.496 13.480 13.528 13.479 13.418    0.044 0.029 0.029 0.033 0.038  A 171278
   3731.58440 13.418 13.546 13.543 13.496 13.551    0.040 0.033 0.032 0.036 0.039  A 171668
   3737.61214 13.557 13.501 13.415 13.354 13.367    0.050 0.027 0.023 0.026 0.028  A 172479
   3739.63258 13.528 13.471 13.456 13.448 13.445    0.033 0.026 0.023 0.027 0.031  A 172768
   3742.59811 13.399 13.474 13.493 13.464 13.368    0.061 0.031 0.028 0.030 0.033  A 173132
   3745.60393 13.408 13.388 13.347 13.355 13.460    0.044 0.033 0.031 0.033 0.036  A 173546
   3760.55850 13.251 13.248 13.197 13.103 13.030    0.072 0.061 0.049 0.039 0.042  D 175600
   3766.54027 13.376 13.348 13.342 13.391 13.422    0.050 0.034 0.037 0.041 0.044  A 176407
   3769.53132 13.525 13.515 13.540 13.627 13.702    0.030 0.027 0.028 0.032 0.037  A 176796
   3775.54470 13.508 13.468 13.359 13.236 13.185    0.035 0.031 0.035 0.042 0.053  B 177612
   3783.52932 13.217 13.260 13.269 13.238 13.320    0.046 0.044 0.048 0.055 0.064  B 178635
   3861.91197 13.293 13.282 13.289 13.293 13.323    0.042 0.030 0.030 0.035 0.039  A 189110
   3865.90956 13.302 13.259 13.228 13.227 13.298    0.035 0.029 0.028 0.032 0.034  A 189796
   3869.90499 13.251 13.289 13.429 13.575 13.590    0.081 0.048 0.046 0.055 0.063  B 190458
   3898.89559 13.171 13.184 13.201 13.214 13.145    0.066 0.036 0.032 0.038 0.043  A 194439
   3905.89291 13.411 13.466 13.574 13.734 13.884    0.084 0.043 0.036 0.039 0.042  B 195687
   3913.90994 13.388 13.522 13.567 13.615 13.718    0.088 0.047 0.040 0.043 0.045  D 197027
   4106.63391 13.468 13.379 13.344 13.333 13.506    0.034 0.028 0.027 0.032 0.036  A 210959
   4126.58695 13.656 13.614 13.600 13.579 13.672    0.064 0.047 0.041 0.043 0.046  A 211648
   4129.54598 13.493 13.495 13.503 13.552 13.686    0.031 0.024 0.023 0.025 0.029  A 212031
   4132.53099 13.063 13.049 13.028 12.986 12.911    0.042 0.031 0.032 0.038 0.043  A 212409
   4135.52896 13.347 13.349 13.396 13.510 13.574    0.055 0.032 0.035 0.042 0.048  A 212820
   4147.51853 13.491 13.417 13.342 13.289 13.382    0.034 0.027 0.026 0.031 0.036  A 214524
   4151.52424 13.522 13.514 13.590 13.681 13.845    0.038 0.025 0.025 0.028 0.032  A 214924
   4234.92480 13.329 13.308 13.297 13.334 13.343    0.060 0.038 0.032 0.036 0.040  A 224499
   4273.86097 13.146 13.142 13.113 13.111 13.170    0.041 0.038 0.031 0.033 0.035  A 228573
   4278.82625 12.997 12.921 12.919 12.904 13.024    0.036 0.030 0.028 0.032 0.038  A 229215
   4284.91847 13.675 13.738 13.853 13.881 14.058    0.040 0.034 0.027 0.030 0.033  A 229902
   4293.85692 13.460 13.498 13.512 13.509 13.506    0.043 0.037 0.028 0.028 0.029  A 231131
   4296.85060 12.992 12.972 12.905 12.858 12.869    0.043 0.045 0.038 0.044 0.051  A 231643
   4299.84486 13.448 13.442 13.448 13.436 13.399    0.033 0.029 0.025 0.028 0.031  A 232188
   4305.87944 13.601 13.781 13.831 13.779 13.669    0.038 0.035 0.028 0.030 0.030  A 233216
   4316.76379 13.138 13.157 13.064 13.084 13.132    0.044 0.039 0.035 0.038 0.041  A 234688
   4319.84456 13.124 13.051 13.052 13.046 13.065    0.034 0.032 0.027 0.029 0.032  A 235055
   4330.71324 13.243 13.201 13.177 13.188 13.205    0.054 0.039 0.029 0.028 0.030  A 235340
   4332.74426 13.220 13.103 13.019 12.973 12.949    0.058 0.059 0.060 0.062 0.065  D 235713
   4334.72782 13.499 13.561 13.518 13.355 13.100    0.036 0.033 0.025 0.026 0.029  A 236065
   4338.71262 13.013 13.053 13.022 13.052 13.086    0.034 0.035 0.028 0.031 0.033  A 236455
   4340.78255 12.986 12.961 12.931 12.889 12.878    0.039 0.033 0.029 0.033 0.038  A 236818
   4344.79124 13.375 13.349 13.324 13.249 13.130    0.054 0.061 0.063 0.068 0.073  D 237494
   4346.81157 13.261 13.224 13.156 13.097 13.137    0.045 0.047 0.061 0.077 0.086  D 237839
   4356.70275 13.464 13.402 13.412 13.438 13.463    0.032 0.031 0.026 0.029 0.032  A 239367
   4361.69612 13.459 13.493 13.449 13.431 13.422    0.068 0.058 0.048 0.038 0.038  B 240045
   4363.71905 13.629 13.514 13.457 13.479 13.489    0.031 0.031 0.024 0.026 0.029  A 240366
   4365.71390 13.437 13.392 13.399 13.423 13.498    0.034 0.030 0.024 0.027 0.030  A 240676
   4367.79794 13.368 13.451 13.518 13.482 13.501    0.044 0.039 0.036 0.042 0.047  A 240899
   4369.76198 12.792 12.844 12.919 12.945 12.896    0.043 0.041 0.037 0.043 0.049  A 241185
   4371.78940 13.455 13.501 13.451 13.353 13.448    0.040 0.032 0.029 0.034 0.039  A 241524
   4374.77067 13.111 13.168 13.078 12.996 13.004    0.059 0.046 0.045 0.055 0.065  B 241858
   4377.63482 13.639 13.616 13.674 13.847 13.918    0.043 0.029 0.024 0.026 0.029  A 242260
   4379.69778 13.597 13.563 13.535 13.529 13.462    0.033 0.030 0.025 0.026 0.029  A 242593
   4381.71975 13.809 13.729 13.709 13.683 13.710    0.035 0.036 0.035 0.039 0.043  A 242901
   4383.79040 13.846 13.899 13.867 13.789 13.784    0.046 0.038 0.037 0.040 0.043  A 243230
   4387.80596 13.175 13.223 13.173 13.168 13.182    0.036 0.035 0.030 0.034 0.037  A 243865
   4391.79248 13.356 13.394 13.529 13.712 13.960    0.054 0.055 0.061 0.071 0.084  D 244433
   4393.69319 13.390 13.365 13.436 13.436 13.409    0.043 0.039 0.042 0.049 0.056  B 244668
   4402.83769 13.365 13.363 13.390 13.466 13.574    0.050 0.036 0.031 0.035 0.040  A 245181
   4406.67201 13.075 13.144 13.103 13.085 13.082    0.048 0.046 0.041 0.044 0.047  A 245444
   4408.70247 13.420 13.435 13.433 13.418 13.336    0.034 0.029 0.026 0.029 0.033  A 245752
   4411.66091 13.161 13.203 13.227 13.233 13.237    0.039 0.035 0.035 0.037 0.040  A 246104
   4421.60362 13.359 13.383 13.436 13.549 13.623    0.039 0.030 0.027 0.032 0.038  A 246533
   4431.60579 13.364 13.379 13.343 13.292 13.376    0.035 0.033 0.031 0.035 0.041  A 247522
   4436.61423 13.437 13.468 13.502 13.523 13.506    0.075 0.067 0.045 0.046 0.041  D 248149
   4438.67906 13.489 13.508 13.511 13.516 13.497    0.038 0.035 0.033 0.038 0.041  A 248420
   4444.61559 13.102 13.141 13.157 13.183 13.209    0.035 0.033 0.030 0.032 0.035  A 249079
   4454.61699 13.348 13.375 13.417 13.442 13.414    0.039 0.032 0.030 0.035 0.039  A 250232
   4456.67085 13.525 13.707 13.787 13.771 13.487    0.053 0.047 0.053 0.065 0.077  D 250462
   4462.59686 13.431 13.402 13.406 13.407 13.386    0.032 0.029 0.026 0.031 0.037  A 251163
   4465.58368 13.147 13.133 13.076 13.002 12.923    0.039 0.034 0.031 0.035 0.040  A 251509
   4468.58850 13.522 13.555 13.552 13.504 13.445    0.041 0.032 0.029 0.031 0.034  A 251848
   4473.62527 13.063 13.054 12.998 12.907 12.872    0.038 0.031 0.031 0.035 0.039  A 252360
   4476.61861 13.382 13.319 13.296 13.284 13.248    0.050 0.054 0.057 0.063 0.068  D 252637
   4485.59890 13.330 13.281 13.318 13.367 13.467    0.041 0.033 0.035 0.042 0.049  A 253579
   4488.57049 13.138 13.049 13.075 13.177 13.279    0.052 0.051 0.055 0.061 0.067  B 253919
   4498.55025 13.413 13.339 13.319 13.324 13.377    0.040 0.037 0.033 0.035 0.036  A 254876
   4507.52525 13.379 13.333 13.250 13.156 13.183    0.044 0.037 0.037 0.044 0.049  A 256104
   4510.53804 13.206 13.240 13.238 13.213 13.132    0.044 0.043 0.045 0.051 0.059  B 256517
   4520.51262 13.203 13.166 13.162 13.180 13.189    0.051 0.035 0.032 0.036 0.041  A 257666
   4525.50748 13.225 13.142 13.191 13.222 13.313    0.041 0.038 0.039 0.048 0.057  B 258394
#dataset= 3 ; 2 F0048-56_061
#desig= 005116-5904.1
#cra=    0.854330  00:51:15.6
#cdec= -59.067681 -59:04:03.7
#class= 0
#cmag_0= 13.292
#cmer_0=  0.200
#nskip_0= 0
#cmag_1= 13.289
#cmer_1=  0.198
#nskip_1= 0
#cmag_2= 13.295
#cmer_2=  0.208
#nskip_2= 0
#cmag_3= 13.300
#cmer_3=  0.229
#nskip_3= 0
#cmag_4= 13.320
#cmer_4=  0.252
#nskip_4= 0
#ra=    0.854330  00:51:15.6
#dec= -59.067681 -59:04:03.7
#     HJD      MAG_0  MAG_1  MAG_2  MAG_3  MAG_4    MER_0 MER_1 MER_2 MER_3 MER_4 GRADE FRAME
   1869.55630 13.475 13.493 13.493 13.434 13.390    0.038 0.021 0.018 0.021 0.023  A 208
   1871.55570 13.243 13.256 13.235 13.179 13.170    0.072 0.028 0.024 0.026 0.029  A 492
   1873.55236 13.015 13.005 12.993 12.973 12.998    0.067 0.030 0.026 0.029 0.031  A 806
   1877.54317 13.207 13.258 13.222 13.180 13.218    0.053 0.026 0.023 0.026 0.028  A 1446
   1881.54255 13.404 13.473 13.539 13.561 13.567    0.043 0.023 0.019 0.022 0.024  A 2072
   1885.52838 13.640 13.498 13.433 13.354 13.240    0.043 0.026 0.023 0.025 0.028  A 2377
   1887.55573 13.329 13.419 13.449 13.429 13.537    0.041 0.022 0.021 0.024 0.027  A 2708
   1889.56754 13.206 13.291 13.327 13.322 13.349    0.044 0.027 0.024 0.027 0.032  A 3033
   1903.58730 13.141 13.172 13.162 13.150 13.152    0.043 0.024 0.020 0.021 0.024  A 3647
   1905.59521 13.405 13.405 13.438 13.461 13.443    0.038 0.021 0.017 0.019 0.022  A 3972
   1914.57511 13.170 13.161 13.154 13.142 13.173    0.034 0.022 0.019 0.022 0.024  A 4743
   1922.54717 13.422 13.421 13.427 13.411 13.341    0.028 0.025 0.020 0.021 0.025  A 5736
   2052.92994 13.610 13.674 13.721 13.744 13.740    0.059 0.031 0.027 0.029 0.032  A 19945
   2054.89365 13.168 13.152 13.105 13.036 12.969    0.077 0.032 0.030 0.032 0.034  A 20360
   2056.88125 13.502 13.537 13.572 13.607 13.684    0.065 0.030 0.026 0.028 0.030  A 20804
   2058.90163 13.293 13.340 13.385 13.390 13.461    0.048 0.026 0.025 0.029 0.032  A 21255
   2064.93962 13.534 13.503 13.513 13.569 13.597    0.067 0.029 0.025 0.026 0.029  A 21678
   2080.83527 13.410 13.408 13.469 13.448 13.480    0.059 0.025 0.022 0.025 0.028  A 22984
   2088.85935 13.078 13.078 13.080 13.122 13.124    0.065 0.028 0.025 0.027 0.030  A 24588
   2093.88986 13.224 13.343 13.442 13.511 13.541    0.070 0.034 0.028 0.030 0.033  A 24884
   2095.79959 13.542 13.408 13.209 13.112 13.028    0.072 0.036 0.033 0.039 0.043  A 25296
   2103.76025 13.384 13.347 13.297 13.305 13.309    0.060 0.030 0.026 0.027 0.029  A 25864
   2104.84394 13.171 13.213 13.256 13.292 13.341    0.058 0.029 0.025 0.026 0.028  A 26097
   2105.82846 13.086 13.039 12.979 12.961 12.984    0.065 0.033 0.027 0.029 0.032  A 26313
   2106.85015 13.087 13.103 13.089 13.080 13.126    0.059 0.030 0.026 0.028 0.030  A 26525
   2116.79620 13.373 13.364 13.291 13.235 13.185    0.046 0.028 0.023 0.024 0.027  A 27156
   2128.71281 13.139 13.074 13.058 13.050 13.036    0.058 0.029 0.026 0.028 0.030  A 27972
   2129.73677 13.207 13.225 13.198 13.179 13.280    0.061 0.029 0.024 0.025 0.028  A 28197
   2130.74978 13.115 13.169 13.197 13.208 13.198    0.060 0.028 0.024 0.027 0.029  A 28419
   2131.76011 12.892 12.921 12.941 12.943 12.909    0.062 0.029 0.024 0.026 0.028  A 28623
   2132.77159 13.175 13.148 13.084 13.051 13.086    0.064 0.028 0.024 0.026 0.029  A 28840
   2133.77147 13.527 13.570 13.548 13.542 13.618    0.050 0.029 0.026 0.026 0.029  A 29056
   2134.76486 13.412 13.354 13.296 13.210 13.194    0.054 0.034 0.028 0.028 0.029  A 29267
   2136.76135 13.103 13.152 13.140 13.083 12.990    0.064 0.042 0.038 0.040 0.043  A 29694
   2156.67992 13.072 13.112 13.081 13.056 13.101    0.053 0.035 0.028 0.030 0.033  A 31667
   2169.71030 13.111 13.078 13.035 13.012 13.032    0.041 0.031 0.024 0.026 0.028  A 32450
   2170.74262 13.173 13.179 13.180 13.176 13.192    0.056 0.037 0.032 0.035 0.039  A 32507
   2171.68357 13.438 13.385 13.435 13.424 13.411    0.052 0.036 0.030 0.032 0.036  A 32622
   2177.65054 13.377 13.323 13.247 13.234 13.318    0.046 0.034 0.027 0.029 0.032  A 33432
   2178.65082 13.219 13.223 13.184 13.152 13.161    0.046 0.035 0.029 0.030 0.033  A 33607
   2183.60588 13.062 13.028 13.019 12.980 12.959    0.047 0.039 0.031 0.031 0.033  A 33874
   2186.67862 12.974 12.960 12.911 12.870 12.885    0.035 0.038 0.029 0.031 0.032  A 34399
   2190.64430 13.060 13.038 13.066 13.107 13.111    0.036 0.037 0.029 0.030 0.027  A 34942
   2193.64359 13.436 13.442 13.447 13.455 13.513    0.043 0.034 0.026 0.028 0.029  A 35474
   2194.64153 13.306 13.312 13.311 13.336 13.261    0.046 0.036 0.026 0.027 0.028  A 35652
   2196.64043 13.068 13.023 13.024 13.002 12.996    0.047 0.037 0.028 0.028 0.030  A 35961
   2197.63786 13.333 13.414 13.432 13.450 13.464    0.044 0.034 0.026 0.027 0.029  A 36144
   2198.63444 13.441 13.424 13.462 13.482 13.423    0.046 0.034 0.026 0.027 0.029  A 36314
   2199.63281 13.272 13.314 13.337 13.314 13.386    0.044 0.037 0.027 0.029 0.029  A 36493
   2201.62157 13.065 13.043 13.033 13.092 13.163    0.040 0.035 0.026 0.028 0.028  A 36737
   2202.62910 13.375 13.412 13.573 13.705 13.849    0.062 0.054 0.049 0.053 0.057  B 36908
   2203.61858 29.999 29.999 29.999 29.999 29.999    0.045 0.036 0.028 0.029 0.031  C 37077
   2204.61204 13.419 13.424 13.430 13.425 13.497    0.042 0.035 0.027 0.028 0.029  A 37201
   2206.61312 13.051 13.040 13.039 13.011 13.022    0.042 0.036 0.028 0.030 0.031  A 37477
   2211.56730 13.097 12.998 12.968 12.915 12.848    0.046 0.043 0.035 0.037 0.034  A 37822
   2213.57382 13.580 13.561 13.567 13.592 13.654    0.042 0.039 0.030 0.032 0.033  A 38061
   2215.60439 13.239 13.190 13.186 13.216 13.171    0.045 0.040 0.032 0.036 0.034  A 38389
   2216.60449 13.450 13.467 13.469 13.506 13.519    0.045 0.039 0.029 0.034 0.033  A 38559
   2217.60414 13.146 13.227 13.211 13.214 13.226    0.044 0.039 0.029 0.033 0.031  A 38726
   2221.58727 13.451 13.427 13.395 13.423 13.423    0.049 0.042 0.031 0.034 0.031  A 39009
   2222.58973 13.267 13.250 13.234 13.341 13.385    0.041 0.035 0.027 0.033 0.031  A 39165
   2224.58024 13.566 13.580 13.587 13.549 13.552    0.047 0.041 0.034 0.038 0.035  A 39322
   2225.58473 13.503 13.499 13.458 13.431 13.392    0.052 0.042 0.031 0.033 0.034  A 39487
   2226.58539 13.340 13.358 13.385 13.416 13.466    0.044 0.039 0.031 0.037 0.033  A 39642
   2227.58376 13.219 13.220 13.180 13.130 13.091    0.043 0.037 0.029 0.034 0.031  A 39794
   2229.57829 13.081 13.075 13.079 13.075 13.103    0.047 0.040 0.031 0.034 0.032  A 40117
   2230.57611 29.999 29.999 29.999 29.999 29.999    0.045 0.039 0.030 0.036 0.033  C 40281
   2232.56649 13.295 13.260 13.319 13.370 13.424    0.043 0.038 0.030 0.034 0.032  A 40444
   2233.56717 13.211 13.090 13.098 13.118 13.112    0.049 0.041 0.032 0.035 0.032  A 40605
   2234.55649 13.137 13.160 13.187 13.241 13.314    0.047 0.042 0.033 0.038 0.037  A 40755
   2235.55616 13.433 13.453 13.524 13.562 13.504    0.047 0.038 0.029 0.033 0.031  A 40910
   2237.57157 13.346 13.380 13.458 13.460 13.415    0.047 0.042 0.033 0.038 0.036  A 41236
   2240.53230 13.440 13.514 13.584 13.651 13.762    0.049 0.042 0.035 0.038 0.032  A 41536
   2242.53980 13.324 13.254 13.258 13.229 13.137    0.051 0.044 0.036 0.040 0.038  A 41858
   2252.56810 13.444 13.489 13.509 13.489 13.397    0.056 0.044 0.037 0.044 0.043  A 43149
   2256.56070 29.999 29.999 29.999 29.999 29.999    0.056 0.049 0.041 0.045 0.043  C 43754
   2258.56382 13.384 13.337 13.328 13.358 13.462    0.061 0.051 0.043 0.049 0.048  B 44079
   2444.83877 13.598 13.574 13.506 13.523 13.594    0.024 0.027 0.020 0.021 0.020  A 8966
   2446.83396 13.178 13.250 13.232 13.196 13.197    0.030 0.031 0.023 0.024 0.024  A 9341
   2452.81748 12.975 13.118 13.244 13.232 13.131    0.035 0.035 0.028 0.030 0.031  A 9527
   2453.77494 13.297 13.351 13.393 13.474 13.600    0.032 0.032 0.026 0.029 0.029  A 9692
   2465.85301 29.999 29.999 29.999 29.999 29.999    0.040 0.040 0.035 0.038 0.034  C 11153
   2467.83881 13.588 13.637 13.653 13.662 13.720    0.024 0.028 0.021 0.024 0.022  A 11584
   2470.80359 12.965 12.986 12.993 12.984 12.958    0.032 0.033 0.026 0.030 0.028  A 12068
   2481.82003 29.999 29.999 29.999 29.999 29.999    0.054 0.049 0.044 0.051 0.050  C 13028
   2482.71707 29.999 29.999 29.999 29.999 29.999    0.044 0.039 0.034 0.040 0.036  C 13190
   2486.78673 29.999 29.999 29.999 29.999 29.999    0.047 0.042 0.037 0.042 0.044  C 13388
   2489.76067 29.999 29.999 29.999 29.999 29.999    0.039 0.040 0.035 0.040 0.041  C 13901
   2490.78551 29.999 29.999 29.999 29.999 29.999    0.039 0.039 0.033 0.040 0.037  C 14130
   2498.76241 13.247 13.378 13.406 13.440 13.410    0.031 0.034 0.026 0.030 0.024  A 15491
   2499.76139 13.429 13.432 13.494 13.511 13.588    0.031 0.034 0.026 0.030 0.025  A 15700
   2500.73530 13.228 13.213 13.218 13.225 13.284    0.033 0.036 0.028 0.030 0.026  A 15903
   2501.76221 13.340 13.366 13.391 13.355 13.341    0.032 0.033 0.027 0.030 0.023  A 16063
   2520.77907 29.999 29.999 29.999 29.999 29.999    0.054 0.047 0.037 0.039 0.029  C 18260
   2521.80402 13.177 13.162 13.156 13.187 13.269    0.041 0.038 0.032 0.032 0.032  A 18467
   2526.79362 13.224 13.213 13.213 13.268 13.285    0.050 0.048 0.036 0.030 0.026  A 18909
   2529.68956 12.979 12.991 12.961 12.999 12.965    0.050 0.041 0.031 0.034 0.030  A 19099
   2540.72424 13.268 13.285 13.315 13.277 13.161    0.027 0.023 0.018 0.020 0.023  A 19747
   2544.71887 13.566 13.568 13.587 13.549 13.493    0.023 0.029 0.021 0.020 0.021  A 20017
   2545.75728 13.453 13.412 13.444 13.490 13.516    0.026 0.020 0.017 0.018 0.020  A 20223
   2552.78188 13.391 13.415 13.376 13.398 13.427    0.038 0.025 0.022 0.021 0.022  A 21206
   2559.67391 13.541 13.528 13.531 13.466 13.358    0.029 0.027 0.018 0.018 0.019  A 22243
   2560.67245 13.501 13.497 13.489 13.457 13.507    0.033 0.034 0.030 0.027 0.027  A 22421
   2562.65541 13.360 13.317 13.246 13.268 13.352    0.023 0.032 0.024 0.025 0.026  A 22742
   2563.66719 13.059 13.010 12.985 13.003 13.021    0.042 0.031 0.026 0.026 0.027  A 22926
   2564.66639 13.319 13.410 13.403 13.456 13.507    0.033 0.028 0.023 0.024 0.026  A 23105
   2565.68916 13.342 13.357 13.423 13.417 13.488    0.024 0.027 0.022 0.022 0.023  A 23293
   2566.70171 13.447 13.496 13.541 13.565 13.578    0.031 0.034 0.026 0.027 0.026  A 23477
   2578.66382 13.458 13.359 13.350 13.343 13.369    0.028 0.031 0.022 0.022 0.021  A 24957
   2621.60707 13.416 13.519 13.573 13.594 13.582    0.024 0.022 0.020 0.022 0.024  A 29787
   2622.67405 13.069 13.140 13.175 13.119 13.071    0.035 0.023 0.022 0.024 0.027  A 29983
   2624.69861 13.352 13.306 13.281 13.212 99.999    0.044 0.025 0.025 0.028 0.032  C 30278
   2635.62121 13.279 13.275 13.245 13.215 13.214    0.027 0.021 0.018 0.019 0.021  A 32221
   2637.63178 13.081 13.110 13.122 13.121 13.151    0.021 0.019 0.019 0.021 0.024  A 32517
   2639.62952 13.500 13.533 13.558 13.573 13.553    0.037 0.026 0.022 0.022 0.024  A 32824
   2641.63214 13.200 13.235 13.231 13.234 13.259    0.030 0.021 0.020 0.022 0.024  A 33108
   2643.64144 13.011 13.109 13.061 13.057 13.042    0.033 0.021 0.019 0.021 0.024  A 33423
   2645.60933 13.544 13.449 13.404 13.475 13.632    0.034 0.023 0.019 0.020 0.022  A 33707
   2647.59553 13.025 13.073 13.041 13.042 13.097    0.033 0.028 0.027 0.029 0.033  A 33999
   2650.57797 13.471 13.368 13.259 13.156 13.204    0.027 0.024 0.021 0.021 0.023  A 34256
   2652.58868 13.114 13.083 13.040 12.985 13.049    0.040 0.029 0.027 0.029 0.033  A 34566
   2658.56128 12.872 13.004 13.067 13.080 13.076    0.036 0.025 0.022 0.025 0.028  A 35568
   2660.56615 13.510 13.444 13.408 13.393 13.354    0.054 0.036 0.026 0.026 0.027  A 35910
   2668.56475 13.366 13.317 13.270 13.263 13.251    0.028 0.034 0.023 0.022 0.024  A 37244
   2670.56018 13.290 13.302 13.305 13.328 13.351    0.026 0.020 0.019 0.020 0.022  A 37558
   2672.56319 13.400 13.333 13.241 13.241 13.296    0.027 0.022 0.020 0.021 0.022  A 37894
   2674.55330 13.256 13.321 13.374 13.440 13.536    0.023 0.022 0.019 0.021 0.023  A 38233
   2676.54681 13.468 13.479 13.471 13.541 13.651    0.027 0.023 0.020 0.021 0.024  A 38596
   2678.54372 13.470 13.538 13.555 13.562 13.536    0.026 0.022 0.021 0.023 0.027  A 38937
   2683.53872 13.732 13.767 13.707 13.722 13.714    0.030 0.026 0.024 0.027 0.031  A 39774
   2686.52762 13.086 13.159 13.195 13.219 13.416    0.035 0.027 0.029 0.034 0.039  A 40316
   2688.53532 13.373 13.291 13.225 13.130 13.068    0.031 0.025 0.025 0.029 0.033  A 40683
   2691.51394 12.927 12.852 12.776 12.735 12.813    0.028 0.025 0.023 0.026 0.029  A 41231
   2760.92358 13.130 13.139 13.120 13.144 13.195    0.027 0.029 0.024 0.026 0.029  A 53548
   2764.91398 13.083 13.163 13.243 13.319 13.237    0.029 0.026 0.025 0.029 0.034  A 54366
   2776.92703 13.127 13.190 13.233 13.237 13.216    0.030 0.030 0.029 0.031 0.034  A 55430
   2786.89047 13.191 13.196 13.149 13.116 13.108    0.025 0.021 0.019 0.020 0.022  A 56675
   2809.83619 13.518 13.457 13.356 13.355 13.428    0.027 0.031 0.026 0.025 0.025  A 59588
   2813.87844 13.345 13.393 13.497 13.541 13.530    0.025 0.025 0.023 0.023 0.024  A 60514
   2830.77486 13.399 13.511 13.621 13.675 13.661    0.030 0.032 0.028 0.033 0.036  A 62563
   2844.88981 13.048 13.134 13.227 13.294 13.372    0.022 0.027 0.022 0.025 0.024  A 65108
   2853.76500 13.404 13.327 13.442 13.638 13.644    0.020 0.027 0.024 0.027 0.025  A 65714
   2856.80941 29.999 29.999 29.999 29.999 29.999    0.029 0.031 0.025 0.028 0.031  C 66128
   2858.86363 13.498 13.432 13.368 13.315 13.281    0.021 0.026 0.022 0.023 0.021  A 66417
   2860.76811 13.540 13.499 13.577 13.725 13.797    0.024 0.029 0.027 0.028 0.030  A 66806
   2872.81486 13.371 13.395 13.379 13.311 13.313    0.021 0.029 0.026 0.029 0.027  A 68235
   2875.82333 13.294 13.261 13.282 13.291 13.372    0.024 0.038 0.026 0.023 0.021  A 68630
   2877.78353 13.480 13.296 13.328 13.367 13.462    0.023 0.038 0.034 0.035 0.032  A 69010
   2880.75024 13.110 13.092 13.106 13.141 13.184    0.026 0.033 0.031 0.031 0.030  A 69412
   2883.79771 13.356 13.361 13.368 13.390 13.377    0.028 0.022 0.016 0.017 0.018  A 69688
   2885.70971 13.115 13.092 13.121 13.157 13.285    0.021 0.028 0.025 0.027 0.028  A 70056
   2886.81390 13.327 13.295 13.289 13.274 13.316    0.028 0.035 0.032 0.031 0.031  A 70312
   2892.76382 13.073 13.076 13.096 13.073 13.086    0.029 0.024 0.024 0.025 0.029  A 70729
   2894.66989 13.008 12.969 12.981 12.962 13.046    0.035 0.035 0.033 0.034 0.037  A 71091
   2895.79277 13.318 13.436 13.552 13.592 13.679    0.025 0.027 0.024 0.028 0.028  A 71336
   2897.81160 29.999 29.999 29.999 29.999 29.999    0.022 0.025 0.019 0.020 0.022  C 71743
   2899.77143 13.171 13.036 13.058 13.065 13.132    0.026 0.036 0.030 0.028 0.028  A 72089
   2902.74025 13.109 13.091 13.104 13.139 13.191    0.023 0.027 0.022 0.022 0.023  A 72556
   2905.66025 13.209 13.150 13.161 13.162 13.213    0.019 0.025 0.021 0.021 0.021  A 72990
   2910.65677 13.174 13.251 13.317 13.421 13.494    0.025 0.028 0.027 0.026 0.026  A 73731
   2916.81404 13.236 13.235 13.237 13.236 13.341    0.025 0.034 0.024 0.031 0.029  A 74651
   2918.69699 13.025 12.941 12.943 12.965 13.197    0.039 0.038 0.043 0.053 0.062  B 74915
   2921.73112 13.576 13.608 13.689 13.751 13.607    0.024 0.025 0.027 0.033 0.039  A 75120
   2926.72400 13.002 13.070 13.062 13.030 12.989    0.026 0.028 0.024 0.023 0.023  A 75853
   2930.71357 13.215 13.193 13.151 13.109 13.112    0.026 0.021 0.019 0.019 0.021  A 76571
   2932.70228 13.347 13.376 13.486 13.567 13.590    0.030 0.037 0.028 0.030 0.033  A 76922
   2936.70083 29.999 29.999 29.999 29.999 29.999    0.039 0.037 0.038 0.042 0.044  C 77626
   2940.58596 13.512 13.526 13.600 13.579 13.554    0.024 0.025 0.021 0.020 0.021  A 77980
   2943.59383 13.086 13.113 13.154 13.142 13.110    0.023 0.025 0.021 0.024 0.024  A 78345
   2944.73840 12.933 12.918 12.901 12.903 12.866    0.032 0.033 0.026 0.028 0.029  A 78570
   2946.61085 13.688 13.590 13.516 13.466 13.536    0.021 0.028 0.023 0.024 0.024  A 78815
   2949.70049 13.483 13.464 13.439 13.398 13.376    0.025 0.025 0.027 0.032 0.036  A 79307
   2951.71103 13.375 13.349 13.389 13.415 13.486    0.024 0.026 0.024 0.029 0.033  A 79592
   2953.72764 29.999 29.999 29.999 29.999 29.999    0.035 0.038 0.041 0.049 0.058  C 79867
   2955.76811 29.999 29.999 29.999 29.999 29.999    0.024 0.027 0.026 0.030 0.034  C 80138
   2957.75974 13.278 13.349 13.439 13.534 13.611    0.031 0.032 0.029 0.033 0.038  A 80425
   2968.60387 13.159 13.162 13.175 13.187 13.230    0.021 0.022 0.019 0.021 0.024  A 81892
   2970.59525 13.363 13.255 13.227 13.315 13.395    0.024 0.021 0.019 0.021 0.024  A 82108
   2972.63252 13.400 13.413 13.379 13.355 13.277    0.022 0.022 0.022 0.025 0.028  A 82384
   2976.63962 13.346 13.299 13.284 13.289 13.284    0.029 0.027 0.026 0.029 0.032  A 82853
   2978.65572 13.466 13.466 13.443 13.386 13.433    0.024 0.023 0.023 0.026 0.030  A 83136
   2980.67505 13.227 13.062 13.048 13.041 13.068    0.033 0.043 0.049 0.054 0.059  B 83392
   2984.67935 13.421 13.423 13.380 13.297 13.360    0.029 0.025 0.025 0.029 0.033  A 83923
   2986.70141 13.347 13.309 13.290 13.359 13.547    0.022 0.023 0.023 0.027 0.032  A 84196
   2989.63062 13.479 13.508 13.492 13.464 99.999    0.024 0.021 0.022 0.024 0.028  C 84521
   2993.67765 13.077 13.185 13.232 13.242 13.279    0.031 0.031 0.027 0.030 0.034  A 85073
   2998.60788 13.813 13.767 13.738 13.674 13.627    0.024 0.024 0.022 0.024 0.028  A 85709
   3001.57761 12.902 12.881 12.838 12.772 12.711    0.028 0.036 0.040 0.043 0.045  A 85966
   3007.61186 13.414 13.316 13.255 13.166 13.080    0.025 0.026 0.024 0.027 0.030  A 86712
   3017.62444 13.535 13.543 13.577 13.618 13.698    0.028 0.022 0.021 0.025 0.029  A 87871
   3025.59396 13.189 13.100 13.179 13.222 13.150    0.036 0.032 0.035 0.038 0.043  A 88411
   3030.55627 13.119 13.163 13.262 13.327 13.346    0.022 0.023 0.022 0.026 0.028  A 88703
   3033.54997 13.179 13.104 13.058 13.054 13.110    0.025 0.025 0.023 0.026 0.030  A 88995
   3051.52844 13.176 13.073 13.031 13.053 13.120    0.029 0.029 0.026 0.029 0.032  A 90954
   3054.52044 13.482 13.501 13.493 13.529 13.517    0.028 0.026 0.025 0.029 0.033  A 91364
   3163.89028 13.379 13.344 13.258 13.258 13.294    0.030 0.027 0.027 0.031 0.036  A 105108
   3166.91120 13.032 13.096 13.129 13.149 13.339    0.034 0.031 0.034 0.041 0.047  A 105504
   3183.89132 13.455 13.454 13.432 13.453 13.499    0.025 0.026 0.026 0.030 0.035  A 107741
   3191.84584 13.045 13.038 12.922 12.763 12.587    0.044 0.037 0.034 0.039 0.045  A 108798
   3355.54490 13.092 13.163 13.158 13.172 13.176    0.048 0.027 0.021 0.022 0.024  A 124337
   3366.63150 13.523 13.537 13.623 13.746 13.768    0.045 0.032 0.032 0.038 0.045  A 125169
   3382.57741 13.454 13.476 13.467 13.469 13.487    0.039 0.030 0.028 0.032 0.035  A 125607
   3386.54315 13.548 13.526 13.611 13.724 13.732    0.042 0.029 0.029 0.034 0.040  A 126138
   3388.57256 13.481 13.368 13.287 13.225 13.116    0.057 0.030 0.026 0.030 0.033  A 126426
   3390.60694 13.318 13.315 13.387 13.481 13.516    0.043 0.029 0.028 0.033 0.038  A 126712
   3413.52809 13.412 13.303 13.258 13.251 13.265    0.046 0.043 0.045 0.048 0.052  B 129740
   3416.53060 13.404 13.384 13.420 13.453 13.363    0.030 0.026 0.028 0.035 0.038  A 130230
   3525.90936 13.105 13.145 13.144 13.222 13.291    0.081 0.046 0.045 0.050 0.055  B 145586
   3563.86166 13.316 13.327 13.358 13.432 13.501    0.037 0.028 0.026 0.027 0.030  A 150160
   3578.83557 13.345 13.328 13.354 13.340 13.417    0.033 0.028 0.025 0.028 0.032  A 152034
   3582.93428 13.331 13.336 13.289 13.209 13.200    0.038 0.030 0.032 0.039 0.046  A 152750
   3588.80056 13.522 13.587 13.582 13.533 13.441    0.036 0.024 0.022 0.025 0.028  A 153718
   3591.78460 12.947 12.995 13.007 13.015 13.104    0.051 0.031 0.028 0.031 0.035  A 154234
   3597.81169 13.084 13.057 13.086 13.103 13.110    0.049 0.032 0.027 0.030 0.032  A 155188
   3617.76392 13.227 13.266 13.187 13.133 13.124    0.041 0.038 0.031 0.034 0.038  A 157176
   3622.76827 13.597 13.636 13.720 13.811 13.922    0.041 0.033 0.027 0.029 0.033  A 157947
   3625.78186 13.044 13.116 13.055 13.040 13.037    0.034 0.031 0.023 0.025 0.028  A 158215
   3628.74267 13.271 13.313 13.337 13.407 13.446    0.032 0.032 0.025 0.028 0.033  A 158485
   3632.77084 13.445 13.522 13.601 13.640 13.756    0.041 0.029 0.030 0.036 0.043  A 159143
   3646.69868 13.159 13.152 13.128 13.139 13.154    0.036 0.033 0.027 0.029 0.031  A 160784
   3655.65239 13.026 12.994 12.975 12.933 12.877    0.044 0.027 0.024 0.026 0.029  A 162024
   3669.72534 13.170 13.205 13.241 13.244 13.213    0.028 0.026 0.022 0.023 0.026  A 164004
   3671.82719 13.482 13.451 13.474 13.508 13.565    0.033 0.030 0.025 0.029 0.032  A 164321
   3674.62072 13.447 13.476 13.483 13.513 13.557    0.063 0.033 0.026 0.028 0.029  A 164685
   3703.74342 13.439 13.344 13.330 13.363 13.464    0.064 0.036 0.028 0.030 0.033  A 168465
   3708.65164 13.215 13.182 13.173 13.132 13.105    0.059 0.030 0.027 0.030 0.033  A 169127
   3714.63676 13.448 13.458 13.437 13.394 13.349    0.050 0.031 0.026 0.028 0.030  A 169690
   3717.59683 13.039 13.066 13.088 13.178 13.266    0.038 0.029 0.031 0.036 0.040  A 170070
   3720.59213 13.382 13.452 13.497 13.513 13.428    0.073 0.037 0.033 0.037 0.041  A 170422
   3734.61885 13.391 13.376 13.428 13.561 13.798    0.039 0.033 0.038 0.048 0.058  B 172068
   3748.59507 13.463 13.504 13.395 13.237 13.143    0.052 0.035 0.034 0.042 0.050  A 173942
   3751.60971 13.144 13.090 13.000 12.911 12.826    0.041 0.034 0.035 0.043 0.051  A 174369
   3754.58246 13.625 13.602 13.692 13.839 14.094    0.041 0.032 0.036 0.045 0.050  B 174770
   3757.56369 13.383 13.360 13.393 13.387 13.269    0.043 0.030 0.026 0.030 0.034  A 175178
   3763.55080 13.437 13.373 13.390 13.397 13.443    0.036 0.028 0.030 0.035 0.038  A 175987
   3772.54026 13.128 13.100 13.079 13.034 13.007    0.041 0.030 0.029 0.032 0.035  A 177189
   3778.53354 13.155 13.131 13.067 13.025 13.166    0.041 0.032 0.037 0.045 0.054  B 178068
   3791.51630 13.377 13.338 13.281 13.243 13.203    0.035 0.030 0.033 0.040 0.047  A 179360
   3883.92102 13.454 13.456 13.445 13.457 13.495    0.050 0.030 0.025 0.028 0.031  A 192358
   3891.91936 13.217 13.145 13.126 13.170 13.222    0.040 0.030 0.025 0.026 0.030  A 193449
   3902.86981 12.972 12.993 12.968 12.928 12.924    0.055 0.034 0.029 0.033 0.037  A 195112
   3981.67595 13.019 13.055 12.973 12.898 12.871    0.053 0.032 0.026 0.028 0.031  A 203357
   4092.59605 13.141 12.990 12.904 12.870 12.880    0.050 0.029 0.025 0.028 0.032  A 209501
   4111.63374 13.498 13.409 13.381 13.348 13.400    0.068 0.037 0.032 0.035 0.038  A 211384
   4154.51729 13.283 13.340 13.444 13.545 13.577    0.046 0.026 0.027 0.032 0.037  A 215379
   4160.50632 13.136 13.111 13.053 13.101 13.200    0.080 0.074 0.088 0.103 0.111  D 216259
   4230.92201 12.827 12.829 12.778 12.773 12.756    0.079 0.067 0.064 0.068 0.071  D 223786
   4255.91766 29.999 29.999 29.999 29.999 29.999    0.048 0.055 0.054 0.059 0.065  C 227172
   4268.93122 13.394 13.296 13.130 12.993 12.930    0.053 0.056 0.055 0.061 0.065  B 228083
   4290.86570 13.566 13.504 13.557 13.577 13.508    0.056 0.053 0.048 0.051 0.049  B 230576
   4301.83027 13.057 12.988 12.975 12.910 12.890    0.099 0.066 0.060 0.044 0.047  D 232536
   4303.86251 29.999 29.999 29.999 29.999 29.999    0.044 0.044 0.042 0.047 0.049  C 232846
   4307.82056 12.984 12.981 12.986 12.998 13.041    0.046 0.039 0.029 0.031 0.033  A 233540
   4309.82888 29.999 29.999 29.999 29.999 29.999    0.063 0.052 0.046 0.050 0.054  C 233856
   4312.79795 13.040 12.957 12.882 12.760 12.615    0.077 0.061 0.066 0.078 0.087  D 234279
   4342.78156 29.999 29.999 29.999 29.999 29.999    0.058 0.055 0.058 0.063 0.068  D 237150
   4351.69895 29.999 29.999 29.999 29.999 29.999    0.056 0.046 0.045 0.053 0.061  C 238618
   4353.82841 13.138 13.108 13.102 13.086 13.139    0.031 0.028 0.024 0.026 0.029  A 238923
   4358.84373 13.531 13.561 13.484 13.485 13.480    0.038 0.039 0.034 0.033 0.035  A 239699
   4385.73773 13.004 13.039 13.029 13.024 13.029    0.033 0.034 0.025 0.026 0.028  A 243527
   4399.79666 12.911 12.970 13.038 13.031 12.944    0.051 0.038 0.038 0.044 0.050  A 244886
   4423.61818 13.685 13.648 13.591 13.494 13.435    0.048 0.033 0.032 0.038 0.046  A 246738
   4426.69757 29.999 29.999 29.999 29.999 29.999    0.051 0.036 0.037 0.045 0.054  C 246968
   4428.73566 13.284 13.373 13.536 13.743 14.078    0.047 0.041 0.040 0.048 0.056  B 247201
   4433.68155 13.387 13.318 13.282 13.276 13.374    0.039 0.029 0.026 0.030 0.035  A 247809
   4441.60973 13.486 13.497 13.509 13.504 13.479    0.057 0.046 0.041 0.036 0.041  A 248772
   4452.58346 13.745 13.711 13.674 13.649 13.783    0.038 0.040 0.043 0.047 0.050  B 250001
   4459.60629 13.437 13.409 13.530 13.672 13.868    0.042 0.035 0.034 0.039 0.044  A 250799
   4479.59175 13.456 13.473 13.427 13.361 13.407    0.064 0.060 0.055 0.045 0.054  D 253001
   4494.54946 12.972 12.943 12.939 12.920 12.955    0.035 0.029 0.025 0.028 0.031  A 254618
   4501.54513 29.999 29.999 29.999 29.999 29.999    0.041 0.034 0.037 0.046 0.057  C 255255
   4504.54501 29.999 29.999 29.999 29.999 29.999    0.048 0.045 0.046 0.055 0.063  C 255679
#ndata= 9
#dataset= 4 ; 1 F0136-56_062
#desig= 005115-5903.9
#cra=    0.854167  00:51:15.0
#cdec= -59.065533 -59:03:55.9
#class= 0
#cmag_0= 13.239
#cmer_0=  0.243
#nskip_0= 0
#cmag_1= 13.276
#cmer_1=  0.224
#nskip_1= 0
#cmag_2= 13.316
#cmer_2=  0.224
#nskip_2= 0
#cmag_3= 13.386
#cmer_3=  0.242
#nskip_3= 0
#cmag_4= 13.416
#cmer_4=  0.271
#nskip_4= 0
#ra=    0.854167  00:51:15.0
#dec= -59.065533 -59:03:55.9
#     HJD      MAG_0  MAG_1  MAG_2  MAG_3  MAG_4    MER_0 MER_1 MER_2 MER_3 MER_4 GRADE FRAME
   2470.80525 12.909 12.891 12.962 13.016 12.992    0.034 0.038 0.032 0.036 0.030  A 12069
   2473.81373 13.449 13.506 13.633 13.704 13.677    0.035 0.038 0.033 0.036 0.031  A 12760
   2486.80642 13.002 13.169 13.191 13.270 13.364    0.047 0.041 0.035 0.040 0.040  A 13397
   2490.81882 13.213 13.228 13.295 13.374 13.382    0.036 0.037 0.031 0.037 0.033  A 14145
   2521.80402 13.170 13.142 13.156 13.200 13.281    0.037 0.034 0.027 0.027 0.026  A 18467
   2549.83775 13.494 13.477 13.483 13.497 13.462    0.041 0.048 0.037 0.033 0.028  A 20863
   2558.76096 13.374 13.360 13.354 13.341 13.332    0.083 0.065 0.045 0.039 0.032  B 22099
   2894.71454 13.295 13.383 13.495 13.675 13.858    0.030 0.034 0.028 0.030 0.033  A 71110
   3177.92775 13.028 13.111 13.227 13.424 13.325    0.040 0.041 0.041 0.047 0.052  A 106996
