#ndata= 6
#dataset= 1 ; 1 F0112-32_160
#desig= 005559-2623.1
#cra=    0.932984  00:55:58.7
#cdec= -26.384994 -26:23:06.0
#class= 0
#cmag_0= 13.480
#cmer_0=  0.331
#nskip_0= 0
#cmag_1= 13.479
#cmer_1=  0.333
#nskip_1= 0
#cmag_2= 13.508
#cmer_2=  0.343
#nskip_2= 0
#cmag_3= 13.544
#cmer_3=  0.352
#nskip_3= 0
#cmag_4= 13.524
#cmer_4=  0.345
#nskip_4= 0
#ra=    0.932984  00:55:58.7
#dec= -26.384994 -26:23:06.0
#     HJD      MAG_0  MAG_1  MAG_2  MAG_3  MAG_4    MER_0 MER_1 MER_2 MER_3 MER_4 GRADE FRAME
   2135.78620 13.664 13.854 14.143 14.376 14.948    0.064 0.042 0.042 0.051 0.061  B 29491
   2140.80233 13.593 13.593 13.586 13.606 13.583    0.054 0.036 0.032 0.036 0.040  A 30254
   2143.77049 13.112 13.066 13.090 13.098 13.098    0.063 0.032 0.029 0.031 0.034  A 30856
   2144.75680 13.254 13.242 13.299 13.360 13.342    0.058 0.028 0.025 0.026 0.028  A 31056
   2151.70052 29.999 29.999 29.999 29.999 29.999    0.070 0.050 0.049 0.056 0.067  C 31413
   3382.59540 13.704 13.725 13.770 13.789 13.768    0.048 0.037 0.037 0.042 0.048  A 125613
#ndata= 24
#dataset= 2 ; 1 F0032-24_199
#desig= 005558-2623.0
#cra=    0.932820  00:55:58.2
#cdec= -26.383654 -26:23:01.2
#class= 0
#cmag_0= 13.191
#cmer_0=  0.221
#nskip_0= 0
#cmag_1= 13.173
#cmer_1=  0.222
#nskip_1= 0
#cmag_2= 13.230
#cmer_2=  0.248
#nskip_2= 0
#cmag_3= 13.291
#cmer_3=  0.274
#nskip_3= 0
#cmag_4= 13.316
#cmer_4=  0.276
#nskip_4= 0
#ra=    0.932820  00:55:58.2
#dec= -26.383654 -26:23:01.2
#     HJD      MAG_0  MAG_1  MAG_2  MAG_3  MAG_4    MER_0 MER_1 MER_2 MER_3 MER_4 GRADE FRAME
   2216.59779 13.112 13.151 13.245 13.334 13.442    0.046 0.039 0.032 0.037 0.034  A 38555
   2219.56829 29.999 29.999 29.999 29.999 29.999    0.045 0.040 0.032 0.037 0.034  C 38883
   2221.57591 29.999 29.999 29.999 29.999 29.999    0.044 0.037 0.029 0.033 0.031  C 39003
   2222.58292 29.999 29.999 29.999 29.999 29.999    0.041 0.035 0.028 0.034 0.031  C 39161
   2224.57341 29.999 29.999 29.999 29.999 29.999    0.049 0.044 0.036 0.042 0.038  C 39318
   2225.58236 13.330 13.340 13.461 13.633 13.679    0.046 0.035 0.028 0.030 0.030  A 39485
   2226.57856 13.386 13.312 13.443 13.520 13.451    0.044 0.038 0.029 0.034 0.032  A 39638
   2227.57691 13.017 13.107 13.103 13.145 13.140    0.045 0.035 0.027 0.033 0.031  A 39790
   2229.54351 29.999 29.999 29.999 29.999 29.999    0.046 0.040 0.032 0.039 0.035  C 40101
   2230.57365 29.999 29.999 29.999 29.999 29.999    0.045 0.037 0.030 0.036 0.033  C 40279
   2232.57296 29.999 29.999 29.999 29.999 29.999    0.044 0.039 0.030 0.036 0.034  C 40446
   2234.53987 29.999 29.999 29.999 29.999 29.999    0.049 0.041 0.034 0.040 0.038  C 40747
   2235.56032 29.999 29.999 29.999 29.999 29.999    0.044 0.037 0.031 0.037 0.035  C 40911
   2239.54177 29.999 29.999 29.999 29.999 29.999    0.049 0.042 0.035 0.041 0.040  C 41381
   2241.54994 29.999 29.999 29.999 29.999 29.999    0.051 0.044 0.036 0.042 0.040  C 41702
   2243.56645 29.999 29.999 29.999 29.999 29.999    0.057 0.046 0.040 0.046 0.045  C 42025
   2460.80970 13.197 13.127 13.107 13.124 13.221    0.041 0.038 0.028 0.030 0.028  A 10278
   2468.90863 13.619 13.674 13.671 13.677 13.604    0.026 0.031 0.024 0.028 0.027  A 11831
   2473.81152 13.144 13.109 13.118 13.135 13.132    0.032 0.037 0.031 0.036 0.029  A 12759
   2486.80020 12.933 12.895 12.924 12.958 12.939    0.041 0.037 0.031 0.038 0.039  A 13394
   2490.80827 29.999 29.999 29.999 29.999 29.999    0.031 0.034 0.030 0.038 0.031  C 14140
   2521.76558 13.359 13.363 13.411 13.430 13.391    0.043 0.040 0.030 0.036 0.031  A 18450
   2628.62531 29.999 29.999 29.999 29.999 29.999    0.057 0.050 0.031 0.033 0.036  C 30716
   3177.93700 29.999 29.999 29.999 29.999 29.999    0.053 0.054 0.053 0.061 0.070  D 107000
#ndata= 432
#dataset= 3 ; 1 F0104-24_200
#desig= 005558-2622.9
#cra=    0.932750  00:55:57.9
#cdec= -26.380864 -26:22:51.1
#class= 0
#cmag_0= 13.610
#cmer_0=  0.306
#nskip_0= 0
#cmag_1= 13.634
#cmer_1=  0.324
#nskip_1= 0
#cmag_2= 13.644
#cmer_2=  0.332
#nskip_2= 0
#cmag_3= 13.643
#cmer_3=  0.325
#nskip_3= 0
#cmag_4= 13.666
#cmer_4=  0.320
#nskip_4= 0
#ra=    0.932750  00:55:57.9
#dec= -26.380864 -26:22:51.1
#     HJD      MAG_0  MAG_1  MAG_2  MAG_3  MAG_4    MER_0 MER_1 MER_2 MER_3 MER_4 GRADE FRAME
   2068.88685 29.999 29.999 29.999 29.999 29.999    0.070 0.042 0.045 0.053 0.060  C 22183
   2069.88416 13.377 13.403 13.486 13.584 13.618    0.071 0.036 0.029 0.029 0.032  A 22406
   2116.81841 13.515 13.550 13.582 13.695 13.861    0.045 0.028 0.023 0.026 0.027  A 27166
   2212.64173 13.656 13.663 13.686 13.756 13.682    0.041 0.038 0.030 0.033 0.034  A 37919
   2222.59674 14.086 14.066 14.108 14.130 14.086    0.043 0.036 0.029 0.035 0.031  A 39167
   2229.58301 13.724 13.717 13.766 13.756 13.915    0.044 0.037 0.030 0.035 0.034  A 40118
   2254.57063 29.999 29.999 29.999 29.999 29.999    0.055 0.046 0.036 0.045 0.043  C 43441
   2468.90863 13.643 13.694 13.692 13.697 13.628    0.038 0.039 0.033 0.037 0.038  A 11831
   2470.83460 13.545 13.781 13.848 13.841 13.774    0.032 0.035 0.029 0.034 0.028  A 12082
   2473.81152 13.169 13.125 13.144 13.154 13.157    0.038 0.039 0.033 0.039 0.032  A 12759
   2482.74964 13.407 13.456 13.556 13.619 13.486    0.041 0.040 0.034 0.035 0.031  A 13204
   2486.80020 12.954 12.912 12.946 12.976 12.955    0.047 0.041 0.035 0.040 0.043  A 13394
   2487.81621 13.403 13.450 13.407 13.490 13.545    0.061 0.053 0.045 0.049 0.049  B 13557
   2490.80827 29.999 29.999 29.999 29.999 29.999    0.041 0.040 0.036 0.042 0.036  C 14140
   2491.81466 29.999 29.999 29.999 29.999 29.999    0.042 0.038 0.032 0.036 0.034  C 14313
   2493.80159 29.999 29.999 29.999 29.999 29.999    0.041 0.039 0.034 0.041 0.035  C 14545
   2556.69662 13.729 13.757 13.786 13.751 13.594    0.031 0.033 0.024 0.026 0.021  A 21715
   2568.57773 29.999 29.999 29.999 29.999 29.999    0.052 0.051 0.045 0.046 0.042  C 23575
   2622.53786 29.999 29.999 29.999 29.999 29.999    0.036 0.038 0.028 0.029 0.029  C 29924
   2624.60807 29.999 29.999 29.999 29.999 29.999    0.040 0.045 0.030 0.032 0.032  C 30238
   2628.62531 29.999 29.999 29.999 29.999 29.999    0.056 0.046 0.029 0.031 0.034  C 30716
   2629.62067 29.999 29.999 29.999 29.999 29.999    0.042 0.033 0.031 0.038 0.045  C 30865
   2649.54830 29.999 29.999 29.999 29.999 29.999    0.026 0.029 0.019 0.020 0.022  C 34089
   2653.57638 29.999 29.999 29.999 29.999 29.999    0.043 0.037 0.022 0.024 0.026  C 34718
   2669.55532 13.204 13.167 99.999 99.999 99.999    0.050 0.053 0.050 0.055 0.059  C 37397
   2679.52887 29.999 29.999 29.999 29.999 29.999    0.032 0.029 0.028 0.030 0.033  C 39090
   2832.84630 29.999 29.999 29.999 29.999 29.999    0.029 0.029 0.024 0.028 0.028  C 63040
   2834.85966 29.999 29.999 29.999 29.999 29.999    0.049 0.050 0.048 0.054 0.062  C 63430
   2858.77921 13.805 13.838 13.876 13.821 13.921    0.026 0.032 0.023 0.025 0.023  A 66381
   2860.78939 29.999 29.999 29.999 29.999 29.999    0.024 0.025 0.019 0.021 0.023  C 66815
   2862.77850 13.412 13.542 13.675 13.738 13.937    0.028 0.026 0.021 0.023 0.027  A 67225
   2880.75813 29.999 29.999 29.999 29.999 29.999    0.027 0.030 0.022 0.025 0.028  C 69415
   2903.79116 29.999 29.999 29.999 29.999 29.999    0.042 0.048 0.045 0.052 0.046  C 72728
   2942.64263 29.999 29.999 29.999 29.999 29.999    0.042 0.025 0.021 0.023 0.026  C 78203
   2944.61096 29.999 29.999 29.999 29.999 29.999    0.023 0.025 0.018 0.020 0.022  C 78514
   2954.77177 29.999 29.999 29.999 29.999 29.999    0.029 0.028 0.028 0.032 0.039  C 79994
   2957.54438 29.999 29.999 29.999 29.999 29.999    0.026 0.023 0.019 0.022 0.025  C 80338
   2959.59387 29.999 29.999 29.999 29.999 29.999    0.060 0.060 0.064 0.078 0.091  D 80648
   2965.62359 29.999 29.999 29.999 29.999 29.999    0.038 0.033 0.032 0.036 0.042  C 81480
   2969.59184 13.602 13.545 13.479 13.470 13.487    0.026 0.022 0.019 0.022 0.025  A 82032
   2978.62523 29.999 29.999 29.999 29.999 29.999    0.028 0.024 0.023 0.026 0.030  C 83123
   2989.62220 29.999 29.999 29.999 29.999 29.999    0.029 0.024 0.020 0.023 0.026  C 84517
   2993.66646 29.999 29.999 29.999 29.999 29.999    0.023 0.024 0.022 0.025 0.028  C 85068
   2996.58501 13.394 13.433 13.440 13.465 13.632    0.077 0.048 0.048 0.053 0.059  B 85424
   3008.60582 29.999 29.999 29.999 29.999 29.999    0.039 0.036 0.042 0.052 0.062  C 86830
   3016.60117 29.999 29.999 29.999 29.999 29.999    0.056 0.050 0.053 0.060 0.066  C 87730
   3031.54584 13.519 13.473 13.383 13.339 13.390    0.026 0.025 0.024 0.027 0.031  A 88819
   3053.51328 29.999 29.999 29.999 29.999 29.999    0.029 0.029 0.031 0.038 0.043  C 91228
   3164.89457 13.719 13.811 13.824 13.797 13.894    0.037 0.038 0.035 0.038 0.040  A 105288
   3168.92653 29.999 29.999 29.999 29.999 29.999    0.034 0.035 0.037 0.046 0.055  C 105850
   3177.93700 29.999 29.999 29.999 29.999 29.999    0.057 0.057 0.056 0.066 0.074  D 107000
   3190.85790 29.999 29.999 29.999 29.999 29.999    0.065 0.055 0.050 0.053 0.059  C 108682
   3266.72855 13.174 13.249 13.266 13.206 13.170    0.033 0.032 0.022 0.022 0.023  A 115218
   3274.72947 29.999 29.999 29.999 29.999 29.999    0.039 0.035 0.034 0.040 0.050  C 116358
   3277.72968 29.999 29.999 29.999 29.999 29.999    0.045 0.044 0.043 0.048 0.059  C 116725
   3575.85097 13.436 13.396 13.320 13.267 13.311    0.039 0.030 0.026 0.029 0.034  A 151545
   3595.81528 29.999 29.999 29.999 29.999 29.999    0.072 0.070 0.083 0.105 0.127  D 154879
   3628.75883 29.999 29.999 29.999 29.999 29.999    0.034 0.034 0.026 0.028 0.031  C 158489
   3631.81810 29.999 29.999 29.999 29.999 29.999    0.038 0.030 0.028 0.035 0.040  C 159014
   3663.72784 29.999 29.999 29.999 29.999 29.999    0.081 0.041 0.037 0.039 0.043  C 163241
   3704.64811 13.741 13.794 13.755 13.715 13.716    0.055 0.038 0.031 0.033 0.038  A 168573
   3706.73063 13.638 13.672 13.627 13.596 13.723    0.047 0.031 0.029 0.035 0.043  A 168872
   3724.60063 29.999 29.999 29.999 29.999 29.999    0.047 0.041 0.034 0.036 0.041  C 170862
   3730.64254 13.749 13.626 13.687 13.758 13.785    0.080 0.043 0.038 0.040 0.046  B 171553
   3748.58533 29.999 29.999 29.999 29.999 29.999    0.033 0.028 0.031 0.038 0.046  C 173938
   3754.58044 29.999 29.999 29.999 29.999 29.999    0.040 0.035 0.036 0.041 0.048  C 174769
   3906.92428 13.999 13.980 13.992 14.035 14.139    0.041 0.028 0.025 0.028 0.032  A 195891
   4103.58567 14.097 14.087 14.080 14.013 13.909    0.068 0.037 0.035 0.041 0.047  A 210574
   4290.87529 13.724 13.810 13.827 13.858 13.913    0.050 0.047 0.042 0.045 0.046  A 230580
   4374.80627 13.827 13.783 13.769 13.684 13.636    0.042 0.044 0.044 0.053 0.063  B 241869
   4420.59850 13.824 13.728 13.711 13.670 13.740    0.050 0.040 0.038 0.042 0.049  A 246446
   4431.59209 13.947 13.973 13.850 13.689 13.549    0.039 0.032 0.027 0.030 0.033  A 247516
   4482.56929 13.843 13.919 14.006 14.049 14.143    0.036 0.032 0.030 0.034 0.040  A 253304
#dataset= 3 ; 2 F0104-24_200
#desig= 005559-2623.0
#cra=    0.933057  00:55:59.0
#cdec= -26.382620 -26:22:57.4
#class= 0
#cmag_0= 13.545
#cmer_0=  0.321
#nskip_0= 0
#cmag_1= 13.565
#cmer_1=  0.336
#nskip_1= 0
#cmag_2= 13.598
#cmer_2=  0.346
#nskip_2= 1
#cmag_3= 13.631
#cmer_3=  0.385
#nskip_3= 0
#cmag_4= 13.671
#cmer_4=  0.438
#nskip_4= 0
#ra=    0.933057  00:55:59.0
#dec= -26.382620 -26:22:57.4
#     HJD      MAG_0  MAG_1  MAG_2  MAG_3  MAG_4    MER_0 MER_1 MER_2 MER_3 MER_4 GRADE FRAME
   1869.56323 13.605 13.679 13.714 13.710 13.591    0.047 0.021 0.019 0.021 0.023  A 210
   1873.56150 13.175 13.182 13.245 13.313 13.397    0.056 0.026 0.021 0.022 0.024  A 809
   1875.55129 13.616 13.705 13.733 13.754 13.815    0.057 0.024 0.020 0.021 0.023  A 1127
   1877.55002 13.867 13.897 13.904 13.870 13.778    0.040 0.022 0.018 0.021 0.024  A 1448
   1879.53725 13.644 13.668 13.615 13.468 13.043    0.034 0.023 0.018 0.020 0.022  A 1756
   1881.53803 13.675 13.702 13.752 13.875 13.894    0.040 0.023 0.019 0.020 0.022  A 2069
   1885.53271 13.191 13.168 13.121 13.113 13.037    0.039 0.024 0.021 0.024 0.027  A 2378
   1887.54852 13.258 13.332 13.389 13.511 13.544    0.044 0.025 0.022 0.024 0.027  A 2704
   1900.58578 13.211 13.190 13.170 13.154 13.179    0.044 0.027 0.022 0.023 0.027  A 3330
   1903.60250 13.814 13.858 13.955 14.068 14.144    0.049 0.028 0.019 0.020 0.022  A 3653
   1906.54195 13.861 13.828 13.822 13.814 13.788    0.043 0.028 0.021 0.023 0.024  A 4111
   1908.58900 13.638 13.593 13.593 13.612 13.631    0.041 0.027 0.020 0.022 0.024  A 4452
   1914.58991 13.859 13.791 13.868 14.010 14.002    0.050 0.027 0.022 0.025 0.028  A 4749
   1923.53185 13.053 13.043 13.052 13.048 13.023    0.042 0.026 0.020 0.022 0.025  A 5893
   1926.54708 14.124 14.226 14.200 14.101 14.024    0.043 0.028 0.022 0.024 0.026  A 6408
   1930.52948 13.710 13.706 13.683 13.700 13.774    0.041 0.026 0.021 0.023 0.025  A 7048
   1934.52798 13.225 13.284 13.312 13.306 13.236    0.045 0.028 0.021 0.023 0.026  A 7709
   2039.91843 13.825 13.822 13.964 14.011 14.134    0.077 0.036 0.032 0.036 0.038  B 19359
   2053.90166 13.673 13.747 13.767 13.714 13.810    0.070 0.032 0.027 0.029 0.031  A 20139
   2055.90798 13.682 13.660 13.641 13.660 13.903    0.073 0.033 0.027 0.030 0.034  A 20588
   2057.90250 13.168 13.163 13.210 13.221 13.207    0.068 0.031 0.027 0.029 0.030  A 21041
   2067.89658 29.999 29.999 29.999 29.999 29.999    0.064 0.033 0.028 0.030 0.032  C 21961
   2070.88774 13.048 13.065 13.051 13.013 12.975    0.059 0.034 0.025 0.025 0.027  A 22627
   2080.87238 13.375 13.399 13.500 13.659 13.627    0.061 0.031 0.025 0.026 0.027  A 23001
   2082.94755 13.249 13.265 13.259 13.287 13.325    0.064 0.029 0.026 0.030 0.033  A 23498
   2085.93908 13.120 13.089 13.125 13.126 13.102    0.050 0.029 0.024 0.026 0.029  A 23950
   2087.88480 13.790 13.902 14.009 14.204 14.458    0.065 0.033 0.029 0.033 0.037  A 24371
   2093.91339 13.458 13.439 13.480 13.560 13.667    0.051 0.026 0.022 0.024 0.026  A 24895
   2094.93092 13.372 13.356 13.312 13.223 13.128    0.057 0.027 0.023 0.026 0.027  A 25127
   2095.87194 13.035 13.065 13.058 13.043 13.037    0.055 0.026 0.024 0.028 0.031  A 25328
   2103.93629 13.923 13.937 13.933 13.983 13.932    0.044 0.028 0.023 0.026 0.027  A 25936
   2104.86789 13.501 13.545 13.598 13.671 13.705    0.040 0.025 0.022 0.024 0.028  A 26108
   2105.84575 13.469 13.408 13.390 13.418 13.484    0.058 0.029 0.024 0.026 0.028  A 26321
   2106.86787 13.316 13.317 13.324 13.391 13.499    0.053 0.029 0.024 0.025 0.028  A 26533
   2113.86893 13.969 14.015 14.089 14.129 14.338    0.041 0.025 0.020 0.022 0.024  A 26649
   2115.80391 13.725 13.673 13.580 13.476 13.432    0.044 0.029 0.025 0.027 0.029  A 26937
   2130.86299 13.541 13.543 13.661 13.858 14.021    0.044 0.027 0.021 0.022 0.026  A 28467
   2131.78064 12.931 13.038 13.157 13.258 13.304    0.065 0.029 0.023 0.024 0.027  A 28632
   2132.78994 13.005 13.011 12.998 13.003 13.089    0.064 0.029 0.024 0.026 0.028  A 28848
   2133.78762 13.724 13.681 13.647 13.603 13.502    0.041 0.026 0.022 0.026 0.028  A 29063
   2134.78107 14.081 13.994 13.977 14.016 14.290    0.050 0.030 0.024 0.024 0.028  A 29274
   2135.78191 29.999 29.999 29.999 29.999 29.999    0.055 0.036 0.034 0.042 0.052  C 29489
   2136.77767 13.838 13.812 13.805 13.950 13.861    0.054 0.043 0.045 0.053 0.064  B 29701
   2143.76137 12.984 12.990 12.982 12.941 12.949    0.051 0.033 0.028 0.030 0.034  A 30853
   2144.76150 13.014 13.089 13.110 13.102 13.100    0.053 0.027 0.022 0.024 0.027  A 31058
   2164.71464 13.541 13.580 13.580 13.577 13.532    0.039 0.030 0.023 0.025 0.028  A 31939
   2167.69079 12.881 12.922 12.925 12.914 12.926    0.055 0.032 0.026 0.027 0.030  A 32120
   2168.70958 13.030 13.005 13.078 13.131 13.159    0.037 0.028 0.022 0.023 0.026  A 32296
   2169.71658 13.654 13.680 13.661 13.673 13.711    0.034 0.028 0.022 0.023 0.025  A 32452
   2170.75118 13.835 14.004 14.131 14.135 14.201    0.047 0.032 0.028 0.031 0.034  A 32510
   2171.70413 13.840 13.909 13.997 13.999 13.956    0.041 0.029 0.021 0.024 0.028  A 32630
   2172.71575 14.129 14.155 14.183 14.170 14.149    0.042 0.031 0.023 0.023 0.026  A 32823
   2173.69406 13.878 13.875 13.927 14.026 14.101    0.044 0.039 0.025 0.024 0.026  A 33002
   2174.68719 13.607 13.671 13.756 13.791 13.797    0.043 0.029 0.024 0.025 0.029  A 33174
   2175.67975 13.695 13.626 13.593 13.595 13.428    0.052 0.036 0.028 0.029 0.033  A 33315
   2177.67309 13.334 13.265 13.154 13.067 13.049    0.040 0.033 0.026 0.027 0.030  A 33441
   2178.67005 13.111 13.061 13.091 13.162 13.258    0.050 0.036 0.030 0.032 0.035  A 33613
   2180.61664 14.099 14.078 14.150 14.271 14.191    0.057 0.035 0.027 0.030 0.033  A 33780
   2185.71400 29.999 29.999 29.999 29.999 29.999    0.041 0.035 0.029 0.031 0.033  C 34299
   2186.69660 13.902 14.031 14.088 14.182 14.267    0.042 0.038 0.030 0.032 0.033  A 34406
   2190.58932 12.929 12.907 12.856 12.877 12.884    0.043 0.031 0.025 0.026 0.028  A 34917
   2191.66372 13.086 13.112 13.139 13.120 13.085    0.041 0.032 0.026 0.026 0.028  A 35125
   2192.65619 13.103 13.102 13.099 13.137 13.209    0.031 0.027 0.019 0.021 0.023  A 35296
   2193.65498 13.848 13.789 13.772 13.835 13.969    0.034 0.030 0.023 0.023 0.025  A 35478
   2194.64841 14.081 14.203 14.287 14.401 14.491    0.038 0.030 0.022 0.023 0.024  A 35654
   2195.65045 13.798 13.954 14.083 14.224 14.388    0.043 0.035 0.026 0.029 0.032  A 35832
   2196.64957 13.945 13.946 14.031 14.203 14.678    0.043 0.034 0.027 0.027 0.031  A 35964
   2197.64697 14.014 13.816 13.850 13.987 13.880    0.041 0.033 0.024 0.025 0.027  A 36147
   2198.64134 13.798 13.654 13.690 13.800 13.785    0.037 0.030 0.022 0.023 0.026  A 36316
   2199.64198 13.857 13.947 13.975 13.877 13.878    0.040 0.034 0.025 0.025 0.026  A 36496
   2201.62854 13.407 13.444 13.511 13.564 13.555    0.036 0.031 0.024 0.026 0.027  A 36739
   2202.63605 13.160 13.217 13.203 13.190 13.125    0.039 0.035 0.027 0.030 0.031  A 36910
   2203.62780 13.013 13.117 13.094 13.124 13.159    0.042 0.034 0.027 0.028 0.028  A 37080
   2204.62128 13.171 13.160 13.195 13.215 13.206    0.035 0.033 0.025 0.026 0.027  A 37204
   2205.61716 29.999 29.999 29.999 29.999 29.999    0.073 0.067 0.068 0.075 0.086  D 37334
   2206.62236 14.136 14.344 14.567 14.846 14.829    0.041 0.033 0.026 0.027 0.028  A 37480
   2207.61668 29.999 29.999 29.999 29.999 29.999    0.041 0.034 0.028 0.032 0.035  C 37650
   2208.64924 14.046 14.133 14.139 14.168 14.289    0.039 0.033 0.026 0.029 0.030  A 37682
   2213.62735 13.377 13.355 13.317 13.287 13.245    0.044 0.039 0.032 0.035 0.035  A 38083
   2214.61819 13.097 13.159 13.139 13.154 13.145    0.041 0.038 0.032 0.037 0.038  A 38227
   2215.61139 13.086 13.146 13.264 13.399 13.576    0.045 0.039 0.032 0.038 0.036  A 38391
   2216.61153 12.922 12.859 12.941 12.988 13.069    0.044 0.038 0.031 0.035 0.034  A 38561
   2217.61343 13.442 13.502 13.515 13.462 13.521    0.042 0.037 0.030 0.036 0.035  A 38729
   2219.58431 13.889 13.925 13.989 14.053 13.953    0.044 0.038 0.031 0.036 0.033  A 38890
   2221.59655 13.880 13.883 13.945 13.970 13.957    0.041 0.037 0.031 0.036 0.034  A 39012
   2224.58728 13.447 13.516 13.572 13.608 13.632    0.047 0.041 0.034 0.040 0.037  A 39324
   2225.59849 13.429 13.414 13.464 13.494 13.607    0.043 0.036 0.029 0.034 0.032  A 39492
   2226.59017 13.410 13.327 13.320 13.326 13.299    0.042 0.037 0.030 0.036 0.034  A 39643
   2227.59079 13.183 13.152 13.167 13.175 13.172    0.041 0.036 0.030 0.036 0.032  A 39796
   2228.58902 12.961 12.957 12.918 12.904 12.887    0.046 0.040 0.032 0.041 0.038  A 39958
   2230.58535 29.999 29.999 29.999 29.999 29.999    0.044 0.037 0.030 0.036 0.034  C 40284
   2232.57799 13.696 13.856 13.891 13.888 13.877    0.046 0.037 0.030 0.037 0.032  A 40448
   2233.57858 13.790 13.849 13.953 14.100 14.265    0.045 0.037 0.029 0.037 0.034  A 40609
   2234.56579 13.864 13.845 13.832 13.885 14.033    0.044 0.038 0.031 0.037 0.035  A 40758
   2235.56542 13.850 13.942 13.898 13.911 13.971    0.044 0.037 0.031 0.037 0.034  A 40913
   2236.56179 13.659 13.596 13.631 13.623 13.622    0.051 0.041 0.035 0.042 0.040  A 41074
   2237.56659 29.999 29.999 29.999 29.999 29.999    0.046 0.039 0.032 0.040 0.039  C 41233
   2240.56235 12.887 12.863 12.890 12.912 12.943    0.049 0.042 0.035 0.041 0.038  A 41548
   2242.54432 13.653 13.624 13.791 13.957 13.780    0.051 0.043 0.036 0.046 0.045  A 41859
   2244.58783 29.999 29.999 29.999 29.999 29.999    0.059 0.048 0.041 0.050 0.050  C 42157
   2248.53120 29.999 29.999 29.999 29.999 29.999    0.050 0.040 0.034 0.042 0.042  C 42451
   2250.56234 13.435 13.587 13.528 13.478 13.522    0.053 0.040 0.034 0.042 0.041  A 42822
   2252.55621 12.995 12.964 12.996 13.001 12.981    0.055 0.042 0.035 0.043 0.043  A 43143
   2256.56933 29.999 29.999 29.999 29.999 29.999    0.056 0.044 0.037 0.042 0.040  C 43757
   2258.57240 29.999 29.999 29.999 29.999 29.999    0.083 0.068 0.058 0.066 0.067  D 44082
   2263.56938 13.078 13.269 13.343 13.405 13.389    0.073 0.055 0.046 0.053 0.055  B 44677
   2443.85158 29.999 29.999 29.999 29.999 29.999    0.033 0.033 0.025 0.028 0.033  C 8767
   2445.85070 13.605 13.619 13.581 13.573 13.686    0.027 0.027 0.018 0.018 0.021  A 9189
   2466.80701 13.775 13.827 13.766 13.680 13.624    0.031 0.033 0.023 0.024 0.021  A 11352
   2467.85139 13.848 13.924 14.025 14.149 14.253    0.025 0.030 0.019 0.018 0.018  A 11590
   2495.76488 13.602 13.570 13.612 13.625 13.695    0.036 0.037 0.032 0.040 0.031  A 14856
   2496.78686 13.259 13.394 13.487 13.624 13.630    0.033 0.030 0.023 0.027 0.026  A 15076
   2498.78544 13.243 13.203 13.165 13.152 13.127    0.026 0.029 0.023 0.028 0.023  A 15501
   2499.77984 13.243 13.348 13.334 13.303 13.278    0.029 0.030 0.022 0.025 0.022  A 15708
   2501.78307 13.811 13.922 13.914 13.971 13.984    0.031 0.030 0.022 0.024 0.021  A 16072
   2502.78533 29.999 29.999 29.999 29.999 29.999    0.030 0.032 0.025 0.031 0.025  C 16285
   2503.77653 29.999 29.999 29.999 29.999 29.999    0.045 0.040 0.037 0.045 0.039  C 16485
   2508.73667 13.348 13.378 13.425 13.454 13.506    0.030 0.033 0.026 0.027 0.029  A 16833
   2520.71830 13.315 13.316 13.298 13.287 13.341    0.034 0.031 0.020 0.021 0.020  A 18234
   2521.76558 13.383 13.384 13.439 13.458 13.417    0.029 0.025 0.018 0.018 0.018  A 18450
   2526.85255 13.278 13.294 13.287 13.317 13.373    0.044 0.046 0.035 0.032 0.028  A 18934
   2529.70919 29.999 29.999 29.999 29.999 29.999    0.056 0.047 0.034 0.038 0.033  C 19107
   2540.74266 13.879 13.835 13.800 13.769 13.785    0.030 0.025 0.022 0.023 0.027  A 19754
   2544.73037 29.999 29.999 29.999 29.999 29.999    0.026 0.027 0.020 0.021 0.022  C 20021
   2545.77584 13.471 13.477 13.464 13.442 13.447    0.048 0.021 0.018 0.020 0.022  A 20230
   2552.80602 13.998 14.026 14.067 14.140 14.161    0.033 0.029 0.021 0.021 0.021  A 21215
   2559.69029 13.109 13.091 13.123 13.168 13.184    0.028 0.021 0.017 0.018 0.020  A 22249
   2560.68210 13.206 13.202 13.169 13.215 13.276    0.024 0.025 0.021 0.021 0.023  A 22424
   2561.66806 14.054 14.104 14.015 13.761 13.817    0.036 0.023 0.022 0.024 0.026  A 22566
   2562.66453 13.899 13.939 14.003 14.045 14.064    0.037 0.022 0.019 0.020 0.022  A 22745
   2563.67634 13.651 13.702 13.715 13.712 13.683    0.034 0.028 0.020 0.021 0.021  A 22929
   2578.70049 13.684 13.664 13.835 13.974 13.923    0.032 0.031 0.023 0.024 0.020  A 24972
   2627.61894 13.956 13.979 13.973 14.057 14.170    0.030 0.022 0.021 0.024 0.028  A 30563
   2635.57596 14.133 14.207 14.257 14.323 14.557    0.033 0.024 0.020 0.021 0.022  A 32201
   2637.59770 13.699 13.726 13.787 13.788 13.799    0.044 0.049 0.030 0.027 0.023  A 32502
   2641.60495 13.805 13.840 13.800 13.729 13.677    0.036 0.044 0.021 0.024 0.023  A 33096
   2643.60846 13.442 13.515 13.568 13.590 13.687    0.026 0.022 0.020 0.021 0.022  A 33409
   2645.58665 13.074 13.104 13.115 13.150 13.188    0.033 0.023 0.021 0.021 0.023  A 33697
   2651.56054 13.673 13.706 13.753 13.923 14.072    0.033 0.026 0.023 0.024 0.027  A 34404
   2659.55281 29.999 29.999 29.999 29.999 29.999    0.035 0.033 0.022 0.023 0.025  C 35733
   2661.55186 29.999 29.999 29.999 29.999 29.999    0.036 0.026 0.019 0.021 0.025  C 36075
   2663.55302 13.598 13.668 13.711 13.725 13.784    0.032 0.029 0.023 0.024 0.024  A 36414
   2665.55731 13.573 13.589 13.667 13.721 13.820    0.028 0.031 0.019 0.021 0.023  A 36767
   2667.55883 29.999 29.999 29.999 29.999 29.999    0.034 0.043 0.023 0.024 0.025  C 37072
   2671.55426 13.795 13.775 13.810 13.793 13.839    0.026 0.021 0.019 0.021 0.023  A 37726
   2673.55098 14.017 14.159 14.345 14.546 14.628    0.024 0.021 0.020 0.021 0.023  A 38062
   2676.53980 13.672 13.671 13.693 13.801 14.011    0.028 0.023 0.020 0.022 0.024  A 38593
   2684.51580 29.999 29.999 29.999 29.999 29.999    0.030 0.033 0.034 0.041 0.045  C 39945
   2688.51354 29.999 29.999 29.999 29.999 29.999    0.029 0.030 0.031 0.034 0.038  C 40674
   2783.91727 29.999 29.999 29.999 29.999 29.999    0.029 0.027 0.025 0.028 0.033  C 56050
   2786.89975 13.805 13.771 13.797 13.826 13.784    0.026 0.026 0.021 0.024 0.024  A 56680
   2809.88625 13.801 13.854 13.736 13.580 13.484    0.025 0.029 0.024 0.028 0.030  A 59610
   2813.86291 13.564 13.545 13.512 13.493 13.369    0.033 0.026 0.023 0.024 0.026  A 60508
   2820.87530 29.999 29.999 29.999 29.999 29.999    0.026 0.029 0.024 0.026 0.028  C 61611
   2830.81328 29.999 29.999 29.999 29.999 29.999    0.029 0.030 0.025 0.028 0.031  C 62579
   2840.91748 13.475 13.496 13.452 13.411 13.432    0.026 0.029 0.023 0.028 0.030  A 64449
   2843.86071 13.792 13.755 13.695 13.682 13.719    0.026 0.026 0.021 0.024 0.024  A 65005
   2851.89231 13.474 13.435 13.409 13.397 13.398    0.021 0.023 0.017 0.020 0.021  A 65549
   2854.77270 13.650 13.729 13.734 13.816 13.983    0.023 0.026 0.020 0.023 0.022  A 65939
   2867.84578 13.398 13.375 13.521 13.735 13.632    0.026 0.028 0.022 0.025 0.028  A 67849
   2872.81785 13.830 13.894 13.932 14.010 14.067    0.024 0.029 0.022 0.022 0.023  A 68236
   2875.82644 13.443 13.438 13.477 13.467 13.450    0.029 0.024 0.020 0.019 0.021  A 68631
   2877.78905 13.011 13.025 13.009 12.996 13.015    0.023 0.028 0.022 0.023 0.023  A 69012
   2883.80114 13.839 13.909 14.007 14.066 13.964    0.021 0.026 0.019 0.020 0.021  A 69689
   2885.72699 13.510 13.534 13.576 13.626 13.660    0.024 0.029 0.022 0.021 0.019  A 70063
   2886.83121 29.999 29.999 29.999 29.999 29.999    0.030 0.031 0.025 0.026 0.028  C 70319
   2894.78755 29.999 29.999 29.999 29.999 29.999    0.026 0.027 0.021 0.023 0.026  C 71136
   2896.71455 13.711 13.765 13.823 13.898 13.953    0.028 0.034 0.031 0.034 0.032  A 71503
   2905.78537 13.859 13.934 14.047 14.132 14.157    0.021 0.024 0.017 0.020 0.021  A 73042
   2908.70894 13.631 13.710 13.747 13.761 13.719    0.026 0.023 0.018 0.020 0.020  A 73440
   2910.74801 13.485 13.506 13.554 13.671 13.737    0.025 0.031 0.023 0.025 0.025  A 73769
   2912.71102 12.955 12.964 13.030 13.056 13.057    0.038 0.026 0.022 0.024 0.027  A 74130
   2915.69079 29.999 29.999 29.999 29.999 29.999    0.044 0.021 0.019 0.021 0.024  C 74406
   2917.63292 13.753 13.973 14.167 14.118 14.117    0.024 0.025 0.019 0.021 0.023  A 74761
   2922.69795 29.999 29.999 29.999 29.999 29.999    0.031 0.040 0.032 0.033 0.036  C 75294
   2924.76339 29.999 29.999 29.999 29.999 29.999    0.028 0.024 0.023 0.027 0.031  C 75679
   2927.68413 29.999 29.999 29.999 29.999 29.999    0.023 0.025 0.018 0.020 0.021  C 76021
   2929.69006 13.703 13.723 13.786 13.906 13.989    0.038 0.024 0.020 0.022 0.025  A 76380
   2931.69704 13.705 13.773 13.848 13.979 13.997    0.032 0.020 0.017 0.020 0.023  A 76743
   2933.68608 29.999 29.999 29.999 29.999 29.999    0.020 0.027 0.019 0.021 0.022  C 77093
   2935.68088 13.367 13.418 13.446 13.523 13.599    0.034 0.021 0.017 0.019 0.021  A 77451
   2937.70137 13.110 13.158 13.137 13.059 13.048    0.031 0.027 0.022 0.023 0.026  A 77729
   2940.71408 13.630 13.703 13.775 13.846 13.811    0.026 0.029 0.023 0.026 0.029  A 78034
   2949.62098 12.718 12.632 12.681 12.731 12.815    0.063 0.057 0.060 0.064 0.068  D 79275
   2950.73726 29.999 29.999 29.999 29.999 29.999    0.028 0.027 0.029 0.034 0.039  C 79484
   2961.58929 12.920 12.939 12.961 12.964 12.969    0.029 0.021 0.018 0.021 0.023  A 80902
   2963.60091 29.999 29.999 29.999 29.999 29.999    0.029 0.026 0.020 0.023 0.026  C 81185
   2971.61440 13.490 13.407 13.408 13.368 13.481    0.072 0.064 0.067 0.065 0.068  D 82236
   2973.57811 12.863 12.978 12.980 12.929 12.903    0.034 0.023 0.020 0.024 0.027  A 82444
   2976.60408 29.999 29.999 29.999 29.999 29.999    0.035 0.023 0.020 0.024 0.026  C 82838
   2980.64929 29.999 29.999 29.999 29.999 29.999    0.028 0.026 0.025 0.030 0.036  C 83381
   2982.65796 29.999 29.999 29.999 29.999 29.999    0.036 0.034 0.038 0.049 0.057  C 83657
   2984.65761 13.655 13.723 13.786 13.946 14.576    0.028 0.024 0.022 0.026 0.030  A 83914
   2986.68490 13.330 13.294 13.254 13.184 13.145    0.025 0.025 0.023 0.027 0.031  A 84189
   2991.63825 29.999 29.999 29.999 29.999 29.999    0.051 0.066 0.068 0.070 0.073  D 84780
   3006.57228 13.892 13.922 13.975 14.095 14.162    0.026 0.024 0.024 0.028 0.032  A 86563
   3011.57918 12.985 13.100 13.182 13.159 13.197    0.033 0.033 0.037 0.044 0.048  A 87226
   3013.58946 13.772 14.023 14.202 14.426 14.729    0.028 0.029 0.028 0.032 0.037  A 87494
   3025.55013 29.999 29.999 29.999 29.999 29.999    0.027 0.027 0.024 0.026 0.030  C 88394
   3034.55144 29.999 29.999 29.999 29.999 29.999    0.059 0.054 0.057 0.064 0.070  C 89106
   3042.53146 29.999 29.999 29.999 29.999 29.999    0.060 0.066 0.070 0.077 0.081  D 89759
   3048.52233 12.641 12.599 12.485 12.414 12.361    0.054 0.055 0.065 0.081 0.103  D 90557
   3182.90301 13.141 13.067 13.066 13.086 13.153    0.035 0.033 0.036 0.043 0.050  A 107598
   3186.87831 29.999 29.999 29.999 29.999 29.999    0.038 0.037 0.035 0.040 0.045  C 108176
   3270.70441 29.999 29.999 29.999 29.999 29.999    0.034 0.034 0.027 0.028 0.032  C 115815
   3279.71670 13.217 13.173 13.120 13.063 13.047    0.049 0.035 0.027 0.030 0.034  A 116995
   3291.84658 13.488 13.564 13.711 13.863 13.856    0.040 0.034 0.027 0.028 0.033  A 118206
   3295.63453 13.860 13.883 13.899 13.964 14.101    0.039 0.032 0.022 0.020 0.022  A 118524
   3298.64901 13.684 13.572 13.544 13.556 13.556    0.057 0.031 0.025 0.028 0.030  A 118807
   3326.59315 13.294 13.236 13.228 13.237 13.243    0.077 0.037 0.030 0.031 0.033  B 121093
   3355.56445 14.030 14.002 13.983 14.042 14.153    0.072 0.042 0.043 0.045 0.047  A 124342
   3359.55486 13.622 13.662 13.623 13.547 13.461    0.047 0.030 0.026 0.028 0.032  A 124781
   3362.58213 13.359 13.355 13.382 13.392 13.517    0.092 0.044 0.036 0.038 0.041  B 124822
   3366.58440 13.429 13.398 13.380 13.339 13.330    0.052 0.035 0.032 0.038 0.043  A 125154
   3374.59071 13.585 13.656 13.710 13.802 14.023    0.058 0.040 0.040 0.047 0.054  A 125406
   3382.59540 13.716 13.734 13.784 13.815 13.784    0.043 0.028 0.027 0.032 0.038  A 125613
   3383.57445 13.868 13.958 13.981 14.094 14.548    0.070 0.068 0.075 0.081 0.088  D 125736
   3388.56687 13.303 13.257 13.161 13.097 13.035    0.037 0.028 0.026 0.029 0.034  A 126424
   3391.56440 13.228 13.233 13.297 13.339 13.382    0.061 0.036 0.031 0.036 0.040  A 126816
   3395.56642 13.678 13.755 13.713 13.579 13.603    0.044 0.032 0.031 0.036 0.044  A 127241
   3398.54392 13.687 13.708 13.794 13.949 14.084    0.042 0.028 0.027 0.029 0.034  A 127603
   3405.54318 13.407 13.364 13.531 13.855 14.505    0.044 0.040 0.049 0.065 0.074  B 128530
   3408.52691 13.701 13.773 13.837 13.675 13.712    0.037 0.025 0.026 0.031 0.037  A 128992
   3523.90831 13.299 13.339 13.412 13.498 13.434    0.040 0.036 0.040 0.045 0.052  A 145281
   3541.91833 14.143 14.097 14.012 13.861 13.778    0.068 0.034 0.033 0.036 0.041  A 147335
   3547.93474 13.459 13.440 13.356 13.221 13.047    0.064 0.042 0.041 0.047 0.056  A 148137
   3552.89714 13.895 13.912 14.015 14.078 14.170    0.038 0.030 0.029 0.032 0.037  A 148555
   3560.86567 13.331 13.305 13.233 13.078 12.976    0.040 0.034 0.034 0.038 0.043  A 149637
   3563.88127 13.583 13.638 13.686 13.683 13.700    0.036 0.027 0.024 0.027 0.030  A 150167
   3569.92317 13.836 13.855 13.819 13.791 13.794    0.040 0.033 0.025 0.026 0.030  A 150671
   3572.86727 13.386 13.463 13.508 13.536 13.534    0.031 0.031 0.025 0.028 0.033  A 151026
   3578.84606 13.737 13.729 13.777 13.912 14.075    0.037 0.026 0.023 0.026 0.030  A 152037
   3582.88659 14.000 14.051 13.946 13.840 13.882    0.063 0.034 0.029 0.034 0.039  A 152734
   3585.82421 13.135 13.136 13.138 13.134 13.149    0.081 0.037 0.030 0.031 0.033  B 153243
   3588.81854 13.926 13.903 13.955 13.944 13.912    0.070 0.034 0.029 0.031 0.034  A 153724
   3591.80773 13.645 13.741 13.753 13.692 13.745    0.077 0.035 0.028 0.030 0.032  B 154242
   3597.82074 13.117 13.179 13.205 13.231 13.223    0.056 0.033 0.028 0.030 0.033  A 155191
   3601.74756 13.906 13.860 13.852 13.842 13.810    0.060 0.032 0.027 0.032 0.036  A 155592
   3603.75771 13.862 13.863 13.860 13.861 13.830    0.057 0.035 0.029 0.033 0.038  A 155924
   3617.77110 13.722 13.749 13.792 13.791 13.923    0.038 0.034 0.029 0.033 0.038  A 157178
   3620.74079 13.204 13.270 13.320 13.354 13.306    0.103 0.053 0.048 0.046 0.037  D 157622
   3622.77749 13.138 13.077 13.087 13.109 13.126    0.046 0.033 0.027 0.029 0.032  A 157950
   3625.78933 13.943 13.914 13.874 13.871 13.952    0.031 0.028 0.023 0.024 0.026  A 158217
   3634.69627 13.109 13.096 13.062 13.009 13.093    0.072 0.039 0.035 0.040 0.044  A 159393
   3636.80855 13.082 13.089 13.077 13.067 13.018    0.034 0.034 0.031 0.039 0.045  A 159639
   3639.68380 13.840 13.893 13.890 13.857 13.804    0.064 0.039 0.035 0.036 0.038  A 159951
   3642.70455 13.579 13.615 13.602 13.576 13.584    0.031 0.030 0.022 0.022 0.024  A 160339
   3644.78373 13.646 13.826 13.875 13.795 13.686    0.077 0.048 0.043 0.047 0.052  B 160656
   3650.72464 13.842 13.867 13.884 13.975 14.064    0.053 0.032 0.024 0.026 0.028  A 161340
   3652.73066 13.637 13.709 13.735 13.755 13.808    0.076 0.044 0.039 0.042 0.046  B 161633
   3654.69452 13.757 13.769 13.794 13.852 13.970    0.041 0.027 0.025 0.029 0.033  A 161898
   3656.67602 13.248 13.351 13.452 13.507 13.482    0.075 0.039 0.034 0.037 0.040  B 162189
   3659.68092 13.415 13.522 13.606 13.633 13.640    0.038 0.028 0.028 0.035 0.042  A 162645
   3661.70819 13.613 13.649 13.735 13.782 13.841    0.055 0.037 0.033 0.038 0.044  A 162958
   3665.78853 13.767 13.745 13.764 13.743 13.612    0.050 0.031 0.028 0.031 0.035  A 163553
   3669.68874 13.441 13.403 13.395 13.392 13.454    0.030 0.026 0.021 0.022 0.025  A 163991
   3674.63114 13.927 13.839 13.831 13.901 14.181    0.064 0.035 0.027 0.027 0.030  A 164688
   3676.66218 13.837 13.759 13.778 13.833 13.795    0.070 0.038 0.034 0.036 0.038  A 164983
   3680.58370 13.118 13.119 13.120 13.120 13.094    0.034 0.023 0.021 0.023 0.025  A 165332
   3699.61063 13.821 13.821 13.917 14.117 14.566    0.065 0.041 0.040 0.046 0.054  A 167895
   3701.70326 13.678 13.764 13.842 13.888 13.992    0.084 0.048 0.046 0.054 0.059  B 168198
   3711.55284 13.701 13.789 13.819 13.794 13.881    0.065 0.036 0.029 0.030 0.033  A 169234
   3714.55224 13.634 13.644 13.806 14.112 14.163    0.091 0.043 0.036 0.037 0.038  B 169660
   3716.59713 13.636 13.573 13.598 13.685 13.782    0.032 0.026 0.024 0.029 0.034  A 169933
   3718.65991 13.491 13.444 13.416 13.420 13.352    0.046 0.034 0.038 0.048 0.057  B 170208
   3721.62268 13.536 13.574 13.641 13.757 14.132    0.057 0.031 0.029 0.034 0.040  A 170565
   3727.58481 13.568 13.728 13.886 13.991 14.064    0.057 0.037 0.038 0.042 0.045  A 171256
   3730.64254 13.890 13.817 13.847 13.915 13.995    0.080 0.043 0.038 0.040 0.046  B 171553
   3734.56977 13.726 13.782 13.863 13.855 13.924    0.051 0.040 0.041 0.047 0.055  A 172051
   3737.56368 13.920 13.972 14.049 14.082 14.179    0.031 0.024 0.022 0.025 0.029  A 172462
   3739.60728 13.693 13.851 14.007 14.218 14.512    0.038 0.029 0.024 0.027 0.029  A 172759
   3742.58864 13.253 13.206 13.115 12.992 13.034    0.041 0.029 0.026 0.028 0.033  A 173128
   3745.58912 13.536 13.460 13.428 13.419 13.442    0.053 0.031 0.029 0.033 0.037  A 173541
   3751.60781 13.680 13.867 14.077 14.202 14.095    0.039 0.032 0.035 0.043 0.052  A 174368
   3757.55780 13.476 13.453 13.420 13.445 13.593    0.042 0.029 0.025 0.028 0.032  A 175176
   3760.55223 13.880 13.848 13.928 14.061 14.211    0.036 0.033 0.032 0.034 0.038  A 175598
   3763.54851 14.053 14.194 14.256 14.319 14.491    0.056 0.037 0.038 0.042 0.048  A 175986
   3766.53691 13.356 13.311 13.246 13.147 13.032    0.041 0.032 0.032 0.037 0.042  A 176406
   3769.52864 13.465 13.450 13.476 13.500 13.618    0.053 0.029 0.029 0.034 0.040  A 176795
   3772.53741 13.754 13.655 13.647 13.682 13.665    0.032 0.026 0.025 0.029 0.034  A 177188
   3776.52641 13.578 13.723 13.746 13.662 13.498    0.044 0.031 0.032 0.040 0.047  A 177759
   3779.52357 13.287 13.187 13.158 13.072 13.077    0.050 0.036 0.038 0.046 0.056  A 178215
   3889.91788 13.395 13.394 13.332 13.276 13.254    0.037 0.032 0.027 0.029 0.033  A 193084
   3893.90418 13.865 13.859 13.901 13.934 13.943    0.035 0.028 0.024 0.025 0.029  A 193801
   3900.89851 13.458 13.531 13.696 13.867 13.684    0.054 0.032 0.032 0.038 0.045  A 194741
   3903.91588 12.938 12.911 12.909 12.904 12.888    0.036 0.027 0.026 0.029 0.033  A 195318
   3913.94053 13.683 13.715 13.836 13.915 13.984    0.056 0.030 0.026 0.029 0.034  A 197038
   4091.59708 13.745 13.762 13.759 13.817 14.013    0.047 0.030 0.028 0.030 0.033  A 209369
   4105.61102 29.999 29.999 29.999 29.999 29.999    0.066 0.039 0.041 0.047 0.053  C 210812
   4107.62679 13.702 13.693 13.759 13.856 13.884    0.063 0.037 0.029 0.033 0.037  A 211098
   4127.54261 13.796 13.943 14.263 14.715 14.965    0.066 0.040 0.039 0.044 0.046  A 211764
   4133.53972 13.244 13.305 13.334 13.259 13.142    0.061 0.038 0.036 0.039 0.044  A 212553
   4136.52872 13.859 13.840 13.855 13.791 13.824    0.042 0.032 0.032 0.035 0.038  A 212947
   4258.92987 13.264 13.308 13.377 13.520 13.634    0.041 0.033 0.027 0.030 0.036  A 227616
   4273.92282 13.875 13.768 13.804 13.828 13.678    0.054 0.049 0.049 0.053 0.055  B 228594
   4278.94042 14.050 14.363 15.307 99.999 99.999    0.032 0.030 0.027 0.030 0.035  C 229239
   4282.87102 13.038 13.122 13.189 13.279 13.225    0.046 0.038 0.040 0.049 0.057  B 229549
   4285.89253 13.903 14.052 14.251 14.470 14.875    0.041 0.034 0.030 0.034 0.039  A 230068
   4293.87275 13.408 13.435 13.405 13.390 13.421    0.046 0.043 0.045 0.057 0.065  B 231136
   4299.87437 13.864 13.859 13.862 13.833 13.767    0.037 0.035 0.036 0.041 0.043  A 232197
   4304.81033 13.580 13.624 13.681 13.691 13.775    0.041 0.040 0.037 0.038 0.040  A 233015
   4306.85105 13.204 13.157 13.113 13.095 13.105    0.051 0.057 0.057 0.059 0.062  D 233392
   4308.82931 13.508 13.481 13.467 13.489 13.324    0.049 0.047 0.050 0.059 0.069  B 233714
   4310.84967 13.915 13.884 13.809 13.678 13.528    0.034 0.033 0.027 0.031 0.035  A 233968
   4312.84786 13.999 14.176 14.410 14.535 14.455    0.060 0.055 0.061 0.071 0.081  D 234295
   4316.78664 13.311 13.341 13.374 13.404 13.525    0.042 0.043 0.048 0.059 0.065  B 234695
   4319.87127 13.188 13.102 13.072 13.092 13.093    0.040 0.041 0.041 0.046 0.050  A 235064
   4329.87062 13.618 13.627 13.621 13.617 13.718    0.043 0.044 0.042 0.047 0.051  A 235219
   4331.82508 13.149 13.162 13.169 13.105 13.080    0.037 0.032 0.024 0.025 0.027  A 235562
   4333.78714 14.015 13.907 13.938 14.014 14.051    0.040 0.044 0.046 0.056 0.064  B 235908
   4336.78865 13.854 13.804 13.767 13.728 13.706    0.039 0.041 0.037 0.040 0.041  A 236254
   4339.76264 13.613 13.641 13.810 14.022 14.074    0.035 0.034 0.027 0.030 0.034  A 236631
   4341.76638 13.372 13.399 13.533 13.647 13.982    0.035 0.037 0.031 0.035 0.038  A 236968
   4343.80007 13.357 13.242 13.180 13.136 13.012    0.057 0.060 0.063 0.070 0.078  D 237333
   4345.80346 13.450 13.464 13.512 13.589 13.638    0.080 0.074 0.078 0.082 0.087  D 237660
   4347.82391 13.784 13.744 13.744 13.667 13.571    0.074 0.067 0.068 0.074 0.078  D 238021
   4353.72850 13.191 13.205 13.188 13.183 13.164    0.044 0.033 0.026 0.028 0.030  A 238887
   4355.77389 13.109 13.117 13.168 13.223 13.232    0.034 0.032 0.026 0.028 0.032  A 239219
   4358.71833 13.738 13.786 13.784 13.817 13.842    0.037 0.036 0.030 0.031 0.033  A 239656
   4361.71211 13.975 13.996 14.055 14.135 14.206    0.040 0.043 0.040 0.045 0.047  A 240049
   4363.72927 13.538 13.577 13.628 13.711 13.811    0.032 0.032 0.024 0.026 0.029  A 240369
   4365.73122 13.324 13.296 13.314 13.289 13.326    0.040 0.032 0.025 0.028 0.031  A 240681
   4367.82512 13.390 13.451 13.564 13.826 14.151    0.047 0.038 0.034 0.038 0.046  A 240907
   4369.80582 13.169 13.169 13.179 13.193 13.272    0.050 0.046 0.041 0.042 0.048  A 241198
   4371.82915 13.432 13.374 13.323 13.257 13.237    0.037 0.033 0.030 0.036 0.042  A 241537
   4377.65779 13.191 13.248 13.243 13.267 13.269    0.063 0.040 0.035 0.036 0.039  A 242267
   4379.71089 12.948 12.993 12.987 12.997 13.027    0.034 0.031 0.024 0.027 0.030  A 242597
   4381.73685 13.413 13.470 13.561 13.644 13.747    0.061 0.049 0.044 0.040 0.048  A 242906
   4384.63324 13.781 13.813 13.818 13.838 13.845    0.043 0.038 0.031 0.032 0.035  A 243327
   4386.68052 13.773 13.730 13.742 13.714 13.715    0.031 0.030 0.024 0.026 0.028  A 243665
   4388.67540 13.408 13.431 13.303 13.262 13.259    0.035 0.032 0.026 0.027 0.028  A 243976
   4392.64463 13.754 13.776 13.842 13.929 13.948    0.043 0.032 0.027 0.029 0.031  A 244518
   4399.70301 13.714 13.784 13.705 13.569 13.501    0.049 0.037 0.035 0.043 0.051  A 244854
   4402.71011 13.391 13.475 13.654 13.988 14.289    0.054 0.040 0.033 0.037 0.040  A 245138
   4406.65426 14.122 13.961 13.897 13.854 13.754    0.065 0.046 0.037 0.039 0.041  A 245437
   4408.68164 13.850 13.884 13.916 13.993 14.124    0.061 0.036 0.031 0.034 0.038  A 245744
   4411.65073 13.687 13.741 13.768 13.810 13.785    0.125 0.051 0.040 0.040 0.042  D 246100
   4422.65369 13.869 13.818 13.829 13.810 13.804    0.047 0.031 0.024 0.027 0.030  A 246660
   4426.63949 13.366 13.328 13.289 13.230 13.438    0.057 0.038 0.039 0.046 0.055  A 246948
   4428.69590 12.942 12.918 12.844 12.775 12.675    0.069 0.049 0.050 0.061 0.072  B 247188
   4433.66986 13.729 13.679 13.602 13.635 13.643    0.060 0.040 0.037 0.043 0.049  A 247804
   4436.60513 13.819 13.877 13.927 14.012 14.066    0.072 0.042 0.033 0.035 0.037  A 248145
   4438.67333 13.670 13.742 13.862 14.017 14.008    0.040 0.035 0.034 0.039 0.044  A 248417
   4441.60400 13.339 13.389 13.428 13.440 13.490    0.100 0.050 0.040 0.040 0.041  D 248769
   4444.60970 13.857 13.911 13.967 14.037 14.110    0.044 0.037 0.032 0.033 0.036  A 249076
   4454.61604 13.680 13.752 13.837 13.900 14.077    0.040 0.035 0.034 0.039 0.046  A 250231
   4456.66980 29.999 29.999 29.999 29.999 29.999    0.060 0.053 0.059 0.076 0.087  D 250461
   4459.60540 13.577 13.650 13.705 13.789 13.981    0.068 0.042 0.038 0.043 0.049  A 250798
   4462.59576 13.563 13.672 13.755 13.936 14.197    0.048 0.035 0.029 0.033 0.038  A 251162
   4465.58245 13.098 13.097 13.117 13.159 13.156    0.043 0.034 0.031 0.035 0.040  A 251508
   4468.58562 14.082 14.020 14.001 14.095 14.045    0.042 0.035 0.035 0.041 0.046  A 251847
   4473.59163 13.664 13.670 13.566 13.501 13.473    0.034 0.031 0.027 0.030 0.033  A 252348
   4476.58665 13.143 13.115 13.212 13.320 13.350    0.039 0.032 0.030 0.032 0.036  A 252626
   4479.56426 13.805 13.838 13.883 14.036 14.286    0.045 0.031 0.026 0.029 0.033  A 252991
   4485.58692 13.560 13.515 13.377 13.288 13.258    0.060 0.040 0.038 0.044 0.052  A 253575
   4488.56178 13.621 13.659 13.725 13.848 14.096    0.062 0.040 0.035 0.039 0.044  A 253916
   4494.54707 13.957 14.036 14.109 14.248 14.568    0.082 0.045 0.034 0.037 0.037  B 254617
   4498.54757 13.519 13.480 13.430 13.373 13.322    0.049 0.040 0.036 0.038 0.041  A 254875
   4501.54145 13.053 13.074 13.175 13.292 13.420    0.046 0.040 0.042 0.050 0.061  B 255254
