#ndata= 2
#dataset= 1 ; 1 F0100-64_037
#desig= 005606-5810.1
#cra=    0.935064  00:56:06.2
#cdec= -58.167720 -58:10:03.8
#class= 0
#cmag_0= 11.307
#cmer_0=  0.017
#nskip_0= 0
#cmag_1= 11.293
#cmer_1=  0.024
#nskip_1= 0
#cmag_2= 11.283
#cmer_2=  0.023
#nskip_2= 0
#cmag_3= 11.263
#cmer_3=  0.018
#nskip_3= 0
#cmag_4= 11.247
#cmer_4=  0.005
#nskip_4= 0
#ra=    0.935064  00:56:06.2
#dec= -58.167720 -58:10:03.8
#     HJD      MAG_1  MAG_0  MAG_2  MAG_3  MAG_4    MER_1 MER_0 MER_2 MER_3 MER_4 GRADE FRAME
   2140.79226 11.310 11.321 11.302 11.276 11.251    0.035 0.062 0.034 0.038 0.046  A 30250
   3382.57741 11.276 11.294 11.267 11.251 11.243    0.030 0.037 0.029 0.032 0.037  A 125607
#ndata= 1
#dataset= 2 ; 1 F0000-56_060
#desig= 005606-5810.1
#cra=    0.935097  00:56:06.3
#cdec= -58.168389 -58:10:06.2
#class= 0
#cmag_0= 11.443
#cmer_0=  0.000
#nskip_0= 0
#cmag_1= 11.458
#cmer_1=  0.000
#nskip_1= 0
#cmag_2= 11.474
#cmer_2=  0.000
#nskip_2= 0
#cmag_3= 11.479
#cmer_3=  0.000
#nskip_3= 0
#cmag_4= 11.477
#cmer_4=  0.000
#nskip_4= 0
#ra=    0.935097  00:56:06.3
#dec= -58.168389 -58:10:06.2
#     HJD      MAG_1  MAG_0  MAG_2  MAG_3  MAG_4    MER_1 MER_0 MER_2 MER_3 MER_4 GRADE FRAME
   2500.73530 11.458 11.443 11.474 11.480 11.478    0.038 0.040 0.030 0.033 0.029  A 15903
#ndata= 486
#dataset= 3 ; 1 F0048-56_061
#desig= 005605-5810.1
#cra=    0.934615  00:56:04.6
#cdec= -58.167624 -58:10:03.4
#class= 0
#cmag_0= 11.365
#cmer_0=  0.134
#nskip_0= 1
#cmag_1= 11.405
#cmer_1=  0.122
#nskip_1= 3
#cmag_2= 11.366
#cmer_2=  0.133
#nskip_2= 1
#cmag_3= 11.364
#cmer_3=  0.125
#nskip_3= 1
#cmag_4= 11.351
#cmer_4=  0.120
#nskip_4= 1
#ra=    0.934615  00:56:04.6
#dec= -58.167624 -58:10:03.4
#     HJD      MAG_1  MAG_0  MAG_2  MAG_3  MAG_4    MER_1 MER_0 MER_2 MER_3 MER_4 GRADE FRAME
   2103.76025 12.030 12.219 11.875 11.791 11.782    0.030 0.060 0.026 0.027 0.029  A 25864
   2164.69839 11.337 11.270 11.311 11.308 11.293    0.033 0.043 0.027 0.028 0.031  A 31934
   2258.56382 11.184 11.191 11.188 11.239 11.217    0.051 0.061 0.043 0.049 0.048  B 44079
   2470.80359 11.449 11.455 11.446 11.442 11.437    0.033 0.032 0.026 0.030 0.028  A 12068
   2487.80074 11.417 11.409 11.425 11.432 11.414    0.055 0.061 0.048 0.051 0.052  B 13550
   2493.78788 11.484 11.497 11.480 11.504 11.485    0.045 0.047 0.039 0.044 0.038  A 14539
   2502.76901 11.497 11.497 11.462 11.465 11.456    0.039 0.042 0.032 0.038 0.031  A 16278
   2510.69761 29.999 29.999 29.999 29.999 29.999    0.065 0.063 0.064 0.078 0.092  D 17001
   2554.61825 29.999 29.999 29.999 29.999 29.999    0.046 0.054 0.040 0.043 0.045  C 21500
   2556.67831 29.999 29.999 29.999 29.999 29.999    0.039 0.040 0.036 0.042 0.034  C 21708
   3386.54315 11.205 11.215 11.199 11.196 11.194    0.029 0.042 0.029 0.034 0.040  A 126138
   3588.80056 11.392 11.353 11.367 11.345 11.328    0.024 0.036 0.022 0.025 0.028  A 153718
   3680.57035 11.396 11.394 11.369 11.344 11.325    0.027 0.038 0.023 0.025 0.028  A 165329
   3865.90956 11.505 11.471 11.489 11.464 11.431    0.029 0.035 0.028 0.032 0.034  A 189796
   3883.92102 11.359 11.335 11.337 11.338 11.334    0.030 0.050 0.025 0.028 0.031  A 192358
   4092.59605 11.631 11.623 11.624 11.588 11.562    0.029 0.050 0.025 0.028 0.032  A 209501
   4361.69612 11.203 11.216 11.211 11.213 11.212    0.058 0.068 0.048 0.038 0.038  B 240045
   4479.59175 11.185 11.169 11.178 11.163 11.161    0.060 0.064 0.055 0.045 0.054  D 253001
#dataset= 3 ; 2 F0048-56_061
#desig= 005607-5810.0
#cra=    0.935226  00:56:06.8
#cdec= -58.167148 -58:10:01.7
#class= 0
#cmag_0= 11.330
#cmer_0=  0.138
#nskip_0= 2
#cmag_1= 11.331
#cmer_1=  0.133
#nskip_1= 2
#cmag_2= 11.322
#cmer_2=  0.128
#nskip_2= 3
#cmag_3= 11.308
#cmer_3=  0.128
#nskip_3= 3
#cmag_4= 11.296
#cmer_4=  0.129
#nskip_4= 3
#ra=    0.935226  00:56:06.8
#dec= -58.167148 -58:10:01.7
#     HJD      MAG_1  MAG_0  MAG_2  MAG_3  MAG_4    MER_1 MER_0 MER_2 MER_3 MER_4 GRADE FRAME
   1868.56058 11.388 11.347 11.395 11.386 11.364    0.022 0.049 0.020 0.023 0.024  A 48
   1869.55630 11.442 11.450 11.418 11.383 11.358    0.021 0.038 0.018 0.021 0.023  A 208
   1871.55570 11.431 11.420 11.429 11.413 11.382    0.028 0.072 0.024 0.026 0.029  A 492
   1873.55236 11.466 11.421 11.463 11.445 11.429    0.030 0.067 0.026 0.029 0.031  A 806
   1875.54228 11.513 11.538 11.494 11.471 11.441    0.033 0.068 0.030 0.026 0.028  A 1124
   1877.54317 11.504 11.548 11.505 11.493 11.457    0.026 0.053 0.023 0.026 0.028  A 1446
   1879.53273 11.504 11.499 11.503 11.481 11.469    0.021 0.037 0.018 0.020 0.022  A 1755
   1881.54255 11.533 11.527 11.523 11.509 11.489    0.023 0.043 0.019 0.022 0.024  A 2072
   1885.52838 11.491 11.433 11.495 11.498 11.491    0.026 0.043 0.023 0.025 0.028  A 2377
   1887.55573 11.456 11.450 11.477 11.469 11.446    0.022 0.041 0.021 0.024 0.027  A 2708
   1889.56754 11.481 11.472 11.480 11.465 11.452    0.027 0.044 0.024 0.027 0.032  A 3033
   1900.57279 11.378 11.408 11.376 11.360 11.346    0.030 0.048 0.023 0.025 0.030  A 3325
   1903.58730 11.407 11.407 11.403 11.392 11.384    0.024 0.043 0.020 0.021 0.024  A 3647
   1905.59521 11.397 11.418 11.384 11.372 11.362    0.021 0.038 0.017 0.019 0.022  A 3972
   1914.57511 11.321 11.286 11.320 11.306 11.290    0.022 0.034 0.019 0.022 0.024  A 4743
   1919.58006 11.305 11.253 11.289 11.285 11.278    0.028 0.036 0.025 0.028 0.033  A 5279
   1922.54717 11.271 11.274 11.273 11.261 11.248    0.025 0.028 0.020 0.021 0.025  A 5736
   1925.54927 11.257 11.192 11.253 11.235 11.208    0.042 0.052 0.041 0.045 0.048  B 6241
   1929.54030 11.361 11.377 11.344 11.328 11.325    0.024 0.039 0.021 0.024 0.027  A 6885
   1933.52581 11.348 11.366 11.344 11.330 11.314    0.030 0.033 0.023 0.026 0.028  A 7544
   2033.91922 11.304 11.304 11.269 11.258 11.243    0.025 0.035 0.022 0.024 0.026  A 18571
   2052.92994 11.356 11.390 11.336 11.309 11.283    0.031 0.059 0.027 0.029 0.032  A 19945
   2054.89365 11.369 11.407 11.362 11.352 11.343    0.032 0.077 0.030 0.032 0.034  A 20360
   2056.88125 11.384 11.401 11.365 11.329 11.312    0.030 0.065 0.026 0.028 0.030  A 20804
   2058.90163 11.429 11.417 11.433 11.418 11.389    0.026 0.048 0.025 0.029 0.032  A 21255
   2064.93962 11.485 11.562 11.458 11.427 11.408    0.029 0.067 0.025 0.026 0.029  A 21678
   2067.87361 11.454 11.420 11.431 11.382 11.334    0.031 0.067 0.026 0.029 0.030  A 21952
   2068.84195 11.529 11.438 11.545 11.528 11.501    0.044 0.073 0.046 0.054 0.061  B 22164
   2069.83966 11.502 11.466 11.489 11.481 11.478    0.030 0.068 0.027 0.030 0.035  A 22386
   2080.83527 11.458 11.510 11.446 11.438 11.403    0.025 0.059 0.022 0.025 0.028  A 22984
   2082.89118 11.466 11.524 11.454 11.440 11.410    0.032 0.063 0.026 0.029 0.032  A 23474
   2087.84500 11.439 11.419 11.435 11.413 11.394    0.029 0.061 0.026 0.030 0.034  A 24353
   2088.85935 11.437 11.541 11.412 11.405 11.390    0.028 0.065 0.025 0.027 0.030  A 24588
   2093.88986 11.350 11.368 11.329 11.299 11.286    0.034 0.070 0.028 0.030 0.033  A 24884
   2094.81705 11.350 11.350 11.322 11.304 11.278    0.034 0.072 0.030 0.033 0.035  A 25077
   2095.79959 11.309 11.317 11.295 11.275 11.236    0.036 0.072 0.033 0.039 0.043  A 25296
   2103.76025 12.107 12.379 11.936 11.868 11.841    0.030 0.060 0.026 0.027 0.029  A 25864
   2104.84394 11.272 11.255 11.279 11.281 11.281    0.029 0.058 0.025 0.026 0.028  A 26097
   2105.82846 11.312 11.340 11.315 11.303 11.288    0.033 0.065 0.027 0.029 0.032  A 26313
   2106.85015 11.322 11.393 11.305 11.296 11.280    0.030 0.059 0.026 0.028 0.030  A 26525
   2113.86492 11.348 11.374 11.338 11.337 11.327    0.027 0.045 0.022 0.024 0.027  A 26647
   2115.76502 11.287 11.285 11.283 11.271 11.263    0.039 0.056 0.024 0.026 0.027  A 26920
   2116.79620 11.315 11.286 11.312 11.289 11.285    0.028 0.046 0.023 0.024 0.027  A 27156
   2117.79715 11.319 11.364 11.308 11.301 11.278    0.031 0.054 0.025 0.026 0.030  A 27375
   2128.71281 11.330 11.341 11.319 11.297 11.266    0.029 0.058 0.026 0.028 0.030  A 27972
   2129.73677 11.329 11.375 11.319 11.301 11.270    0.029 0.061 0.024 0.025 0.028  A 28197
   2130.74978 11.285 11.280 11.283 11.275 11.258    0.028 0.060 0.024 0.027 0.029  A 28419
   2131.76011 11.304 11.303 11.297 11.284 11.268    0.029 0.062 0.024 0.026 0.028  A 28623
   2132.77159 11.332 11.337 11.317 11.285 11.279    0.028 0.064 0.024 0.026 0.029  A 28840
   2133.77147 11.335 11.354 11.338 11.333 11.319    0.029 0.050 0.026 0.026 0.029  A 29056
   2134.76486 11.329 11.264 11.323 11.301 11.277    0.034 0.054 0.028 0.028 0.029  A 29267
   2135.76786 11.393 11.452 11.357 11.322 11.342    0.050 0.070 0.051 0.060 0.069  B 29483
   2136.76135 11.258 11.249 11.245 11.224 11.197    0.042 0.064 0.038 0.040 0.043  A 29694
   2141.74902 11.344 11.304 11.327 11.323 11.299    0.027 0.058 0.025 0.028 0.029  A 30443
   2143.74250 11.323 11.334 11.300 11.254 11.228    0.035 0.062 0.029 0.030 0.032  A 30845
   2144.74492 11.309 11.348 11.283 11.256 11.236    0.031 0.066 0.026 0.028 0.030  A 31051
   2156.67992 11.207 11.223 11.202 11.183 11.158    0.035 0.053 0.028 0.030 0.033  A 31667
   2168.69416 11.364 11.370 11.374 11.364 11.327    0.031 0.058 0.025 0.026 0.037  A 32290
   2169.71030 11.259 11.299 11.254 11.247 11.237    0.031 0.041 0.024 0.026 0.028  A 32450
   2170.74262 11.449 11.447 11.433 11.419 11.404    0.037 0.056 0.032 0.035 0.039  A 32507
   2171.68357 11.420 11.393 11.426 11.419 11.403    0.036 0.052 0.030 0.032 0.036  A 32622
   2172.70701 11.411 11.413 11.414 11.394 11.369    0.034 0.049 0.027 0.028 0.031  A 32820
   2173.68081 11.416 11.426 11.425 11.422 11.406    0.034 0.047 0.027 0.029 0.032  A 32997
   2174.67181 11.431 11.431 11.406 11.374 11.345    0.033 0.046 0.027 0.029 0.033  A 33168
   2177.65054 11.429 11.419 11.433 11.445 11.435    0.034 0.046 0.027 0.029 0.032  A 33432
   2178.65082 11.469 11.445 11.475 11.499 11.504    0.035 0.046 0.029 0.030 0.033  A 33607
   2183.60588 11.451 11.437 11.416 11.413 11.400    0.039 0.047 0.031 0.031 0.033  A 33874
   2184.63735 11.347 11.377 11.351 11.337 11.328    0.038 0.048 0.029 0.031 0.034  A 34080
   2185.64355 11.380 11.366 11.399 11.387 11.385    0.035 0.044 0.028 0.030 0.034  A 34269
   2186.67862 11.405 11.355 11.398 11.409 11.393    0.038 0.035 0.029 0.031 0.032  A 34399
   2190.64430 11.323 11.264 11.312 11.297 11.265    0.037 0.036 0.029 0.030 0.027  A 34942
   2191.65917 11.227 11.225 11.234 11.227 11.215    0.042 0.052 0.035 0.036 0.038  A 35124
   2192.64473 11.222 11.216 11.218 11.207 11.194    0.033 0.046 0.025 0.027 0.028  A 35292
   2193.64359 11.246 11.211 11.240 11.238 11.226    0.034 0.043 0.026 0.028 0.029  A 35474
   2194.64153 11.209 11.174 11.186 11.173 11.163    0.036 0.046 0.026 0.027 0.028  A 35652
   2195.64135 11.178 11.177 11.185 11.179 11.174    0.033 0.043 0.025 0.027 0.028  A 35829
   2196.64043 11.187 11.169 11.173 11.159 11.151    0.037 0.047 0.028 0.028 0.030  A 35961
   2197.63786 11.152 11.134 11.157 11.162 11.153    0.034 0.044 0.026 0.027 0.029  A 36144
   2198.63444 11.155 11.118 11.129 11.123 11.114    0.034 0.046 0.026 0.027 0.029  A 36314
   2199.63281 11.143 11.118 11.142 11.145 11.133    0.037 0.044 0.027 0.029 0.029  A 36493
   2201.62157 11.161 11.151 11.187 11.180 11.173    0.035 0.040 0.026 0.028 0.028  A 36737
   2202.62910 11.193 11.193 11.181 11.180 11.176    0.054 0.062 0.049 0.053 0.057  B 36908
   2203.61858 11.146 11.131 11.153 11.151 11.147    0.036 0.045 0.028 0.029 0.031  A 37077
   2204.61204 11.184 11.187 11.203 11.189 11.193    0.035 0.042 0.027 0.028 0.029  A 37201
   2206.61312 11.175 11.171 11.199 11.207 11.204    0.036 0.042 0.028 0.030 0.031  A 37477
   2207.60743 11.229 11.179 11.208 11.195 11.179    0.039 0.046 0.031 0.032 0.034  A 37647
   2211.56730 11.250 11.235 11.221 11.186 11.195    0.043 0.046 0.035 0.037 0.034  A 37822
   2213.57382 11.274 11.242 11.269 11.253 11.219    0.039 0.042 0.030 0.032 0.033  A 38061
   2214.60438 11.278 11.226 11.279 11.290 11.301    0.040 0.048 0.031 0.034 0.035  A 38222
   2215.60439 11.215 11.220 11.214 11.231 11.224    0.040 0.045 0.032 0.036 0.034  A 38389
   2216.60449 11.305 11.281 11.349 11.389 11.353    0.039 0.045 0.029 0.034 0.033  A 38559
   2217.60414 11.336 11.333 11.330 11.327 11.285    0.039 0.044 0.029 0.033 0.031  A 38726
   2219.57507 11.333 11.332 11.322 11.329 11.317    0.039 0.044 0.031 0.037 0.035  A 38887
   2221.58727 11.428 11.325 11.472 11.454 11.424    0.042 0.049 0.031 0.034 0.031  A 39009
   2222.58973 11.324 11.311 11.326 11.306 11.315    0.035 0.041 0.027 0.033 0.031  A 39165
   2224.58024 11.345 11.349 11.327 11.345 11.343    0.041 0.047 0.034 0.038 0.035  A 39322
   2225.58473 11.281 11.283 11.309 11.312 11.316    0.042 0.052 0.031 0.033 0.034  A 39487
   2226.58539 11.302 11.279 11.292 11.278 11.285    0.039 0.044 0.031 0.037 0.033  A 39642
   2227.58376 11.230 11.230 11.256 11.255 11.267    0.037 0.043 0.029 0.034 0.031  A 39794
   2229.57829 11.282 11.271 11.290 11.280 11.283    0.040 0.047 0.031 0.034 0.032  A 40117
   2230.57611 11.283 11.258 11.272 11.274 11.280    0.039 0.045 0.030 0.036 0.033  A 40281
   2232.56649 11.179 11.161 11.192 11.200 11.200    0.038 0.043 0.030 0.034 0.032  A 40444
   2233.56717 11.241 11.179 11.270 11.272 11.261    0.041 0.049 0.032 0.035 0.032  A 40605
   2234.55649 11.186 11.162 11.191 11.179 11.195    0.042 0.047 0.033 0.038 0.037  A 40755
   2235.55616 11.218 11.238 11.219 11.213 11.207    0.038 0.047 0.029 0.033 0.031  A 40910
   2236.55045 11.205 11.176 11.195 11.169 11.201    0.043 0.048 0.034 0.040 0.035  A 41070
   2237.57157 11.171 11.173 11.188 11.177 11.206    0.042 0.047 0.033 0.038 0.036  A 41236
   2240.53230 11.160 11.163 11.168 11.181 11.178    0.042 0.049 0.035 0.038 0.032  A 41536
   2242.53980 11.120 11.107 11.143 11.138 11.163    0.044 0.051 0.036 0.040 0.038  A 41858
   2244.59007 11.113 11.070 11.131 11.091 11.113    0.051 0.062 0.042 0.050 0.047  B 42159
   2248.52676 11.138 11.106 11.156 11.133 11.138    0.044 0.053 0.036 0.044 0.043  A 42450
   2252.56810 11.140 11.154 11.151 11.155 11.139    0.044 0.056 0.037 0.044 0.043  A 43149
   2254.56186 11.099 11.053 11.108 11.080 11.089    0.046 0.055 0.036 0.045 0.043  B 43438
   2256.56070 11.136 11.101 11.142 11.131 11.153    0.049 0.056 0.041 0.045 0.043  B 43754
   2444.83877 11.327 11.348 11.320 11.305 11.312    0.027 0.024 0.020 0.021 0.020  A 8966
   2446.83396 11.340 11.330 11.336 11.334 11.325    0.031 0.030 0.023 0.024 0.024  A 9341
   2452.81748 11.338 11.300 11.328 11.341 11.324    0.035 0.035 0.028 0.030 0.031  A 9527
   2453.77494 11.357 11.351 11.356 11.359 11.351    0.032 0.032 0.026 0.029 0.029  A 9692
   2465.85301 11.330 11.340 11.339 11.345 11.376    0.040 0.040 0.035 0.038 0.034  A 11153
   2467.83881 11.409 11.410 11.406 11.401 11.379    0.028 0.024 0.021 0.024 0.022  A 11584
   2468.90224 11.444 11.433 11.430 11.408 11.401    0.032 0.030 0.026 0.029 0.028  A 11828
   2471.91016 11.489 11.519 11.464 11.458 11.438    0.034 0.031 0.027 0.032 0.026  A 12593
   2473.86000 11.490 11.461 11.483 11.472 11.464    0.039 0.039 0.034 0.042 0.037  A 12780
   2481.82003 11.436 11.373 11.480 11.508 11.494    0.049 0.054 0.044 0.051 0.050  B 13028
   2482.71707 11.403 11.450 11.402 11.393 11.401    0.039 0.044 0.034 0.040 0.036  A 13190
   2486.78673 11.420 11.424 11.413 11.405 11.398    0.042 0.047 0.037 0.042 0.044  A 13388
   2489.76067 11.488 11.476 11.504 11.489 11.494    0.040 0.039 0.035 0.040 0.041  A 13901
   2490.78551 11.482 11.495 11.465 11.468 11.467    0.039 0.039 0.033 0.040 0.037  A 14130
   2495.72557 11.513 11.509 11.490 11.488 11.495    0.037 0.038 0.032 0.039 0.034  A 14839
   2498.76241 11.455 11.486 11.462 11.457 11.456    0.034 0.031 0.026 0.030 0.024  A 15491
   2499.76139 11.494 11.490 11.504 11.514 11.504    0.034 0.031 0.026 0.030 0.025  A 15700
   2500.73530 11.465 11.444 11.468 11.459 11.456    0.036 0.033 0.028 0.030 0.026  A 15903
   2501.76221 11.480 11.512 11.463 11.433 11.458    0.033 0.032 0.027 0.030 0.023  A 16063
   2502.76901 11.465 11.420 11.458 11.443 11.419    0.039 0.042 0.032 0.038 0.031  A 16278
   2503.76016 11.411 11.544 11.378 11.363 11.347    0.065 0.071 0.059 0.063 0.060  D 16478
   2520.77907 11.429 11.449 11.425 11.400 11.395    0.047 0.054 0.037 0.039 0.029  A 18260
   2521.80402 11.454 11.492 11.436 11.411 11.397    0.038 0.041 0.032 0.032 0.032  A 18467
   2526.79362 11.428 11.423 11.409 11.394 11.381    0.048 0.050 0.036 0.030 0.026  A 18909
   2529.68956 11.434 11.453 11.424 11.395 11.383    0.041 0.050 0.031 0.034 0.030  A 19099
   2539.64844 11.317 11.314 11.309 11.280 11.264    0.049 0.059 0.044 0.049 0.046  B 19525
   2540.72424 11.313 11.330 11.331 11.325 11.313    0.023 0.027 0.018 0.020 0.023  A 19747
   2544.71887 11.305 11.330 11.289 11.282 11.271    0.029 0.023 0.021 0.020 0.021  A 20017
   2545.75728 11.330 11.351 11.325 11.307 11.282    0.020 0.026 0.017 0.018 0.020  A 20223
   2552.78188 11.367 11.381 11.357 11.347 11.342    0.025 0.038 0.022 0.021 0.022  A 21206
   2558.70356 11.378 11.378 11.387 11.382 11.375    0.027 0.043 0.021 0.021 0.021  A 22075
   2559.67391 11.443 11.419 11.440 11.434 11.420    0.027 0.029 0.018 0.018 0.019  A 22243
   2560.67245 11.399 11.446 11.405 11.393 11.386    0.034 0.033 0.030 0.027 0.027  A 22421
   2562.65541 11.433 11.437 11.433 11.433 11.434    0.032 0.023 0.024 0.025 0.026  A 22742
   2563.66719 11.454 11.465 11.444 11.433 11.413    0.031 0.042 0.026 0.026 0.027  A 22926
   2564.66639 11.489 11.472 11.473 11.453 11.435    0.028 0.033 0.023 0.024 0.026  A 23105
   2565.68916 11.410 11.423 11.390 11.366 11.368    0.027 0.024 0.022 0.022 0.023  A 23293
   2566.70171 11.513 11.500 11.485 11.456 11.428    0.034 0.031 0.026 0.027 0.026  A 23477
   2578.66382 11.475 11.428 11.439 11.420 11.396    0.031 0.028 0.022 0.022 0.021  A 24957
   2621.60707 11.339 11.387 11.328 11.314 11.306    0.022 0.024 0.020 0.022 0.024  A 29787
   2622.67405 11.296 11.332 11.288 11.285 11.274    0.023 0.035 0.022 0.024 0.027  A 29983
   2624.69861 11.319 11.276 11.317 11.284 99.999    0.025 0.044 0.025 0.028 0.032  C 30278
   2628.54489 11.228 11.226 11.220 11.213 11.206    0.026 0.029 0.024 0.027 0.029  A 30682
   2635.62121 11.259 11.271 11.245 11.220 11.206    0.021 0.027 0.018 0.019 0.021  A 32221
   2637.63178 11.254 11.302 11.297 11.313 11.300    0.019 0.021 0.019 0.021 0.024  A 32517
   2639.62952 11.330 11.352 11.323 11.305 11.294    0.026 0.037 0.022 0.022 0.024  A 32824
   2641.63214 11.369 11.376 11.351 11.330 11.313    0.021 0.030 0.020 0.022 0.024  A 33108
   2643.64144 11.369 11.430 11.357 11.330 11.325    0.021 0.033 0.019 0.021 0.024  A 33423
   2645.60933 11.385 11.428 11.358 11.337 11.318    0.023 0.034 0.019 0.020 0.022  A 33707
   2647.59553 11.409 11.357 11.397 11.372 11.369    0.028 0.033 0.027 0.029 0.033  A 33999
   2650.57797 11.385 11.385 11.376 11.357 11.333    0.024 0.027 0.021 0.021 0.023  A 34256
   2652.58868 11.452 11.422 11.437 11.405 11.385    0.029 0.040 0.027 0.029 0.033  A 34566
   2654.59666 11.460 11.473 11.442 11.411 11.385    0.030 0.039 0.023 0.024 0.027  A 34879
   2658.56128 11.469 11.496 11.468 11.456 11.465    0.025 0.036 0.022 0.025 0.028  A 35568
   2660.56615 11.421 11.393 11.410 11.399 11.382    0.036 0.054 0.026 0.026 0.027  A 35910
   2664.56161 11.429 11.462 11.455 11.445 11.429    0.037 0.036 0.026 0.025 0.026  A 36593
   2666.55901 11.445 11.413 11.433 11.400 11.370    0.029 0.038 0.023 0.023 0.026  A 36919
   2668.56475 11.368 11.424 11.388 11.384 11.370    0.034 0.028 0.023 0.022 0.024  A 37244
   2670.56018 11.411 11.460 11.400 11.390 11.364    0.020 0.026 0.019 0.020 0.022  A 37558
   2672.56319 11.397 11.378 11.390 11.368 11.342    0.022 0.027 0.020 0.021 0.022  A 37894
   2674.55330 11.353 11.346 11.347 11.329 11.318    0.022 0.023 0.019 0.021 0.023  A 38233
   2676.54681 11.342 11.337 11.317 11.307 11.297    0.023 0.027 0.020 0.021 0.024  A 38596
   2678.54372 11.319 11.318 11.299 11.270 11.262    0.022 0.026 0.021 0.023 0.027  A 38937
   2680.55110 11.314 11.362 11.313 11.298 11.287    0.026 0.034 0.024 0.027 0.030  A 39270
   2683.53872 11.266 11.305 11.259 11.253 11.238    0.026 0.030 0.024 0.027 0.031  A 39774
   2686.52762 11.255 11.275 11.238 11.253 11.251    0.027 0.035 0.029 0.034 0.039  A 40316
   2688.53532 11.258 11.320 11.232 11.231 11.205    0.025 0.031 0.025 0.029 0.033  A 40683
   2691.51394 11.301 11.287 11.288 11.295 11.295    0.025 0.028 0.023 0.026 0.029  A 41231
   2698.50681 11.266 11.317 11.228 11.189 11.184    0.031 0.031 0.032 0.038 0.044  A 42455
   2755.92368 11.249 11.224 11.206 11.172 11.147    0.028 0.026 0.025 0.027 0.031  A 52582
   2760.92358 11.182 11.180 11.160 11.151 11.137    0.029 0.027 0.024 0.026 0.029  A 53548
   2764.91398 11.156 11.196 11.154 11.135 11.132    0.026 0.029 0.025 0.029 0.034  A 54366
   2776.92703 11.229 11.215 11.213 11.181 11.182    0.030 0.030 0.029 0.031 0.034  A 55430
   2786.89047 11.319 11.348 11.317 11.303 11.283    0.021 0.025 0.019 0.020 0.022  A 56675
   2809.83619 11.429 11.447 11.418 11.416 11.422    0.031 0.027 0.026 0.025 0.025  A 59588
   2811.87611 11.412 11.424 11.372 11.370 11.358    0.028 0.025 0.027 0.028 0.029  A 60056
   2813.87844 11.396 11.416 11.377 11.349 11.335    0.025 0.025 0.023 0.023 0.024  A 60514
   2819.91227 11.358 11.323 11.363 11.366 11.351    0.046 0.039 0.042 0.049 0.052  B 61407
   2830.77486 11.264 11.267 11.261 11.255 11.243    0.032 0.030 0.028 0.033 0.036  A 62563
   2832.82596 11.286 11.313 11.255 11.229 11.210    0.029 0.027 0.025 0.029 0.030  A 63031
   2836.88889 11.158 11.190 11.189 11.215 11.253    0.053 0.045 0.053 0.060 0.064  B 63781
   2839.88231 11.162 11.130 11.148 11.120 11.104    0.056 0.053 0.053 0.058 0.064  B 64211
   2841.83300 11.224 11.214 11.215 11.202 11.180    0.031 0.028 0.026 0.029 0.031  A 64609
   2844.88981 11.177 11.176 11.174 11.168 11.175    0.027 0.022 0.022 0.025 0.024  A 65108
   2853.76500 11.230 11.202 11.211 11.199 11.184    0.027 0.020 0.024 0.027 0.025  A 65714
   2856.80941 11.259 11.250 11.272 11.292 11.298    0.031 0.029 0.025 0.028 0.031  A 66128
   2858.86363 11.263 11.284 11.267 11.268 11.272    0.026 0.021 0.022 0.023 0.021  A 66417
   2860.76811 11.321 11.316 11.326 11.320 11.299    0.029 0.024 0.027 0.028 0.030  A 66806
   2862.74573 11.382 11.325 11.341 11.321 11.290    0.030 0.028 0.024 0.027 0.031  A 67214
   2872.81486 11.362 11.373 11.354 11.334 11.314    0.029 0.021 0.026 0.029 0.027  A 68235
   2875.82333 11.353 11.355 11.331 11.309 11.294    0.038 0.024 0.026 0.023 0.021  A 68630
   2877.78353 11.261 11.298 11.250 11.242 11.246    0.038 0.023 0.034 0.035 0.032  A 69010
   2880.75024 11.282 11.300 11.265 11.226 11.212    0.033 0.026 0.031 0.031 0.030  A 69412
   2883.79771 11.226 11.250 11.231 11.213 11.198    0.022 0.028 0.016 0.017 0.018  A 69688
   2885.70971 11.152 11.194 11.155 11.132 11.113    0.028 0.021 0.025 0.027 0.028  A 70056
   2886.81390 11.222 11.217 11.202 11.187 11.178    0.035 0.028 0.032 0.031 0.031  A 70312
   2892.76382 11.145 11.145 11.123 11.094 11.074    0.024 0.029 0.024 0.025 0.029  A 70729
   2894.66989 11.153 11.127 11.121 11.093 11.086    0.035 0.035 0.033 0.034 0.037  A 71091
   2895.79277 11.167 11.180 11.141 11.114 11.095    0.027 0.025 0.024 0.028 0.028  A 71336
   2897.81160 11.163 11.195 11.165 11.160 11.158    0.025 0.022 0.019 0.020 0.022  A 71743
   2899.77143 11.204 11.166 11.194 11.178 11.158    0.036 0.026 0.030 0.028 0.028  A 72089
   2902.74025 11.191 11.203 11.183 11.184 11.179    0.027 0.023 0.022 0.022 0.023  A 72556
   2905.66025 11.268 11.267 11.259 11.239 11.222    0.025 0.019 0.021 0.021 0.021  A 72990
   2907.82169 11.264 11.272 11.249 11.228 11.217    0.043 0.047 0.040 0.041 0.045  A 73312
   2910.65677 11.306 11.320 11.302 11.290 11.284    0.028 0.025 0.027 0.026 0.026  A 73731
   2916.81404 11.435 11.406 11.372 11.377 11.344    0.034 0.025 0.024 0.031 0.029  A 74651
   2918.69699 11.433 11.409 11.430 11.417 11.384    0.038 0.039 0.043 0.053 0.062  B 74915
   2921.73112 11.457 11.485 11.439 11.408 11.386    0.025 0.024 0.027 0.033 0.039  A 75120
   2923.72037 11.576 11.515 11.524 11.499 11.489    0.032 0.023 0.023 0.025 0.027  A 75492
   2926.72400 11.472 11.465 11.474 11.471 11.465    0.028 0.026 0.024 0.023 0.023  A 75853
   2928.72097 11.478 11.472 11.453 11.418 11.386    0.046 0.034 0.038 0.038 0.037  A 76225
   2930.71357 11.431 11.444 11.424 11.418 11.402    0.021 0.026 0.019 0.019 0.021  A 76571
   2932.70228 11.462 11.440 11.457 11.465 11.482    0.037 0.030 0.028 0.030 0.033  A 76922
   2934.69701 11.393 11.421 11.410 11.391 11.385    0.030 0.025 0.024 0.023 0.022  A 77274
   2936.70083 11.370 11.370 11.374 11.362 11.369    0.037 0.039 0.038 0.042 0.044  A 77626
   2940.58596 11.344 11.361 11.326 11.307 11.303    0.025 0.024 0.021 0.020 0.021  A 77980
   2943.59383 11.311 11.309 11.341 11.373 11.382    0.025 0.023 0.021 0.024 0.024  A 78345
   2944.73840 11.439 11.452 11.398 11.365 11.350    0.033 0.032 0.026 0.028 0.029  A 78570
   2946.61085 11.277 11.279 11.254 11.238 11.221    0.028 0.021 0.023 0.024 0.024  A 78815
   2947.80931 11.269 11.249 11.265 11.242 11.229    0.032 0.041 0.031 0.033 0.037  A 79078
   2949.70049 11.203 11.209 11.195 11.169 11.153    0.025 0.025 0.027 0.032 0.036  A 79307
   2951.71103 11.118 11.145 11.137 11.122 11.123    0.026 0.024 0.024 0.029 0.033  A 79592
   2953.72764 11.101 11.106 11.074 11.040 11.023    0.038 0.035 0.041 0.049 0.058  B 79867
   2955.76811 11.126 11.134 11.122 11.102 11.076    0.027 0.024 0.026 0.030 0.034  A 80138
   2957.75974 11.072 11.103 11.074 11.062 11.087    0.032 0.031 0.029 0.033 0.038  A 80425
   2962.54695 11.063 11.073 11.067 11.076 11.099    0.040 0.041 0.042 0.048 0.056  B 81027
   2964.57382 11.062 11.064 11.054 11.037 11.015    0.028 0.029 0.032 0.035 0.038  A 81319
   2968.60387 11.109 11.141 11.104 11.087 11.085    0.022 0.021 0.019 0.021 0.024  A 81892
   2970.59525 11.139 11.132 11.134 11.117 11.097    0.021 0.024 0.019 0.021 0.024  A 82108
   2972.63252 11.176 11.220 11.192 11.186 11.172    0.022 0.022 0.022 0.025 0.028  A 82384
   2976.63962 11.279 11.325 11.283 11.265 11.265    0.027 0.029 0.026 0.029 0.032  A 82853
   2978.65572 11.330 11.333 11.319 11.295 11.266    0.023 0.024 0.023 0.026 0.030  A 83136
   2980.67505 11.332 11.331 11.324 11.297 11.264    0.043 0.033 0.049 0.054 0.059  B 83392
   2982.67971 11.397 11.404 99.999 99.999 99.999    0.031 0.033 0.034 0.042 0.052  C 83666
   2984.67935 11.403 11.432 11.408 11.398 11.373    0.025 0.029 0.025 0.029 0.033  A 83923
   2986.70141 11.463 11.476 11.453 11.444 11.434    0.023 0.022 0.023 0.027 0.032  A 84196
   2989.63062 11.507 11.491 11.495 11.493 99.999    0.021 0.024 0.022 0.024 0.028  C 84521
   2991.64933 11.531 11.542 11.471 11.433 11.407    0.066 0.052 0.047 0.046 0.042  D 84785
   2993.67765 11.382 11.428 11.367 11.342 11.319    0.031 0.031 0.027 0.030 0.034  A 85073
   2996.59906 11.430 11.435 11.429 11.425 11.416    0.041 0.040 0.042 0.049 0.055  B 85430
   2998.60788 11.397 11.394 11.382 11.364 11.346    0.024 0.024 0.022 0.024 0.028  A 85709
   3001.57761 11.249 11.297 11.234 11.226 11.220    0.036 0.028 0.040 0.043 0.045  A 85966
   3005.59688 11.283 11.278 11.268 11.238 11.223    0.059 0.054 0.060 0.062 0.065  D 86446
   3007.61186 11.255 11.238 11.228 11.205 11.186    0.026 0.025 0.024 0.027 0.030  A 86712
   3010.60864 11.165 11.197 11.135 11.101 11.067    0.029 0.030 0.028 0.034 0.040  A 87100
   3012.60566 11.162 11.101 11.132 11.129 11.096    0.031 0.031 0.033 0.039 0.047  A 87363
   3015.61429 11.135 11.135 11.106 11.083 11.057    0.026 0.025 0.025 0.028 0.033  A 87613
   3017.62444 11.170 11.154 11.165 11.157 11.148    0.022 0.028 0.021 0.025 0.029  A 87871
   3025.59396 11.225 11.211 11.217 11.191 11.175    0.032 0.036 0.035 0.038 0.043  A 88411
   3030.55627 11.302 11.294 11.302 11.294 11.266    0.023 0.022 0.022 0.026 0.028  A 88703
   3033.54997 11.305 11.326 11.284 11.266 11.246    0.025 0.025 0.023 0.026 0.030  A 88995
   3035.57700 11.322 11.357 11.334 11.315 11.309    0.025 0.027 0.024 0.028 0.033  A 89232
   3042.54478 11.463 11.462 11.443 11.432 11.416    0.029 0.029 0.031 0.039 0.046  A 89764
   3045.54047 11.525 11.538 11.514 11.494 11.474    0.063 0.067 0.064 0.066 0.069  D 90161
   3048.53337 11.557 11.533 11.546 11.539 11.546    0.031 0.031 0.033 0.038 0.044  A 90561
   3051.52844 11.564 11.607 11.549 11.527 11.538    0.029 0.029 0.026 0.029 0.032  A 90954
   3054.52044 11.511 11.553 11.509 11.487 11.484    0.026 0.028 0.025 0.029 0.033  A 91364
   3057.51752 11.530 11.531 11.506 11.499 11.441    0.036 0.037 0.037 0.039 0.042  A 91780
   3060.50817 11.407 11.444 11.449 11.477 11.462    0.029 0.031 0.030 0.037 0.044  A 92174
   3128.92430 11.367 11.403 11.351 11.348 11.363    0.041 0.039 0.039 0.043 0.048  A 101302
   3142.91924 11.119 11.193 11.121 11.098 11.087    0.027 0.027 0.026 0.030 0.034  A 103205
   3156.90410 11.278 11.286 11.259 11.250 11.235    0.022 0.023 0.022 0.025 0.028  A 104260
   3163.89028 11.403 11.404 11.394 11.384 11.383    0.027 0.030 0.027 0.031 0.036  A 105108
   3166.91120 11.415 11.420 11.380 11.337 11.309    0.031 0.034 0.034 0.041 0.047  A 105504
   3175.92403 11.557 11.589 11.552 11.519 11.510    0.023 0.023 0.021 0.025 0.029  A 106686
   3179.86225 11.646 11.658 11.629 11.641 11.615    0.023 0.027 0.022 0.026 0.030  A 107279
   3183.89132 11.537 11.548 11.528 11.494 11.482    0.026 0.025 0.026 0.030 0.035  A 107741
   3187.84108 11.530 11.522 11.530 11.543 11.545    0.026 0.026 0.026 0.031 0.035  A 108345
   3191.84584 11.491 11.539 11.472 11.475 11.462    0.037 0.044 0.034 0.039 0.045  A 108798
   3326.66178 11.439 11.447 11.418 11.398 11.387    0.031 0.041 0.028 0.029 0.031  A 121114
   3355.54490 11.349 11.399 11.337 11.315 11.295    0.027 0.048 0.021 0.022 0.024  A 124337
   3357.61373 11.413 11.437 11.394 11.364 11.333    0.036 0.045 0.038 0.041 0.045  A 124582
   3362.65543 11.466 11.472 11.463 11.437 11.406    0.028 0.042 0.027 0.031 0.036  A 124843
   3366.63150 11.497 11.492 11.490 11.472 11.473    0.032 0.045 0.032 0.038 0.045  A 125169
   3382.57741 11.269 11.266 11.264 11.249 11.244    0.030 0.039 0.028 0.032 0.035  A 125607
   3388.57256 11.173 11.212 11.158 11.143 11.130    0.030 0.057 0.026 0.030 0.033  A 126426
   3390.60694 11.085 11.089 11.071 11.052 11.033    0.029 0.043 0.028 0.033 0.038  A 126712
   3395.57591 11.114 11.129 11.096 11.066 11.029    0.030 0.038 0.032 0.040 0.046  A 127244
   3398.55353 11.156 11.144 11.162 11.162 11.159    0.032 0.047 0.033 0.036 0.040  A 127606
   3410.53746 11.462 11.455 11.431 11.403 11.370    0.027 0.042 0.027 0.029 0.032  A 129314
   3413.52809 11.506 11.513 11.496 11.487 11.487    0.043 0.046 0.045 0.048 0.052  B 129740
   3416.53060 11.619 11.619 11.608 11.586 11.564    0.026 0.030 0.028 0.035 0.038  A 130230
   3420.52550 11.689 11.716 11.693 11.692 11.683    0.026 0.031 0.028 0.035 0.039  A 130861
   3428.50758 11.822 11.805 11.848 11.846 11.871    0.032 0.037 0.034 0.041 0.047  A 132105
   3511.90128 11.130 11.140 11.139 11.130 11.121    0.035 0.052 0.028 0.029 0.032  A 143761
   3525.90936 11.281 11.274 11.263 11.235 11.210    0.046 0.081 0.045 0.050 0.055  B 145586
   3529.88360 11.389 11.368 11.372 11.351 11.350    0.047 0.059 0.043 0.046 0.050  B 146275
   3544.85652 11.524 11.521 11.528 11.536 11.518    0.039 0.076 0.035 0.041 0.045  A 147774
   3552.85930 11.487 11.490 11.452 11.425 11.410    0.032 0.042 0.029 0.032 0.036  A 148542
   3556.85607 11.382 11.349 11.375 11.371 11.360    0.025 0.034 0.023 0.027 0.030  A 149139
   3560.83024 11.212 11.223 11.202 11.184 11.175    0.051 0.085 0.041 0.044 0.047  B 149626
   3563.86166 11.111 11.078 11.104 11.095 11.088    0.028 0.037 0.026 0.027 0.030  A 150160
   3569.91290 10.995 11.028 11.029 11.023 11.018    0.030 0.031 0.023 0.026 0.029  A 150667
   3572.85474 11.121 11.110 11.114 11.113 11.103    0.032 0.032 0.027 0.031 0.035  A 151022
   3578.83557 11.174 11.140 11.159 11.150 11.134    0.028 0.033 0.025 0.028 0.032  A 152034
   3582.93428 11.156 11.183 11.159 11.133 11.105    0.030 0.038 0.032 0.039 0.046  A 152750
   3585.81832 11.298 11.324 11.301 11.284 11.262    0.031 0.066 0.026 0.028 0.031  A 153241
   3591.78460 11.411 11.369 11.424 11.425 11.441    0.031 0.051 0.028 0.031 0.035  A 154234
   3595.80202 11.557 11.514 11.498 11.479 11.508    0.047 0.053 0.050 0.059 0.068  B 154875
   3597.81169 11.583 11.525 11.566 11.550 11.539    0.032 0.049 0.027 0.030 0.032  A 155188
   3601.72246 11.653 11.693 11.618 11.578 11.551    0.035 0.059 0.032 0.036 0.040  A 155585
   3603.81802 11.680 11.623 11.685 11.703 11.704    0.033 0.036 0.031 0.036 0.042  A 155944
   3617.76392 11.427 11.479 11.420 11.391 11.368    0.038 0.041 0.031 0.034 0.038  A 157176
   3620.72044 11.264 11.152 11.253 11.233 11.219    0.037 0.068 0.031 0.034 0.037  A 157616
   3622.76827 11.215 11.214 11.222 11.203 11.182    0.033 0.041 0.027 0.029 0.033  A 157947
   3625.78186 11.112 11.115 11.123 11.117 11.114    0.031 0.034 0.023 0.025 0.028  A 158215
   3628.74267 11.077 11.057 11.074 11.075 11.071    0.032 0.032 0.025 0.028 0.033  A 158485
   3630.74849 10.997 11.002 10.993 10.980 10.966    0.032 0.034 0.028 0.033 0.038  A 158826
   3632.77084 11.027 11.028 11.022 11.006 10.987    0.029 0.041 0.030 0.036 0.043  A 159143
   3635.67044 10.907 10.969 10.843 10.837 10.845    0.082 0.073 0.096 0.127 0.154  D 159549
   3638.72355 11.027 11.064 11.032 11.013 10.996    0.030 0.033 0.022 0.024 0.027  A 159807
   3640.82529 11.216 11.321 11.200 11.183 11.155    0.027 0.042 0.022 0.025 0.028  A 160078
   3643.64818 11.109 11.110 11.129 11.124 11.130    0.041 0.040 0.034 0.037 0.041  A 160457
   3646.69868 11.144 11.143 11.138 11.129 11.124    0.033 0.036 0.027 0.029 0.031  A 160784
   3651.68491 11.293 11.309 11.292 11.287 11.281    0.031 0.052 0.025 0.027 0.029  A 161462
   3653.67361 11.306 11.290 11.319 11.311 11.305    0.034 0.046 0.032 0.038 0.044  A 161768
   3655.65239 11.376 11.412 11.378 11.363 11.349    0.027 0.044 0.024 0.026 0.029  A 162024
   3657.67535 11.397 11.410 11.401 11.381 11.366    0.028 0.035 0.026 0.030 0.035  A 162331
   3659.70991 11.470 11.430 11.475 11.479 11.475    0.027 0.031 0.027 0.032 0.036  A 162656
   3661.73882 11.521 11.501 11.509 11.503 11.506    0.031 0.037 0.029 0.035 0.040  A 162970
   3664.58629 11.501 11.505 11.506 11.492 11.480    0.029 0.043 0.026 0.028 0.031  A 163340
   3666.64993 11.558 11.543 11.535 11.511 11.495    0.026 0.040 0.022 0.023 0.026  A 163657
   3669.72534 11.524 11.538 11.519 11.507 11.487    0.026 0.028 0.022 0.023 0.026  A 164004
   3671.82719 11.583 11.555 11.587 11.590 11.585    0.030 0.033 0.025 0.029 0.032  A 164321
   3674.62072 11.560 11.580 11.539 11.515 11.488    0.033 0.063 0.026 0.028 0.029  A 164685
   3676.63951 11.472 11.461 11.466 11.452 11.433    0.024 0.032 0.022 0.024 0.026  A 164976
   3701.61401 11.126 11.115 11.124 11.110 11.100    0.038 0.040 0.042 0.049 0.054  B 168168
   3703.74342 11.158 11.041 11.136 11.119 11.106    0.036 0.064 0.028 0.030 0.033  A 168465
   3706.56595 11.230 11.166 11.229 11.216 11.215    0.039 0.052 0.038 0.041 0.046  A 168817
   3708.65164 11.211 11.191 11.236 11.234 11.220    0.030 0.059 0.027 0.030 0.033  A 169127
   3712.62931 11.321 11.256 11.319 11.307 11.292    0.035 0.061 0.028 0.030 0.033  A 169402
   3714.63676 11.340 11.337 11.348 11.330 11.318    0.031 0.050 0.026 0.028 0.030  A 169690
   3717.59683 11.472 11.478 11.486 11.480 11.450    0.029 0.038 0.031 0.036 0.040  A 170070
   3720.59213 11.475 11.424 11.450 11.417 11.403    0.037 0.073 0.033 0.037 0.041  A 170422
   3722.65527 11.490 11.517 11.486 11.465 11.425    0.030 0.037 0.031 0.036 0.041  A 170701
   3725.62488 11.566 11.557 11.550 11.542 11.531    0.036 0.053 0.036 0.040 0.043  A 170998
   3727.64371 11.481 11.488 11.474 11.455 11.424    0.029 0.044 0.029 0.033 0.038  A 171278
   3731.58440 11.490 11.466 11.466 11.426 11.391    0.033 0.040 0.032 0.036 0.039  A 171668
   3734.61885 11.486 11.474 11.471 11.438 11.433    0.033 0.039 0.038 0.048 0.058  B 172068
   3737.61214 11.449 11.386 11.453 11.447 11.438    0.027 0.050 0.023 0.026 0.028  A 172479
   3739.63258 11.398 11.412 11.401 11.377 11.355    0.026 0.033 0.023 0.027 0.031  A 172768
   3742.59811 11.353 11.327 11.354 11.345 11.338    0.031 0.061 0.028 0.030 0.033  A 173132
   3745.60393 11.297 11.252 11.283 11.252 11.232    0.033 0.044 0.031 0.033 0.036  A 173546
   3748.59507 11.280 11.322 11.271 11.256 11.238    0.035 0.052 0.034 0.042 0.050  A 173942
   3751.60971 11.202 11.154 11.196 11.178 11.176    0.034 0.041 0.035 0.043 0.051  A 174369
   3754.58246 11.116 11.109 11.098 11.080 11.067    0.032 0.041 0.036 0.045 0.050  B 174770
   3757.56369 11.133 11.153 11.109 11.089 11.071    0.030 0.043 0.026 0.030 0.034  A 175178
   3760.55850 11.094 11.079 11.094 11.093 11.087    0.061 0.072 0.049 0.039 0.042  D 175600
   3763.55080 11.151 11.144 11.152 11.149 11.149    0.028 0.036 0.030 0.035 0.038  A 175987
   3766.54027 11.147 11.160 11.153 11.157 11.159    0.034 0.050 0.037 0.041 0.044  A 176407
   3769.53132 11.195 11.195 11.191 11.177 11.161    0.027 0.030 0.028 0.032 0.037  A 176796
   3772.54026 11.228 11.211 11.232 11.221 11.198    0.030 0.041 0.029 0.032 0.035  A 177189
   3775.54470 11.286 11.250 11.277 11.259 11.258    0.031 0.035 0.035 0.042 0.053  B 177612
   3778.53354 11.373 11.356 11.380 11.379 11.376    0.032 0.041 0.037 0.045 0.054  B 178068
   3783.52932 11.384 11.375 11.383 11.379 11.401    0.044 0.046 0.048 0.055 0.064  B 178635
   3791.51630 11.545 11.545 11.527 11.498 11.481    0.030 0.035 0.033 0.040 0.047  A 179360
   3861.91197 11.523 11.539 11.530 11.527 11.508    0.030 0.042 0.030 0.035 0.039  A 189110
   3869.90499 11.466 11.454 11.431 11.397 11.348    0.048 0.081 0.046 0.055 0.063  B 190458
   3883.92102 11.370 11.351 11.342 11.328 11.326    0.030 0.050 0.025 0.028 0.031  A 192358
   3891.91936 11.324 11.346 11.314 11.298 11.270    0.030 0.040 0.025 0.026 0.030  A 193449
   3898.89559 11.349 11.278 11.341 11.338 11.320    0.036 0.066 0.032 0.038 0.043  A 194439
   3902.86981 11.344 11.309 11.338 11.312 11.291    0.034 0.055 0.029 0.033 0.037  A 195112
   3905.89291 11.349 11.384 11.347 11.331 11.326    0.043 0.084 0.036 0.039 0.042  B 195687
   3913.90994 11.406 11.399 11.408 11.394 11.381    0.047 0.088 0.040 0.043 0.045  D 197027
   3981.67595 11.629 11.684 11.638 11.631 11.605    0.032 0.053 0.026 0.028 0.031  A 203357
   4106.63391 11.355 11.344 11.346 11.336 11.325    0.028 0.034 0.027 0.032 0.036  A 210959
   4111.63374 11.297 11.303 11.316 11.298 11.293    0.037 0.068 0.032 0.035 0.038  A 211384
   4126.58695 11.336 11.349 11.319 11.296 11.292    0.047 0.064 0.041 0.043 0.046  A 211648
   4129.54598 11.355 11.358 11.352 11.339 11.306    0.024 0.031 0.023 0.025 0.029  A 212031
   4132.53099 11.403 11.442 11.386 11.379 11.362    0.031 0.042 0.032 0.038 0.043  A 212409
   4135.52896 11.428 11.451 11.402 11.355 11.319    0.032 0.055 0.035 0.042 0.048  A 212820
   4147.51853 11.633 11.649 11.620 11.592 11.564    0.027 0.034 0.026 0.031 0.036  A 214524
   4151.52424 11.618 11.602 11.616 11.588 11.577    0.025 0.038 0.025 0.028 0.032  A 214924
   4154.51729 12.053 12.049 12.036 12.013 11.991    0.026 0.046 0.027 0.032 0.037  A 215379
   4160.50632 11.511 11.536 11.522 11.552 11.560    0.074 0.080 0.088 0.103 0.111  D 216259
   4230.92201 11.577 11.541 11.578 11.572 11.581    0.067 0.079 0.064 0.068 0.071  D 223786
   4234.92480 11.444 11.407 11.430 11.410 11.397    0.038 0.060 0.032 0.036 0.040  A 224499
   4255.91766 11.370 11.383 11.339 11.282 11.222    0.055 0.048 0.054 0.059 0.065  B 227172
   4268.93122 11.521 11.421 11.453 11.446 11.429    0.056 0.053 0.055 0.061 0.065  B 228083
   4273.86097 11.459 11.408 11.413 11.397 11.358    0.038 0.041 0.031 0.033 0.035  A 228573
   4278.82625 11.361 11.362 11.356 11.334 11.318    0.030 0.036 0.028 0.032 0.038  A 229215
   4284.91847 11.338 11.355 11.351 11.343 11.340    0.034 0.040 0.027 0.030 0.033  A 229902
   4290.86570 11.297 11.299 11.292 11.303 11.301    0.053 0.056 0.048 0.051 0.049  B 230576
   4293.85692 11.321 11.292 11.310 11.305 11.300    0.037 0.043 0.028 0.028 0.029  A 231131
   4296.85060 11.305 11.268 11.300 11.308 11.301    0.045 0.043 0.038 0.044 0.051  A 231643
   4299.84486 11.270 11.280 11.280 11.270 11.260    0.029 0.033 0.025 0.028 0.031  A 232188
   4301.83027 11.312 11.286 11.301 11.299 11.291    0.066 0.099 0.060 0.044 0.047  D 232536
   4303.86251 11.227 11.245 11.249 11.248 11.238    0.044 0.044 0.042 0.047 0.049  B 232846
   4305.87944 11.268 11.243 11.255 11.266 11.272    0.035 0.038 0.028 0.030 0.030  A 233216
   4307.82056 11.309 11.333 11.338 11.333 11.328    0.039 0.046 0.029 0.031 0.033  A 233540
   4309.82888 11.275 11.276 11.276 11.259 11.239    0.052 0.063 0.046 0.050 0.054  B 233856
   4312.79795 11.402 11.347 11.390 11.346 11.268    0.061 0.077 0.066 0.078 0.087  D 234279
   4316.76379 11.472 11.394 11.458 11.443 11.465    0.039 0.044 0.035 0.038 0.041  A 234688
   4319.84456 11.470 11.498 11.480 11.486 11.500    0.032 0.034 0.027 0.029 0.032  A 235055
   4330.71324 11.494 11.493 11.494 11.472 11.471    0.039 0.054 0.029 0.028 0.030  A 235340
   4332.74426 11.560 11.573 11.553 11.528 11.496    0.059 0.058 0.060 0.062 0.065  D 235713
   4334.72782 11.493 11.494 11.504 11.495 11.486    0.033 0.036 0.025 0.026 0.029  A 236065
   4338.71262 11.399 11.451 11.431 11.408 11.401    0.035 0.034 0.028 0.031 0.033  A 236455
   4340.78255 11.400 11.396 11.387 11.373 11.354    0.033 0.039 0.029 0.033 0.038  A 236818
   4342.78156 11.412 11.460 11.402 11.378 11.361    0.055 0.058 0.058 0.063 0.068  D 237150
   4344.79124 11.412 11.357 11.413 11.411 11.409    0.061 0.054 0.063 0.068 0.073  D 237494
   4346.81157 11.314 11.329 11.274 11.228 11.185    0.047 0.045 0.061 0.077 0.086  D 237839
   4351.69895 11.277 11.254 11.267 11.255 11.230    0.046 0.056 0.045 0.053 0.061  B 238618
   4353.82841 11.247 11.269 11.234 11.217 11.201    0.028 0.031 0.024 0.026 0.029  A 238923
   4356.70275 11.252 11.238 11.267 11.266 11.255    0.031 0.032 0.026 0.029 0.032  A 239367
   4358.84373 11.213 11.223 11.228 11.217 11.230    0.039 0.038 0.034 0.033 0.035  A 239699
   4363.71905 11.180 11.176 11.179 11.169 11.153    0.031 0.031 0.024 0.026 0.029  A 240366
   4365.71390 11.188 11.184 11.188 11.160 11.142    0.030 0.034 0.024 0.027 0.030  A 240676
   4367.79794 11.165 11.119 11.172 11.188 11.179    0.039 0.044 0.036 0.042 0.047  A 240899
   4369.76198 11.169 11.131 11.178 11.194 11.174    0.041 0.043 0.037 0.043 0.049  A 241185
   4371.78940 11.143 11.161 11.149 11.136 11.113    0.032 0.040 0.029 0.034 0.039  A 241524
   4374.77067 11.177 11.179 11.150 11.116 11.083    0.046 0.059 0.045 0.055 0.065  B 241858
   4377.63482 11.198 11.159 11.182 11.161 11.130    0.029 0.043 0.024 0.026 0.029  A 242260
   4379.69778 11.188 11.173 11.178 11.167 11.164    0.030 0.033 0.025 0.026 0.029  A 242593
   4381.71975 11.223 11.223 11.228 11.230 11.233    0.036 0.035 0.035 0.039 0.043  A 242901
   4383.79040 11.205 11.223 11.230 11.247 11.247    0.038 0.046 0.037 0.040 0.043  A 243230
   4385.73773 11.226 11.190 11.213 11.198 11.187    0.034 0.033 0.025 0.026 0.028  A 243527
   4387.80596 11.198 11.192 11.199 11.192 11.197    0.035 0.036 0.030 0.034 0.037  A 243865
   4391.79248 11.295 11.260 11.328 11.349 11.371    0.055 0.054 0.061 0.071 0.084  D 244433
   4393.69319 11.262 11.257 11.259 11.248 11.236    0.039 0.043 0.042 0.049 0.056  B 244668
   4399.79666 11.264 11.253 11.247 11.209 11.186    0.038 0.051 0.038 0.044 0.050  A 244886
   4402.83769 11.257 11.256 11.266 11.259 11.252    0.036 0.050 0.031 0.035 0.040  A 245181
   4406.67201 11.272 11.231 11.245 11.233 11.233    0.046 0.048 0.041 0.044 0.047  A 245444
   4408.70247 11.251 11.202 11.238 11.221 11.199    0.029 0.034 0.026 0.029 0.033  A 245752
   4411.66091 11.252 11.246 11.244 11.232 11.226    0.035 0.039 0.035 0.037 0.040  A 246104
   4421.60362 11.248 11.283 11.262 11.258 11.231    0.030 0.039 0.027 0.032 0.038  A 246533
   4423.61818 11.220 11.223 11.223 11.200 11.189    0.033 0.048 0.032 0.038 0.046  A 246738
   4426.69757 11.283 11.313 11.252 11.219 11.195    0.036 0.051 0.037 0.045 0.054  B 246968
   4428.73566 11.351 11.386 11.336 11.330 11.315    0.041 0.047 0.040 0.048 0.056  B 247201
   4431.60579 11.367 11.385 11.372 11.347 11.327    0.033 0.035 0.031 0.035 0.041  A 247522
   4433.68155 11.381 11.361 11.364 11.342 11.333    0.029 0.039 0.026 0.030 0.035  A 247809
   4436.61423 29.999 29.999 29.999 29.999 29.999    0.067 0.075 0.045 0.046 0.041  D 248149
   4438.67906 11.417 11.405 11.419 11.420 11.405    0.035 0.038 0.033 0.038 0.041  A 248420
   4441.60973 11.461 11.532 11.436 11.405 11.388    0.046 0.057 0.041 0.036 0.041  A 248772
   4444.61559 11.365 11.397 11.374 11.370 11.366    0.033 0.035 0.030 0.032 0.035  A 249079
   4452.58346 11.290 11.248 11.287 11.266 11.264    0.040 0.038 0.043 0.047 0.050  B 250001
   4454.61699 11.223 11.235 11.239 11.225 11.190    0.032 0.039 0.030 0.035 0.039  A 250232
   4456.67085 11.211 11.174 11.197 11.177 11.160    0.047 0.053 0.053 0.065 0.077  D 250462
   4459.60629 11.174 11.213 11.163 11.147 11.116    0.035 0.042 0.034 0.039 0.044  A 250799
   4462.59686 11.154 11.137 11.133 11.109 11.086    0.029 0.032 0.026 0.031 0.037  A 251163
   4465.58368 11.152 11.159 11.143 11.114 11.113    0.034 0.039 0.031 0.035 0.040  A 251509
   4468.58850 11.162 11.129 11.159 11.144 11.139    0.032 0.041 0.029 0.031 0.034  A 251848
   4473.62527 11.165 11.141 11.166 11.143 11.120    0.031 0.038 0.031 0.035 0.039  A 252360
   4476.61861 11.116 11.132 11.110 11.087 11.095    0.054 0.050 0.057 0.063 0.068  D 252637
   4485.59890 11.176 11.149 11.161 11.125 11.096    0.033 0.041 0.035 0.042 0.049  A 253579
   4488.57049 11.178 11.203 11.157 11.127 11.104    0.051 0.052 0.055 0.061 0.067  B 253919
   4494.54946 11.245 11.288 11.236 11.225 11.216    0.029 0.035 0.025 0.028 0.031  A 254618
   4498.55025 11.199 11.210 11.216 11.209 11.196    0.037 0.040 0.033 0.035 0.036  A 254876
   4501.54513 11.172 11.164 11.175 11.156 11.124    0.034 0.041 0.037 0.046 0.057  B 255255
   4504.54501 11.176 11.131 11.150 11.119 11.096    0.045 0.048 0.046 0.055 0.063  B 255679
   4507.52525 11.253 11.260 11.259 11.259 11.249    0.037 0.044 0.037 0.044 0.049  A 256104
   4510.53804 11.307 11.284 11.304 11.293 11.282    0.043 0.044 0.045 0.051 0.059  B 256517
   4520.51262 11.381 11.413 11.367 11.368 11.392    0.035 0.051 0.032 0.036 0.041  A 257666
   4525.50748 11.305 11.285 11.272 11.226 11.211    0.038 0.041 0.039 0.048 0.057  B 258394
#ndata= 15
#dataset= 4 ; 1 F0136-56_062
#desig= 005606-5810.0
#cra=    0.934906  00:56:05.7
#cdec= -58.166691 -58:10:00.1
#class= 0
#cmag_0= 11.399
#cmer_0=  0.067
#nskip_0= 1
#cmag_1= 11.412
#cmer_1=  0.073
#nskip_1= 1
#cmag_2= 11.417
#cmer_2=  0.085
#nskip_2= 1
#cmag_3= 11.419
#cmer_3=  0.086
#nskip_3= 1
#cmag_4= 11.394
#cmer_4=  0.083
#nskip_4= 1
#ra=    0.934906  00:56:05.7
#dec= -58.166691 -58:10:00.1
#     HJD      MAG_1  MAG_0  MAG_2  MAG_3  MAG_4    MER_1 MER_0 MER_2 MER_3 MER_4 GRADE FRAME
   2470.80525 11.416 11.385 11.415 11.413 11.368    0.038 0.034 0.032 0.036 0.030  A 12069
   2473.81373 11.407 11.407 11.431 11.436 11.433    0.038 0.035 0.033 0.036 0.031  A 12760
   2490.81882 11.422 11.415 11.444 11.467 11.468    0.037 0.036 0.031 0.037 0.033  A 14145
   2521.80402 11.431 11.473 11.434 11.418 11.397    0.034 0.037 0.027 0.027 0.026  A 18467
   2549.83775 11.361 11.326 11.370 11.362 11.363    0.048 0.041 0.037 0.033 0.028  A 20863
   2894.71454 11.096 11.131 11.109 11.100 11.075    0.034 0.030 0.028 0.030 0.033  A 71110
   2942.77409 11.298 11.299 11.259 11.267 11.255    0.055 0.042 0.033 0.029 0.028  A 78259
   3366.64475 11.520 11.495 11.529 11.537 11.502    0.047 0.070 0.042 0.046 0.052  A 125172
#dataset= 4 ; 2 F0136-56_062
#desig= 005607-5810.2
#cra=    0.935176  00:56:06.6
#cdec= -58.169379 -58:10:09.8
#class= 0
#cmag_0= 11.373
#cmer_0=  0.090
#nskip_0= 0
#cmag_1= 11.376
#cmer_1=  0.082
#nskip_1= 0
#cmag_2= 11.373
#cmer_2=  0.081
#nskip_2= 0
#cmag_3= 11.361
#cmer_3=  0.077
#nskip_3= 0
#cmag_4= 11.341
#cmer_4=  0.070
#nskip_4= 0
#ra=    0.935176  00:56:06.6
#dec= -58.169379 -58:10:09.8
#     HJD      MAG_1  MAG_0  MAG_2  MAG_3  MAG_4    MER_1 MER_0 MER_2 MER_3 MER_4 GRADE FRAME
   2143.77620 11.292 11.252 11.298 11.279 11.273    0.046 0.078 0.037 0.038 0.038  A 30859
   2470.80525 11.410 11.370 11.408 11.404 11.382    0.038 0.034 0.032 0.036 0.030  A 12069
   2486.80642 11.428 11.462 11.429 11.416 11.411    0.041 0.047 0.035 0.040 0.040  A 13397
   2558.76096 11.405 11.418 11.425 11.422 11.407    0.065 0.083 0.045 0.039 0.032  B 22099
   2942.77409 11.295 11.333 11.282 11.273 11.258    0.055 0.042 0.033 0.029 0.028  A 78259
   2947.65760 11.263 11.211 11.250 11.242 11.229    0.054 0.054 0.039 0.036 0.032  A 79015
   3177.92775 11.530 11.538 11.512 11.470 11.433    0.041 0.040 0.041 0.047 0.052  A 106996
