#ndata= 1
#dataset= 1 ; 1 F0045-48_091
#desig= 005618-4122.0
#cra=    0.938302  00:56:17.9
#cdec= -41.366396 -41:21:59.0
#class= 0
#cmag_0= 12.473
#cmer_0=  0.000
#nskip_0= 0
#cmag_1= 12.430
#cmer_1=  0.000
#nskip_1= 0
#cmag_2= 12.429
#cmer_2=  0.000
#nskip_2= 0
#cmag_3= 12.443
#cmer_3=  0.000
#nskip_3= 0
#cmag_4= 12.428
#cmer_4=  0.000
#nskip_4= 0
#ra=    0.938302  00:56:17.9
#dec= -41.366396 -41:21:59.0
#     HJD      MAG_0  MAG_1  MAG_2  MAG_3  MAG_4    MER_0 MER_1 MER_2 MER_3 MER_4 GRADE FRAME
   2140.76338 12.473 12.430 12.430 12.443 12.429    0.076 0.038 0.034 0.039 0.041  A 30237
#ndata= 1
#dataset= 2 ; 1 F0000-40_122
#desig= 005618-4122.0
#cra=    0.938310  00:56:17.9
#cdec= -41.366499 -41:21:59.4
#class= 0
#cmag_0= 12.615
#cmer_0=  0.000
#nskip_0= 0
#cmag_1= 12.600
#cmer_1=  0.000
#nskip_1= 0
#cmag_2= 12.627
#cmer_2=  0.000
#nskip_2= 0
#cmag_3= 12.650
#cmer_3=  0.000
#nskip_3= 0
#cmag_4= 12.642
#cmer_4=  0.000
#nskip_4= 0
#ra=    0.938310  00:56:17.9
#dec= -41.366499 -41:21:59.4
#     HJD      MAG_0  MAG_1  MAG_2  MAG_3  MAG_4    MER_0 MER_1 MER_2 MER_3 MER_4 GRADE FRAME
   2500.73809 12.616 12.600 12.628 12.650 12.642    0.039 0.037 0.029 0.031 0.032  A 15904
#ndata= 442
#dataset= 3 ; 1 F0040-40_123
#desig= 005617-4121.8
#cra=    0.937934  00:56:16.6
#cdec= -41.363937 -41:21:50.2
#class= 0
#cmag_0= 12.393
#cmer_0=  0.000
#nskip_0= 0
#cmag_1= 12.432
#cmer_1=  0.000
#nskip_1= 0
#cmag_2= 12.456
#cmer_2=  0.000
#nskip_2= 0
#cmag_3= 12.490
#cmer_3=  0.000
#nskip_3= 0
#cmag_4= 12.442
#cmer_4=  0.000
#nskip_4= 0
#ra=    0.937934  00:56:16.6
#dec= -41.363937 -41:21:50.2
#     HJD      MAG_0  MAG_1  MAG_2  MAG_3  MAG_4    MER_0 MER_1 MER_2 MER_3 MER_4 GRADE FRAME
   2211.56633 12.394 12.433 12.457 12.491 12.442    0.053 0.046 0.039 0.041 0.039  A 37821
   2482.73598 29.999 29.999 29.999 29.999 29.999    0.038 0.038 0.034 0.039 0.035  C 13198
   2506.75117 29.999 29.999 29.999 29.999 29.999    0.080 0.074 0.063 0.068 0.066  D 16714
   2936.69258 29.999 29.999 29.999 29.999 29.999    0.059 0.061 0.069 0.085 0.098  D 77622
   3006.60997 29.999 29.999 29.999 29.999 29.999    0.026 0.024 0.023 0.026 0.029  C 86578
   3595.79191 29.999 29.999 29.999 29.999 29.999    0.082 0.079 0.090 0.111 0.130  D 154872
   3635.66820 29.999 29.999 29.999 29.999 29.999    0.071 0.077 0.090 0.112 0.133  D 159548
#dataset= 3 ; 2 F0040-40_123
#desig= 005618-4121.9
#cra=    0.938313  00:56:17.9
#cdec= -41.365645 -41:21:56.3
#class= 0
#cmag_0= 12.534
#cmer_0=  0.111
#nskip_0= 0
#cmag_1= 12.535
#cmer_1=  0.103
#nskip_1= 1
#cmag_2= 12.540
#cmer_2=  0.108
#nskip_2= 0
#cmag_3= 12.540
#cmer_3=  0.115
#nskip_3= 0
#cmag_4= 12.540
#cmer_4=  0.129
#nskip_4= 1
#ra=    0.938313  00:56:17.9
#dec= -41.365645 -41:21:56.3
#     HJD      MAG_0  MAG_1  MAG_2  MAG_3  MAG_4    MER_0 MER_1 MER_2 MER_3 MER_4 GRADE FRAME
   1868.55718 12.805 12.839 12.830 12.859 12.845    0.062 0.025 0.021 0.023 0.026  A 46
   1869.55290 12.509 12.550 12.546 12.532 12.515    0.038 0.020 0.018 0.020 0.022  A 206
   1871.55897 12.489 12.470 12.496 12.534 12.557    0.071 0.033 0.023 0.022 0.024  A 493
   1873.56686 12.438 12.454 12.495 12.548 12.543    0.059 0.023 0.021 0.023 0.025  A 812
   1875.54768 12.429 12.409 12.401 12.412 12.419    0.052 0.021 0.018 0.020 0.021  A 1126
   1877.56216 12.430 12.436 12.436 12.444 12.499    0.048 0.027 0.022 0.022 0.025  A 1454
   1879.53140 12.455 12.505 12.518 12.519 12.499    0.044 0.023 0.019 0.021 0.024  A 1754
   1881.54564 12.386 12.416 12.413 12.406 12.424    0.037 0.021 0.019 0.020 0.023  A 2073
   1885.53367 12.468 12.427 12.436 12.429 12.389    0.035 0.022 0.019 0.022 0.026  A 2379
   1887.56093 12.509 12.484 12.498 12.502 12.506    0.047 0.023 0.020 0.023 0.027  A 2710
   1889.57271 12.376 12.433 12.440 12.438 12.417    0.051 0.033 0.023 0.027 0.031  A 3035
   1900.58239 12.473 12.485 12.468 12.460 12.437    0.040 0.025 0.020 0.021 0.024  A 3329
   1903.59915 12.432 12.447 12.420 12.378 12.356    0.039 0.021 0.017 0.019 0.021  A 3652
   1906.54543 12.567 12.565 12.567 12.579 12.557    0.037 0.024 0.018 0.019 0.022  A 4113
   1908.58571 12.506 12.474 12.485 12.529 12.518    0.037 0.025 0.018 0.021 0.024  A 4451
   1914.58439 12.474 12.463 12.448 12.415 12.385    0.046 0.028 0.023 0.025 0.026  A 4747
   1923.52881 12.518 12.513 12.497 12.495 12.437    0.044 0.027 0.023 0.026 0.032  A 5892
   1926.54413 12.614 12.602 12.608 12.625 12.643    0.037 0.027 0.024 0.025 0.029  A 6407
   1930.52657 12.520 12.491 12.500 12.508 12.515    0.033 0.030 0.025 0.029 0.032  A 7047
   1934.52519 12.440 12.415 12.444 12.509 12.575    0.036 0.029 0.024 0.026 0.029  A 7708
   2031.91431 12.549 12.560 12.527 12.524 12.533    0.046 0.026 0.024 0.026 0.030  A 18136
   2033.92719 12.580 12.564 12.559 12.536 12.467    0.035 0.025 0.023 0.025 0.028  A 18575
   2040.93441 12.491 12.456 12.445 12.432 12.435    0.079 0.040 0.037 0.040 0.044  A 19590
   2053.86123 12.503 12.562 12.581 12.584 12.552    0.041 0.024 0.023 0.027 0.030  A 20121
   2054.94376 12.741 12.793 12.798 12.827 12.992    0.074 0.037 0.037 0.042 0.048  A 20382
   2056.89245 12.548 12.518 12.540 12.581 12.588    0.067 0.028 0.024 0.027 0.029  A 20808
   2067.85230 12.525 12.576 12.580 12.565 12.561    0.066 0.030 0.027 0.029 0.033  A 21943
   2068.85273 12.576 12.578 12.595 12.642 12.725    0.065 0.032 0.030 0.036 0.041  A 22169
   2069.84793 12.587 12.630 12.635 12.643 12.669    0.066 0.032 0.027 0.029 0.032  A 22390
   2070.84902 12.554 12.696 12.734 12.728 12.765    0.060 0.027 0.024 0.028 0.032  A 22610
   2080.85075 12.485 12.530 12.548 12.532 12.490    0.054 0.026 0.022 0.025 0.027  A 22991
   2082.89738 12.614 12.617 12.612 12.605 12.570    0.063 0.029 0.023 0.025 0.028  A 23477
   2085.90116 12.602 12.572 12.575 12.570 12.552    0.051 0.030 0.023 0.025 0.026  A 23933
   2087.85600 12.625 12.547 12.565 12.566 12.435    0.066 0.034 0.029 0.032 0.035  A 24358
   2088.86802 12.541 12.554 12.576 12.591 12.540    0.064 0.028 0.024 0.027 0.029  A 24592
   2093.80219 12.353 12.359 12.391 12.454 12.444    0.070 0.032 0.026 0.027 0.029  A 24783
   2094.81456 12.328 12.352 12.341 12.325 12.339    0.069 0.032 0.027 0.031 0.034  A 25076
   2095.81069 12.342 12.451 12.466 12.355 12.314    0.073 0.045 0.044 0.049 0.054  B 25301
   2103.76691 12.667 12.629 12.617 12.601 12.599    0.055 0.028 0.023 0.025 0.027  A 25867
   2105.82622 12.551 12.500 12.487 12.472 12.448    0.067 0.033 0.025 0.026 0.029  A 26312
   2106.84792 12.401 12.464 12.508 12.549 12.534    0.049 0.026 0.021 0.023 0.025  A 26524
   2113.86282 12.420 12.463 12.483 12.485 12.482    0.050 0.028 0.023 0.025 0.027  A 26646
   2115.75596 12.576 12.598 12.602 12.604 12.609    0.046 0.028 0.024 0.025 0.028  A 26916
   2116.79867 12.747 12.706 12.708 12.740 12.816    0.052 0.030 0.026 0.027 0.028  A 27157
   2117.79965 12.826 12.746 12.739 12.723 12.710    0.053 0.027 0.023 0.025 0.027  A 27376
   2128.72017 12.416 12.422 12.397 12.353 12.379    0.049 0.028 0.023 0.027 0.030  A 27975
   2129.73049 12.378 12.430 12.395 12.384 12.359    0.057 0.045 0.035 0.035 0.035  A 28194
   2130.75254 12.478 12.400 12.383 12.371 12.362    0.051 0.025 0.020 0.022 0.024  A 28420
   2131.76289 12.470 12.476 12.486 12.503 12.501    0.063 0.027 0.024 0.027 0.030  A 28624
   2132.77439 12.675 12.558 12.530 12.518 12.516    0.063 0.029 0.022 0.025 0.027  A 28841
   2133.76089 12.513 12.475 12.470 12.454 12.431    0.058 0.030 0.022 0.025 0.027  A 29051
   2134.76096 12.567 12.518 12.524 12.546 12.555    0.054 0.027 0.023 0.025 0.028  A 29265
   2135.76399 12.414 12.468 12.497 12.527 12.484    0.062 0.039 0.039 0.044 0.049  A 29481
   2136.75976 12.326 12.355 12.371 12.385 12.371    0.054 0.029 0.027 0.029 0.032  A 29693
   2141.74525 12.470 12.426 12.416 12.386 12.373    0.055 0.027 0.024 0.025 0.027  A 30441
   2144.73456 12.416 12.403 12.386 12.360 12.357    0.064 0.031 0.026 0.028 0.030  A 31046
   2145.73250 12.435 12.456 12.466 12.467 12.460    0.050 0.026 0.023 0.025 0.028  A 31249
   2156.68800 12.667 12.655 12.654 12.685 12.654    0.050 0.032 0.027 0.029 0.034  A 31670
   2164.69724 12.592 12.594 12.609 12.605 12.595    0.049 0.035 0.027 0.027 0.030  A 31933
   2167.67222 12.479 12.497 12.497 12.500 12.543    0.050 0.029 0.024 0.027 0.030  A 32112
   2168.69306 12.569 12.536 12.522 12.515 12.507    0.056 0.034 0.026 0.028 0.031  A 32289
   2169.70470 12.612 12.583 12.545 12.538 12.510    0.034 0.035 0.026 0.025 0.025  A 32447
   2170.74154 12.597 12.612 12.666 12.711 12.753    0.051 0.034 0.029 0.031 0.034  A 32506
   2171.68251 12.453 12.490 12.436 12.417 12.383    0.049 0.035 0.027 0.028 0.032  A 32621
   2173.67011 12.477 12.420 12.439 12.444 12.425    0.041 0.032 0.024 0.026 0.029  A 32993
   2174.67077 12.461 12.453 12.474 12.484 12.448    0.049 0.033 0.027 0.029 0.032  A 33167
   2175.66220 12.480 12.464 12.475 12.427 12.414    0.045 0.033 0.027 0.029 0.031  A 33308
   2177.64061 12.520 12.569 12.573 12.612 12.634    0.053 0.036 0.030 0.031 0.034  A 33427
   2178.64982 12.462 12.434 12.461 12.493 12.557    0.049 0.038 0.030 0.030 0.034  A 33606
   2183.61425 12.714 12.680 12.719 12.737 12.695    0.046 0.035 0.028 0.031 0.033  A 33877
   2184.63417 12.545 12.609 12.600 12.597 12.603    0.048 0.039 0.031 0.032 0.035  A 34078
   2185.64259 12.792 12.891 12.836 12.764 12.672    0.048 0.038 0.029 0.031 0.035  A 34268
   2186.67766 12.530 12.584 12.636 12.671 12.668    0.045 0.039 0.030 0.031 0.032  A 34398
   2188.66916 12.483 12.522 12.503 12.498 12.479    0.045 0.039 0.029 0.031 0.031  A 34705
   2190.61100 12.626 12.561 12.589 12.621 12.569    0.048 0.036 0.027 0.028 0.030  A 34927
   2192.63933 12.679 12.712 12.719 12.715 12.689    0.051 0.035 0.027 0.028 0.030  A 35289
   2193.64265 12.595 12.580 12.557 12.524 12.495    0.048 0.035 0.026 0.025 0.028  A 35473
   2195.62917 12.752 12.784 12.796 12.757 12.755    0.044 0.035 0.026 0.026 0.028  A 35823
   2196.63725 12.656 12.696 12.700 12.667 12.615    0.049 0.038 0.029 0.031 0.033  A 35959
   2197.63692 12.626 12.577 12.604 12.606 12.586    0.045 0.034 0.027 0.028 0.028  A 36143
   2198.63347 12.612 12.679 12.660 12.619 12.583    0.045 0.034 0.026 0.026 0.028  A 36313
   2199.62514 12.706 12.687 12.682 12.665 12.634    0.052 0.042 0.033 0.033 0.028  A 36489
   2201.62063 12.650 12.662 12.675 12.701 12.673    0.044 0.037 0.027 0.028 0.028  A 36736
   2202.62817 12.821 12.718 12.725 12.717 12.781    0.047 0.039 0.031 0.033 0.035  A 36907
   2203.61318 12.747 12.727 12.680 12.600 12.584    0.050 0.039 0.030 0.030 0.031  A 37074
   2204.61109 12.702 12.712 12.708 12.675 12.637    0.049 0.037 0.028 0.027 0.029  A 37200
   2206.60094 12.639 12.576 12.537 12.490 12.486    0.043 0.040 0.032 0.033 0.031  A 37471
   2207.60197 12.601 12.628 12.605 12.636 12.623    0.047 0.038 0.028 0.030 0.032  A 37644
   2213.62382 12.589 12.557 12.546 12.522 12.468    0.042 0.037 0.030 0.034 0.034  A 38082
   2214.60338 12.620 12.588 12.576 12.536 12.517    0.046 0.040 0.032 0.035 0.035  A 38221
   2216.60127 12.340 12.395 12.431 12.449 12.388    0.046 0.039 0.031 0.035 0.032  A 38557
   2217.59419 12.417 12.441 12.448 12.394 12.420    0.047 0.040 0.031 0.036 0.033  A 38721
   2219.57405 12.394 12.398 12.417 12.388 12.405    0.045 0.037 0.029 0.033 0.031  A 38886
   2221.58171 12.466 12.508 12.500 12.480 12.425    0.047 0.039 0.030 0.033 0.030  A 39006
   2222.58643 12.451 12.561 12.604 12.606 12.599    0.044 0.036 0.029 0.035 0.032  A 39163
   2224.57696 29.999 29.999 29.999 29.999 29.999    0.047 0.040 0.031 0.034 0.032  C 39320
   2225.58812 12.486 12.507 12.499 12.500 12.499    0.046 0.038 0.030 0.032 0.032  A 39488
   2226.57986 12.649 12.630 12.583 12.598 12.599    0.046 0.039 0.030 0.037 0.033  A 39639
   2227.57822 12.541 12.513 12.463 12.454 12.420    0.046 0.038 0.030 0.035 0.032  A 39791
   2229.54931 12.488 12.566 12.617 12.598 12.621    0.045 0.039 0.030 0.035 0.034  A 40104
   2230.57498 12.569 12.533 12.537 12.542 12.537    0.043 0.038 0.030 0.033 0.033  A 40280
   2232.56532 12.546 12.515 12.548 12.542 12.543    0.045 0.039 0.030 0.034 0.031  A 40443
   2233.57047 12.485 12.529 12.554 12.531 12.498    0.047 0.041 0.031 0.037 0.035  A 40606
   2234.55308 12.606 12.696 12.697 12.699 12.706    0.048 0.039 0.031 0.038 0.036  A 40753
   2235.55276 12.641 12.554 12.545 12.557 12.543    0.045 0.040 0.030 0.034 0.032  A 40908
   2236.54701 12.696 12.629 12.676 12.701 12.676    0.050 0.043 0.033 0.040 0.035  A 41068
   2239.53614 12.657 12.566 12.545 12.498 12.514    0.050 0.042 0.035 0.043 0.042  A 41379
   2241.54020 12.668 12.628 12.652 12.692 12.744    0.048 0.041 0.034 0.038 0.037  A 41698
   2243.56342 12.293 12.511 12.629 12.681 12.711    0.055 0.047 0.039 0.048 0.047  B 42024
   2248.52536 12.632 12.504 12.491 12.486 12.512    0.052 0.041 0.033 0.040 0.038  A 42449
   2250.58180 12.445 12.498 12.559 12.587 12.574    0.057 0.044 0.037 0.042 0.041  A 42831
   2252.57561 12.583 12.573 12.587 12.625 12.590    0.056 0.044 0.035 0.043 0.041  A 43152
   2254.57161 12.498 12.498 12.577 12.607 12.592    0.065 0.050 0.040 0.048 0.046  B 43442
   2256.56583 29.999 29.999 29.999 29.999 29.999    0.064 0.051 0.038 0.046 0.045  C 43756
   2258.56891 12.430 12.439 12.548 12.669 12.702    0.074 0.060 0.051 0.057 0.054  D 44081
   2263.56596 29.999 29.999 29.999 29.999 29.999    0.077 0.058 0.048 0.058 0.059  D 44676
   2265.56166 12.468 12.460 12.515 12.573 12.563    0.085 0.064 0.049 0.057 0.059  D 44945
   2270.62787 29.999 29.999 29.999 29.999 29.999    0.087 0.071 0.061 0.068 0.067  D 45402
   2445.82397 12.736 12.736 12.743 12.715 12.645    0.026 0.025 0.018 0.019 0.022  A 9177
   2446.90854 12.508 12.433 12.439 12.459 12.410    0.030 0.034 0.025 0.025 0.024  A 9373
   2466.88128 12.639 12.625 12.590 12.560 12.555    0.027 0.028 0.019 0.020 0.019  A 11384
   2467.83421 12.619 12.586 12.569 12.573 12.555    0.022 0.026 0.018 0.019 0.019  A 11582
   2468.92745 12.429 12.437 12.427 12.428 12.365    0.027 0.029 0.024 0.029 0.029  A 11839
   2471.90061 12.576 12.603 12.633 12.626 12.653    0.028 0.032 0.025 0.029 0.025  A 12589
   2489.76331 12.487 12.456 12.424 12.415 12.395    0.034 0.037 0.029 0.032 0.034  A 13902
   2491.78446 29.999 29.999 29.999 29.999 29.999    0.084 0.080 0.075 0.079 0.078  D 14300
   2493.78613 12.577 12.596 12.571 12.576 12.547    0.036 0.036 0.033 0.040 0.030  A 14538
   2495.71932 12.555 12.567 12.592 12.638 12.606    0.033 0.033 0.030 0.038 0.032  A 14836
   2498.75627 12.778 12.751 12.741 12.750 12.733    0.029 0.030 0.023 0.026 0.023  A 15488
   2499.75973 12.632 12.636 12.623 12.585 12.622    0.027 0.031 0.025 0.030 0.023  A 15699
   2500.73809 12.587 12.591 12.601 12.633 12.637    0.030 0.034 0.023 0.025 0.022  A 15904
   2501.76736 12.609 12.600 12.645 12.654 12.656    0.028 0.031 0.022 0.022 0.020  A 16065
   2502.75834 12.614 12.607 12.619 12.623 12.659    0.030 0.031 0.024 0.031 0.024  A 16273
   2503.75859 29.999 29.999 29.999 29.999 29.999    0.057 0.057 0.055 0.063 0.058  D 16477
   2520.79443 12.612 12.595 12.613 12.589 12.585    0.041 0.035 0.023 0.022 0.019  A 18266
   2526.78569 12.586 12.621 12.617 12.651 12.678    0.050 0.052 0.038 0.029 0.024  A 18905
   2529.68841 12.555 12.580 12.571 12.564 12.547    0.056 0.046 0.035 0.038 0.033  A 19098
   2544.70859 12.619 12.638 12.641 12.652 12.670    0.023 0.023 0.018 0.019 0.021  A 20012
   2545.74948 12.427 12.431 12.459 12.451 12.461    0.026 0.026 0.018 0.018 0.019  A 20219
   2552.61701 12.372 12.405 12.448 12.485 12.439    0.051 0.047 0.038 0.042 0.038  A 21135
   2553.67959 12.692 12.666 12.642 12.617 12.584    0.032 0.033 0.029 0.034 0.026  A 21341
   2556.71419 12.650 12.669 12.653 12.664 12.692    0.030 0.034 0.025 0.024 0.020  A 21723
   2559.68462 12.517 12.583 12.595 12.577 12.560    0.024 0.027 0.021 0.024 0.024  A 22247
   2560.67150 12.600 12.569 12.609 12.687 12.666    0.023 0.023 0.019 0.020 0.022  A 22420
   2561.65343 12.435 12.473 12.496 12.504 12.489    0.043 0.026 0.022 0.022 0.024  A 22560
   2562.65444 12.510 12.504 12.482 12.455 12.475    0.038 0.026 0.018 0.020 0.022  A 22741
   2563.66622 12.482 12.560 12.592 12.606 12.607    0.031 0.029 0.021 0.021 0.022  A 22925
   2564.66544 12.533 12.554 12.529 12.502 12.503    0.026 0.029 0.023 0.028 0.028  A 23104
   2565.68822 12.564 12.642 12.633 12.644 12.639    0.027 0.028 0.022 0.027 0.026  A 23292
   2566.70077 12.699 12.646 12.586 12.572 12.560    0.034 0.034 0.026 0.028 0.028  A 23476
   2578.66058 12.403 12.450 12.435 12.428 12.431    0.031 0.033 0.022 0.024 0.020  A 24955
   2621.61004 12.477 12.477 12.468 12.434 12.381    0.031 0.021 0.019 0.021 0.024  A 29788
   2622.67700 12.615 12.596 12.564 12.510 12.571    0.039 0.023 0.021 0.024 0.027  A 29984
   2625.59744 12.424 12.385 12.348 12.344 12.366    0.027 0.021 0.020 0.022 0.023  A 30397
   2628.60164 12.389 12.422 12.429 12.404 12.396    0.048 0.033 0.028 0.031 0.035  A 30706
   2635.62388 12.375 12.441 12.457 12.475 12.470    0.032 0.021 0.018 0.019 0.020  A 32222
   2637.63442 12.475 12.455 12.428 12.419 12.424    0.022 0.019 0.017 0.019 0.022  A 32518
   2639.63210 12.403 12.455 12.473 12.458 12.439    0.041 0.023 0.020 0.020 0.021  A 32825
   2641.63467 12.434 12.442 12.426 12.426 12.420    0.029 0.022 0.020 0.022 0.024  A 33109
   2644.54124 12.694 12.691 12.685 12.726 12.725    0.036 0.023 0.021 0.024 0.027  A 33531
   2646.54127 12.695 12.657 12.661 12.680 12.702    0.027 0.022 0.020 0.022 0.024  A 33833
   2649.55450 12.672 12.713 12.696 12.665 12.679    0.024 0.028 0.021 0.019 0.021  A 34092
   2651.56433 12.641 12.607 12.584 12.582 12.601    0.037 0.024 0.023 0.025 0.029  A 34406
   2653.58021 12.618 12.654 12.650 12.661 12.688    0.033 0.022 0.020 0.022 0.025  A 34720
   2657.54327 12.515 12.481 12.487 12.473 12.465    0.030 0.030 0.024 0.025 0.030  A 35387
   2659.56135 12.692 12.657 12.633 12.612 12.595    0.031 0.025 0.020 0.022 0.024  A 35737
   2661.55820 12.561 12.589 12.605 12.616 12.628    0.034 0.022 0.020 0.022 0.025  A 36078
   2663.55698 12.587 12.535 12.513 12.516 12.563    0.033 0.023 0.021 0.022 0.025  A 36416
   2665.55905 12.518 12.521 12.512 12.522 12.497    0.031 0.021 0.019 0.020 0.022  A 36768
   2667.56063 12.587 12.588 12.604 12.583 12.615    0.031 0.023 0.021 0.024 0.027  A 37073
   2669.55714 12.635 12.542 12.599 12.629 12.626    0.030 0.030 0.030 0.035 0.042  A 37398
   2671.55613 12.526 12.554 12.572 12.595 12.646    0.028 0.022 0.020 0.022 0.024  A 37727
   2674.52230 12.432 12.506 12.542 12.521 12.489    0.033 0.034 0.036 0.041 0.044  A 38220
   2676.52313 12.491 12.493 12.499 12.533 12.519    0.031 0.025 0.021 0.024 0.028  A 38586
   2678.52706 12.482 12.487 12.486 12.486 12.478    0.031 0.023 0.022 0.024 0.027  A 38930
   2687.51430 12.439 12.541 12.570 12.565 12.531    0.039 0.038 0.041 0.049 0.051  B 40494
   2760.92693 12.535 12.552 12.588 12.629 12.752    0.033 0.031 0.026 0.029 0.032  A 53550
   2765.90523 12.372 12.421 12.381 12.376 12.353    0.029 0.029 0.023 0.026 0.029  A 54434
   2776.92816 12.407 12.409 12.386 12.411 12.459    0.030 0.025 0.025 0.029 0.032  A 55431
   2786.89648 12.520 12.478 12.485 12.485 12.448    0.025 0.024 0.018 0.019 0.021  A 56678
   2809.84010 12.461 12.429 12.423 12.397 12.380    0.024 0.025 0.022 0.024 0.027  A 59590
   2811.88234 12.529 12.645 12.682 12.650 12.613    0.024 0.038 0.025 0.031 0.026  A 60059
   2813.88930 12.833 12.977 12.888 12.758 12.625    0.033 0.039 0.035 0.041 0.041  A 60519
   2819.92960 12.590 12.570 12.597 12.649 12.706    0.027 0.033 0.027 0.030 0.031  A 61414
   2830.78458 12.520 12.557 12.602 12.584 12.544    0.026 0.029 0.023 0.027 0.029  A 62567
   2832.82813 12.450 12.430 12.427 12.419 12.412    0.024 0.024 0.020 0.021 0.024  A 63032
   2836.87978 12.613 12.684 12.729 12.740 12.745    0.040 0.044 0.041 0.048 0.052  B 63777
   2839.87550 12.382 12.326 12.293 12.272 12.347    0.062 0.066 0.063 0.068 0.075  D 64208
   2841.83786 12.356 12.382 12.351 12.370 12.401    0.030 0.030 0.025 0.027 0.029  A 64611
   2844.86362 12.468 12.518 12.455 12.467 12.448    0.023 0.025 0.019 0.022 0.022  A 65097
   2853.76762 12.480 12.460 12.454 12.479 12.481    0.022 0.023 0.016 0.016 0.019  A 65715
   2856.80757 12.503 12.511 12.555 12.543 12.544    0.027 0.031 0.024 0.027 0.029  A 66127
   2858.86182 12.490 12.502 12.495 12.517 12.533    0.020 0.022 0.015 0.016 0.017  A 66416
   2860.75675 12.470 12.617 12.738 12.753 12.805    0.019 0.029 0.020 0.022 0.024  A 66801
   2862.75849 12.426 12.442 12.438 12.421 12.369    0.030 0.038 0.030 0.034 0.033  A 67219
   2872.81335 12.460 12.448 12.504 12.513 12.519    0.020 0.026 0.018 0.019 0.019  A 68234
   2875.82186 12.533 12.554 12.532 12.506 12.496    0.027 0.026 0.016 0.018 0.019  A 68629
   2877.78211 12.404 12.361 12.373 12.358 12.349    0.020 0.028 0.018 0.020 0.020  A 69009
   2880.74656 12.449 12.421 12.414 12.395 12.394    0.026 0.039 0.030 0.030 0.032  A 69410
   2883.77807 12.448 12.383 12.426 12.425 12.482    0.030 0.028 0.021 0.026 0.022  A 69679
   2885.70382 12.596 12.616 12.609 12.585 12.563    0.021 0.028 0.020 0.024 0.021  A 70053
   2892.75572 12.615 12.630 12.612 12.594 12.667    0.035 0.028 0.024 0.026 0.031  A 70725
   2895.79612 12.535 12.477 12.493 12.544 12.589    0.027 0.026 0.021 0.023 0.023  A 71337
   2897.81502 12.461 12.471 12.477 12.477 12.476    0.021 0.020 0.018 0.020 0.022  A 71744
   2899.77483 12.524 12.469 12.481 12.491 12.459    0.025 0.023 0.019 0.021 0.022  A 72090
   2902.74370 12.575 12.621 12.659 12.670 12.648    0.024 0.025 0.020 0.022 0.021  A 72557
   2905.65917 12.494 12.473 12.428 12.400 12.388    0.021 0.032 0.022 0.023 0.021  A 72989
   2907.82064 12.444 12.480 12.497 12.472 12.400    0.047 0.063 0.051 0.055 0.052  D 73311
   2910.65575 12.441 12.441 12.468 12.474 12.482    0.025 0.044 0.029 0.029 0.025  A 73730
   2912.68907 12.441 12.450 12.427 12.417 12.417    0.023 0.046 0.032 0.035 0.025  A 74122
   2915.66605 12.407 12.421 12.483 12.543 12.597    0.023 0.023 0.019 0.021 0.022  A 74396
   2918.68615 12.461 12.445 12.437 12.427 12.403    0.026 0.022 0.021 0.024 0.028  A 74910
   2921.72498 12.486 12.537 12.576 12.573 12.502    0.028 0.028 0.027 0.031 0.037  A 75117
   2923.71260 12.459 12.487 12.520 12.555 12.564    0.024 0.032 0.024 0.027 0.030  A 75488
   2926.71623 12.508 12.504 12.487 12.499 12.538    0.023 0.028 0.020 0.022 0.024  A 75849
   2930.70535 12.493 12.491 99.999 99.999 99.999    0.033 0.035 0.020 0.020 0.021  C 76567
   2932.69452 12.480 12.472 12.481 12.508 12.538    0.026 0.033 0.026 0.030 0.034  A 76918
   2934.68922 12.517 12.525 12.536 12.561 12.554    0.025 0.020 0.017 0.019 0.020  A 77270
   2940.57558 12.402 12.418 12.399 12.380 12.390    0.024 0.026 0.020 0.021 0.023  A 77975
   2943.59283 12.365 12.451 12.441 12.424 12.406    0.042 0.022 0.019 0.020 0.023  A 78344
   2944.73742 12.403 12.416 12.399 12.369 12.352    0.042 0.022 0.020 0.021 0.023  A 78569
   2946.60985 12.400 12.392 12.405 12.404 12.418    0.022 0.029 0.022 0.026 0.025  A 78814
   2948.60893 12.454 12.432 12.400 12.393 12.331    0.030 0.035 0.029 0.031 0.037  A 79127
   2950.64338 12.496 12.490 12.483 12.491 12.522    0.027 0.026 0.024 0.028 0.032  A 79446
   2954.66265 12.534 12.581 12.570 12.574 12.563    0.027 0.031 0.026 0.029 0.033  A 79951
   2958.65718 12.347 12.329 12.314 12.287 12.246    0.072 0.064 0.064 0.062 0.063  D 80531
   2960.65582 12.464 12.546 12.646 12.759 12.926    0.039 0.039 0.042 0.050 0.057  B 80785
   2962.66513 12.506 12.533 12.550 12.574 12.579    0.027 0.024 0.022 0.024 0.027  A 81073
   2964.66829 12.452 12.518 12.541 12.539 12.532    0.028 0.023 0.022 0.024 0.027  A 81357
   2966.67374 12.550 12.595 12.637 12.651 12.630    0.025 0.025 0.024 0.028 0.032  A 81645
   2968.68141 12.463 12.468 12.497 12.521 12.555    0.020 0.022 0.021 0.023 0.026  A 81923
   2973.55147 12.696 12.648 12.599 12.561 12.531    0.040 0.048 0.052 0.057 0.059  B 82434
   2975.57701 12.726 12.670 12.683 12.707 12.765    0.026 0.023 0.022 0.026 0.028  A 82691
   2977.60498 12.486 12.531 12.547 12.574 12.568    0.022 0.021 0.020 0.024 0.027  A 82973
   2979.62571 12.464 12.461 12.473 12.489 12.539    0.023 0.023 0.021 0.026 0.030  A 83250
   2981.63976 12.494 12.537 12.545 12.565 12.620    0.024 0.025 0.026 0.033 0.039  A 83511
   2983.65345 12.289 12.312 12.297 12.323 12.277    0.078 0.083 0.085 0.086 0.091  D 83784
   2985.66273 12.359 12.335 12.296 12.341 12.383    0.084 0.087 0.085 0.087 0.090  D 84051
   2987.68887 12.363 12.379 12.395 12.391 12.428    0.026 0.023 0.022 0.025 0.029  A 84326
   2990.65570 12.409 12.380 12.388 12.402 12.372    0.031 0.024 0.023 0.026 0.029  A 84651
   2992.65614 12.439 12.398 12.369 12.373 12.383    0.041 0.054 0.056 0.058 0.060  B 84927
   2995.58390 12.513 12.540 12.505 12.476 12.423    0.024 0.024 0.021 0.023 0.027  A 85288
   2997.60979 12.592 12.554 12.553 12.582 12.563    0.055 0.069 0.069 0.069 0.070  D 85573
   3000.59814 12.620 12.591 12.592 12.590 12.605    0.026 0.022 0.020 0.023 0.027  A 85841
   3008.62719 12.646 12.613 12.620 12.619 12.691    0.026 0.025 0.025 0.030 0.034  A 86839
   3011.58844 12.475 12.508 12.519 12.525 12.521    0.027 0.028 0.029 0.035 0.039  A 87230
   3013.59836 12.500 12.517 12.513 12.536 12.647    0.032 0.031 0.034 0.042 0.049  A 87498
   3017.57597 12.416 12.378 12.417 12.441 12.548    0.024 0.022 0.021 0.024 0.027  A 87852
   3019.58011 12.422 12.437 12.427 12.412 12.321    0.051 0.048 0.050 0.057 0.066  B 88119
   3030.55856 12.377 12.385 12.391 12.394 12.429    0.022 0.023 0.022 0.025 0.028  A 88704
   3033.55212 12.566 12.551 12.523 12.493 12.486    0.026 0.024 0.023 0.027 0.031  A 88996
   3043.52788 12.698 12.629 12.602 12.581 12.544    0.029 0.025 0.025 0.030 0.035  A 89890
   3047.52175 12.407 12.351 12.337 12.304 12.324    0.029 0.031 0.032 0.041 0.049  A 90426
   3156.92995 12.624 12.643 12.675 12.681 12.635    0.023 0.023 0.023 0.027 0.030  A 104269
   3167.91369 12.403 12.388 12.343 12.274 12.215    0.046 0.038 0.040 0.047 0.054  B 105687
   3171.87376 12.415 12.415 12.438 12.458 12.506    0.036 0.036 0.034 0.038 0.042  A 106259
   3175.93373 12.428 12.412 12.420 12.452 12.475    0.026 0.023 0.022 0.026 0.031  A 106690
   3179.88061 12.400 12.355 12.354 12.359 12.396    0.021 0.022 0.020 0.022 0.025  A 107286
   3183.90084 12.495 12.448 12.469 12.476 12.489    0.034 0.026 0.025 0.031 0.036  A 107744
   3187.85067 12.595 12.598 12.585 12.544 12.509    0.028 0.025 0.024 0.029 0.033  A 108348
   3191.84818 12.425 12.380 12.306 12.217 12.195    0.043 0.036 0.033 0.037 0.043  A 108799
   3290.61719 12.532 12.485 12.505 12.532 12.489    0.043 0.035 0.025 0.024 0.026  A 118130
   3295.59605 12.552 12.580 12.599 12.611 12.606    0.043 0.034 0.022 0.021 0.022  A 118511
   3355.55661 12.684 12.620 12.617 12.651 12.677    0.075 0.045 0.037 0.039 0.040  A 124340
   3357.62070 12.523 12.535 12.548 12.587 12.607    0.055 0.031 0.027 0.030 0.032  A 124584
   3386.56273 12.542 12.524 12.533 12.546 12.551    0.046 0.030 0.029 0.033 0.040  A 126145
   3388.58956 12.611 12.565 12.574 12.590 12.603    0.038 0.026 0.025 0.030 0.033  A 126432
   3391.57201 12.473 12.458 12.434 12.409 12.415    0.048 0.031 0.029 0.032 0.037  A 126819
   3396.55657 12.363 12.365 12.344 12.329 12.295    0.039 0.029 0.030 0.038 0.044  A 127350
   3399.54662 12.394 12.396 12.408 12.441 12.479    0.036 0.029 0.029 0.033 0.037  A 127736
   3403.54002 12.507 12.546 12.573 12.585 12.729    0.069 0.037 0.039 0.044 0.050  A 128216
   3406.53438 12.410 12.409 12.421 12.440 12.481    0.037 0.025 0.024 0.027 0.029  A 128684
   3409.52813 12.438 12.489 12.513 12.555 12.617    0.044 0.031 0.031 0.034 0.037  A 129150
   3412.51928 12.612 12.622 12.651 12.706 12.810    0.042 0.025 0.026 0.031 0.035  A 129586
   3511.91728 12.448 12.448 12.431 12.404 12.401    0.032 0.025 0.022 0.024 0.027  A 143767
   3522.89207 12.556 12.559 12.566 12.557 12.583    0.046 0.030 0.032 0.036 0.040  A 145099
   3526.88202 12.727 12.736 12.732 12.722 12.697    0.070 0.041 0.036 0.038 0.043  A 145764
   3541.88081 12.568 12.581 12.539 12.492 12.463    0.035 0.027 0.026 0.030 0.036  A 147323
   3544.89120 12.589 12.608 12.594 12.592 12.568    0.055 0.034 0.031 0.036 0.039  A 147785
   3552.87771 12.539 12.474 12.445 12.418 12.420    0.056 0.041 0.041 0.047 0.054  B 148548
   3556.85916 12.460 12.465 12.485 12.479 12.486    0.032 0.022 0.022 0.025 0.028  A 149140
   3560.83253 12.533 12.602 12.645 12.657 12.673    0.044 0.028 0.029 0.033 0.037  A 149627
   3563.85829 12.398 12.396 12.380 12.357 12.334    0.048 0.029 0.024 0.026 0.029  A 150159
   3569.90170 12.462 12.439 12.465 12.494 12.556    0.034 0.032 0.025 0.026 0.029  A 150663
   3572.84205 12.514 12.555 12.558 12.622 12.650    0.029 0.030 0.026 0.029 0.033  A 151018
   3575.83063 12.582 12.589 12.601 12.619 12.668    0.033 0.028 0.023 0.026 0.030  A 151538
   3577.90120 12.444 12.445 12.474 12.495 12.479    0.068 0.036 0.032 0.035 0.039  A 151893
   3582.93794 12.458 12.528 12.529 12.518 12.513    0.076 0.043 0.038 0.042 0.046  A 152751
   3585.80936 12.629 12.582 12.603 12.637 12.628    0.063 0.034 0.027 0.028 0.031  A 153238
   3587.84827 12.636 12.613 12.688 12.749 12.786    0.039 0.031 0.024 0.027 0.031  A 153594
   3590.79046 12.547 12.549 12.534 12.518 12.498    0.083 0.040 0.031 0.032 0.035  A 154064
   3597.80724 12.540 12.483 12.504 12.513 12.549    0.056 0.032 0.026 0.027 0.030  A 155186
   3601.71816 12.563 12.549 12.556 12.553 12.580    0.061 0.032 0.029 0.034 0.039  A 155583
   3603.81377 12.407 12.389 12.364 12.337 12.302    0.035 0.030 0.026 0.029 0.031  A 155942
   3617.76156 12.443 12.460 12.467 12.477 12.487    0.043 0.037 0.031 0.033 0.037  A 157175
   3620.71005 12.639 12.618 12.621 12.657 12.673    0.096 0.053 0.044 0.045 0.048  D 157612
   3622.75819 12.518 12.458 12.475 12.492 12.498    0.038 0.030 0.023 0.025 0.028  A 157943
   3625.77090 12.662 12.642 12.624 12.584 12.574    0.036 0.037 0.035 0.038 0.040  A 158211
   3628.73411 12.647 12.580 12.592 12.544 12.524    0.030 0.030 0.024 0.026 0.030  A 158482
   3630.74237 12.501 12.600 12.619 12.680 12.747    0.044 0.034 0.030 0.034 0.039  A 158824
   3638.71157 12.490 12.380 12.365 12.367 12.373    0.036 0.034 0.027 0.029 0.032  A 159803
   3640.82137 12.518 12.481 12.480 12.469 12.459    0.060 0.032 0.025 0.026 0.029  A 160076
   3643.64598 12.692 12.650 12.624 12.613 12.645    0.040 0.036 0.031 0.032 0.037  A 160456
   3646.69305 12.342 12.283 12.290 12.265 12.300    0.035 0.035 0.027 0.027 0.031  A 160782
   3649.62573 12.578 12.507 12.512 12.525 12.598    0.050 0.043 0.040 0.043 0.050  A 161174
   3651.67956 12.546 12.540 12.544 12.558 12.565    0.039 0.027 0.021 0.024 0.026  A 161460
   3653.66394 12.620 12.601 12.566 12.524 12.524    0.062 0.035 0.033 0.038 0.043  A 161765
   3655.64863 12.638 12.654 12.677 12.699 12.683    0.056 0.033 0.028 0.029 0.031  A 162022
   3657.66994 12.496 12.477 12.518 12.563 12.617    0.060 0.031 0.027 0.030 0.033  A 162329
   3659.70614 12.476 12.538 12.555 12.609 12.656    0.035 0.030 0.027 0.032 0.037  A 162654
   3661.73506 12.414 12.424 12.442 12.453 12.474    0.058 0.034 0.031 0.035 0.041  A 162968
   3663.81366 12.552 12.518 12.523 12.534 12.504    0.041 0.032 0.031 0.037 0.044  A 163271
   3666.63021 12.576 12.534 12.557 12.580 12.546    0.038 0.025 0.020 0.022 0.024  A 163650
   3669.72392 12.482 12.514 12.503 12.495 12.492    0.032 0.026 0.020 0.022 0.025  A 164003
   3671.82196 12.539 12.538 12.543 12.570 12.573    0.036 0.031 0.027 0.029 0.034  A 164319
   3674.61189 12.399 12.430 12.418 12.408 12.406    0.052 0.031 0.026 0.028 0.030  A 164682
   3676.63475 12.516 12.500 12.469 12.452 12.471    0.048 0.030 0.024 0.025 0.028  A 164974
   3680.56554 12.511 12.469 12.456 12.450 12.460    0.039 0.026 0.022 0.024 0.026  A 165327
   3701.61154 12.427 12.469 12.509 12.531 12.494    0.068 0.044 0.042 0.045 0.053  A 168167
   3704.60102 12.512 12.491 12.498 12.521 12.560    0.062 0.031 0.026 0.030 0.034  A 168557
   3706.71747 12.646 12.687 12.702 12.684 12.661    0.067 0.040 0.034 0.039 0.045  A 168868
   3711.56041 12.480 12.438 12.421 12.393 12.358    0.069 0.033 0.027 0.028 0.030  A 169237
   3713.56839 12.545 12.521 12.502 12.477 12.466    0.039 0.025 0.023 0.026 0.030  A 169516
   3715.61044 12.730 12.660 12.703 12.793 12.811    0.083 0.065 0.075 0.093 0.109  D 169819
   3717.63940 12.440 12.462 12.460 12.478 12.481    0.051 0.039 0.039 0.046 0.053  A 170084
   3720.62197 12.528 12.526 12.551 12.584 12.698    0.058 0.033 0.029 0.034 0.037  A 170432
   3726.55084 12.484 12.461 12.448 12.455 12.476    0.057 0.036 0.032 0.037 0.042  A 171108
   3728.60985 12.635 12.669 12.693 12.687 12.704    0.046 0.031 0.030 0.035 0.040  A 171402
   3731.62089 12.612 12.578 12.566 12.553 12.577    0.038 0.029 0.029 0.033 0.037  A 171681
   3734.64481 12.405 12.381 12.353 12.325 12.248    0.049 0.037 0.039 0.048 0.058  B 172077
   3737.62817 12.663 12.678 12.696 12.700 12.720    0.034 0.025 0.022 0.025 0.027  A 172485
   3740.56130 12.471 12.437 12.405 12.380 12.373    0.043 0.026 0.024 0.027 0.029  A 172881
   3743.58194 12.391 12.391 12.389 12.390 12.428    0.034 0.026 0.024 0.027 0.032  A 173260
   3746.58953 12.396 12.403 12.358 12.299 12.315    0.034 0.032 0.035 0.043 0.052  A 173666
   3749.57705 12.461 12.476 12.538 12.608 12.777    0.036 0.035 0.040 0.050 0.061  B 174075
   3752.59728 12.451 12.421 12.380 12.305 12.255    0.041 0.030 0.032 0.039 0.046  A 174504
   3755.56086 12.522 12.521 12.504 12.490 12.480    0.032 0.027 0.027 0.030 0.035  A 174895
   3758.55913 12.618 12.606 12.572 12.526 12.486    0.054 0.029 0.024 0.026 0.030  A 175317
   3761.56460 12.565 12.599 12.579 12.491 12.496    0.048 0.035 0.035 0.040 0.047  A 175715
   3764.55280 12.730 12.660 12.665 12.675 12.700    0.037 0.037 0.040 0.044 0.051  A 176126
   3767.54536 12.698 12.688 12.694 12.661 12.557    0.043 0.030 0.033 0.040 0.044  A 176542
   3770.53656 12.387 12.348 12.286 12.168 12.027    0.075 0.072 0.087 0.110 0.133  D 176939
   3775.52057 12.662 12.707 12.715 12.737 12.833    0.052 0.038 0.041 0.050 0.062  B 177605
   3778.51865 12.635 12.694 12.785 12.843 12.853    0.047 0.035 0.036 0.045 0.056  B 178063
   3865.92570 12.617 12.641 12.673 12.725 12.833    0.076 0.039 0.033 0.034 0.039  A 189802
   3869.91446 12.710 12.675 12.624 12.559 12.484    0.063 0.040 0.040 0.049 0.056  B 190462
   3883.93392 12.539 12.556 12.548 12.554 12.559    0.059 0.039 0.036 0.040 0.044  A 192363
   3888.92072 29.999 29.999 29.999 29.999 29.999    0.087 0.078 0.081 0.093 0.109  D 192925
   3892.88487 12.352 12.388 12.412 12.405 12.361    0.052 0.036 0.030 0.030 0.032  A 193609
   3898.90259 12.396 12.361 12.363 12.334 12.304    0.053 0.030 0.031 0.037 0.042  A 194442
   3902.87755 12.512 12.530 12.475 12.447 12.431    0.042 0.027 0.025 0.029 0.034  A 195115
   3905.90272 12.493 12.457 12.464 12.459 12.433    0.034 0.026 0.025 0.029 0.033  A 195691
   3913.91864 12.521 12.544 12.563 12.565 12.565    0.048 0.040 0.041 0.040 0.044  A 197030
   3981.67055 12.709 12.702 12.761 12.799 12.842    0.065 0.034 0.028 0.030 0.034  A 203355
   4089.62920 12.454 12.479 12.486 12.500 12.531    0.078 0.037 0.029 0.030 0.033  A 209128
   4092.59902 12.447 12.473 12.488 12.499 12.448    0.084 0.043 0.035 0.036 0.039  A 209502
   4104.58311 12.872 12.691 12.438 12.233 12.035    0.091 0.061 0.067 0.082 0.095  D 210680
   4107.54856 12.590 12.541 12.539 12.554 12.539    0.042 0.031 0.030 0.032 0.034  A 211069
   4125.54512 12.514 12.564 12.573 12.560 12.532    0.059 0.038 0.034 0.035 0.037  A 211504
   4127.56052 12.535 12.509 12.532 12.527 12.527    0.037 0.028 0.026 0.028 0.032  A 211771
   4131.53568 12.427 12.432 12.406 12.377 12.373    0.065 0.032 0.031 0.036 0.041  A 212282
   4134.53823 12.407 12.407 12.370 12.340 12.336    0.032 0.030 0.032 0.039 0.043  A 212694
   4137.52929 12.458 12.448 12.427 12.385 12.346    0.030 0.024 0.023 0.026 0.029  A 213095
   4231.91469 12.449 12.432 12.465 12.472 12.489    0.069 0.059 0.068 0.078 0.083  D 223970
   4235.92121 12.411 12.336 12.250 12.175 12.065    0.064 0.058 0.063 0.071 0.078  D 224684
   4255.91922 12.504 12.610 12.533 12.518 12.510    0.036 0.035 0.033 0.038 0.043  A 227173
   4273.86947 12.533 12.523 12.549 12.542 12.530    0.045 0.042 0.034 0.036 0.038  A 228576
   4278.89938 12.671 12.638 12.660 12.679 12.721    0.047 0.036 0.033 0.037 0.040  A 229225
   4284.90766 12.474 12.509 12.522 12.526 12.549    0.054 0.039 0.030 0.031 0.035  A 229898
   4290.86309 12.719 12.674 12.653 12.681 12.622    0.057 0.050 0.040 0.041 0.037  A 230575
   4293.85436 12.472 12.451 12.432 12.454 12.500    0.042 0.038 0.030 0.029 0.030  A 231130
   4296.84736 29.999 29.999 29.999 29.999 29.999    0.053 0.050 0.049 0.054 0.060  C 231642
   4299.83825 12.550 12.506 12.490 12.518 12.562    0.053 0.043 0.046 0.050 0.052  B 232186
   4303.85696 12.500 12.551 12.519 12.586 12.559    0.044 0.041 0.037 0.038 0.040  A 232844
   4305.87636 12.443 12.507 12.481 12.434 12.374    0.036 0.034 0.026 0.027 0.028  A 233215
   4307.81757 12.570 12.632 12.629 12.644 12.664    0.048 0.047 0.046 0.047 0.051  B 233539
   4309.82587 12.739 12.785 12.824 12.830 12.797    0.042 0.033 0.025 0.028 0.031  A 233855
   4311.84192 12.744 12.698 12.679 12.712 12.709    0.049 0.038 0.030 0.032 0.035  A 234128
   4314.84172 12.649 12.701 12.746 12.762 12.734    0.043 0.037 0.029 0.030 0.032  A 234447
   4330.72300 12.631 12.572 12.559 12.534 12.541    0.072 0.064 0.062 0.063 0.065  D 235343
   4332.73847 12.598 12.553 12.564 12.570 12.585    0.045 0.043 0.042 0.045 0.047  A 235711
   4334.73175 12.669 12.624 12.661 12.674 12.666    0.033 0.032 0.023 0.024 0.027  A 236066
   4338.71588 12.727 12.722 12.731 12.704 12.648    0.052 0.054 0.054 0.059 0.063  B 236456
   4340.78019 12.395 12.375 12.422 12.466 12.417    0.060 0.060 0.066 0.071 0.076  D 236817
   4342.77918 12.171 12.167 12.151 12.125 12.148    0.080 0.075 0.074 0.078 0.084  D 237149
   4344.78889 12.452 12.445 12.378 12.336 12.267    0.055 0.053 0.057 0.063 0.068  D 237493
   4346.80931 12.522 12.564 12.531 12.509 12.491    0.052 0.051 0.054 0.058 0.063  B 237838
   4348.79545 12.573 12.519 12.516 12.518 12.536    0.061 0.043 0.035 0.037 0.042  A 238188
   4351.69671 12.569 12.494 12.488 12.488 12.577    0.046 0.040 0.039 0.045 0.051  A 238617
   4353.82707 12.376 12.379 12.362 12.346 12.356    0.035 0.032 0.024 0.025 0.027  A 238922
   4356.70057 12.668 12.627 12.641 12.647 12.730    0.032 0.033 0.026 0.029 0.033  A 239366
   4358.84229 12.560 12.561 12.552 12.573 12.581    0.040 0.038 0.033 0.033 0.035  A 239698
   4361.68555 12.581 12.641 12.699 12.731 12.738    0.057 0.044 0.047 0.048 0.049  B 240041
   4363.71353 12.433 12.440 12.468 12.474 12.443    0.035 0.031 0.025 0.027 0.028  A 240364
   4365.70077 12.357 12.343 12.390 12.434 12.437    0.038 0.032 0.024 0.026 0.030  A 240671
   4367.77670 12.670 12.697 12.757 12.782 12.799    0.045 0.036 0.031 0.036 0.041  A 240892
   4369.74213 12.651 12.617 12.529 12.434 12.372    0.039 0.038 0.034 0.039 0.043  A 241178
   4371.75843 12.537 12.518 12.464 12.422 12.396    0.064 0.040 0.035 0.039 0.044  A 241513
   4373.77463 12.609 12.611 12.572 12.540 12.535    0.059 0.036 0.031 0.035 0.037  A 241812
   4376.76690 12.580 12.608 99.999 99.999 99.999    0.041 0.037 0.034 0.037 0.043  C 242167
   4379.62715 12.677 12.694 12.739 12.801 12.861    0.037 0.031 0.025 0.028 0.030  A 242569
   4381.68260 12.534 12.522 12.533 12.504 12.532    0.039 0.037 0.035 0.037 0.040  A 242888
   4383.74343 12.378 12.453 12.471 12.473 12.485    0.058 0.041 0.032 0.033 0.034  A 243214
   4385.72065 12.495 12.435 12.480 12.505 12.522    0.034 0.031 0.024 0.025 0.026  A 243520
   4387.75308 12.279 12.526 12.605 12.541 12.392    0.063 0.061 0.059 0.063 0.069  D 243847
   4389.73078 12.364 12.384 12.396 12.434 12.496    0.046 0.041 0.037 0.042 0.048  A 244139
   4393.67025 12.590 12.539 12.496 12.416 12.415    0.054 0.045 0.045 0.052 0.059  B 244659
   4399.80140 12.555 12.454 12.411 12.319 12.279    0.052 0.036 0.034 0.038 0.044  A 244887
   4407.60647 12.554 12.574 12.551 12.555 12.539    0.040 0.033 0.024 0.026 0.028  A 245568
   4409.62068 12.491 12.520 12.456 12.418 12.415    0.047 0.032 0.026 0.029 0.033  A 245856
   4411.72274 12.576 12.593 12.621 12.640 12.703    0.049 0.040 0.037 0.041 0.043  A 246125
   4421.60715 12.582 12.532 12.543 12.527 12.545    0.040 0.031 0.025 0.028 0.032  A 246534
   4423.62251 12.551 12.539 12.485 12.412 12.378    0.051 0.038 0.036 0.041 0.046  A 246739
   4426.70199 12.504 12.430 12.395 12.357 12.329    0.070 0.045 0.044 0.051 0.058  B 246969
   4428.73908 12.706 12.690 12.745 12.735 12.710    0.064 0.042 0.040 0.046 0.052  A 247202
   4431.61017 12.573 12.563 12.534 12.566 12.606    0.046 0.037 0.031 0.033 0.038  A 247523
   4433.68590 12.485 12.430 12.426 12.419 12.433    0.045 0.035 0.031 0.034 0.035  A 247810
   4436.61852 12.709 12.758 12.716 12.672 12.638    0.074 0.041 0.034 0.035 0.036  A 248150
   4438.68333 12.543 12.545 12.525 12.490 12.463    0.053 0.046 0.045 0.047 0.049  B 248421
   4441.61308 12.696 12.684 12.685 12.675 12.676    0.169 0.079 0.064 0.062 0.050  D 248773
   4444.61889 12.819 12.828 12.823 12.823 12.865    0.051 0.037 0.032 0.034 0.037  A 249080
   4452.58674 12.635 12.665 12.650 12.578 12.526    0.064 0.037 0.029 0.031 0.033  A 250002
   4454.62016 12.670 12.700 12.658 12.591 12.548    0.042 0.036 0.034 0.039 0.044  A 250233
   4457.61065 12.603 12.546 12.518 12.477 12.365    0.060 0.039 0.039 0.044 0.053  A 250558
   4460.59953 12.539 12.550 12.563 12.540 12.502    0.050 0.035 0.029 0.032 0.036  A 250901
   4463.58138 12.447 12.512 12.519 12.522 12.519    0.051 0.040 0.035 0.036 0.041  A 251290
   4465.64806 12.687 12.737 12.726 12.733 12.738    0.049 0.036 0.032 0.036 0.040  A 251532
   4477.58082 12.424 12.407 12.398 12.394 12.365    0.063 0.038 0.030 0.032 0.035  A 252759
   4480.56351 12.595 12.595 12.597 12.577 12.574    0.044 0.037 0.036 0.042 0.049  A 253112
   4487.55066 12.561 12.464 12.454 12.446 12.406    0.071 0.054 0.058 0.063 0.071  D 253796
   4490.54395 12.677 12.693 12.735 12.752 12.732    0.043 0.034 0.031 0.032 0.034  A 254128
   4493.54226 12.550 12.590 12.649 12.700 12.697    0.048 0.032 0.026 0.027 0.031  A 254490
   4497.55414 12.646 12.668 12.681 12.665 12.678    0.054 0.037 0.033 0.035 0.036  A 254741
   4505.52351 12.446 12.438 12.455 12.429 12.374    0.065 0.042 0.038 0.042 0.048  A 255814
   4509.52716 12.623 12.591 12.616 12.680 12.694    0.051 0.042 0.041 0.047 0.052  A 256386
#ndata= 151
#dataset= 4 ; 1 F0120-40_124
#desig= 005618-4121.9
#cra=    0.938314  00:56:17.9
#cdec= -41.365166 -41:21:54.6
#class= 0
#cmag_0= 12.527
#cmer_0=  0.111
#nskip_0= 1
#cmag_1= 12.529
#cmer_1=  0.112
#nskip_1= 1
#cmag_2= 12.532
#cmer_2=  0.115
#nskip_2= 1
#cmag_3= 12.535
#cmer_3=  0.133
#nskip_3= 1
#cmag_4= 12.535
#cmer_4=  0.154
#nskip_4= 1
#ra=    0.938314  00:56:17.9
#dec= -41.365166 -41:21:54.6
#     HJD      MAG_0  MAG_1  MAG_2  MAG_3  MAG_4    MER_0 MER_1 MER_2 MER_3 MER_4 GRADE FRAME
   2039.92164 12.607 12.614 12.542 12.471 12.439    0.078 0.036 0.032 0.035 0.038  B 19360
   2068.87973 12.591 12.576 12.505 12.483 12.507    0.070 0.041 0.044 0.056 0.065  B 22181
   2069.88026 12.660 12.668 12.684 12.662 12.653    0.075 0.035 0.030 0.032 0.035  A 22404
   2080.87514 12.497 12.537 12.551 12.588 12.617    0.056 0.027 0.022 0.024 0.027  A 23002
   2082.91984 12.593 12.641 12.678 12.712 12.708    0.072 0.032 0.026 0.028 0.031  A 23487
   2085.92091 12.518 12.483 12.496 12.532 12.520    0.062 0.029 0.025 0.026 0.029  A 23942
   2087.87841 12.612 12.687 12.649 12.585 12.561    0.065 0.030 0.026 0.029 0.032  A 24368
   2093.90687 12.572 12.639 12.643 12.644 12.621    0.061 0.028 0.023 0.026 0.029  A 24892
   2094.90087 12.521 12.547 12.509 12.452 12.422    0.052 0.024 0.021 0.023 0.026  A 25114
   2095.86764 12.492 12.531 12.521 12.549 12.591    0.066 0.030 0.026 0.029 0.032  A 25326
   2096.81773 12.535 12.546 12.500 12.475 12.397    0.081 0.058 0.059 0.070 0.080  D 25530
   2115.79909 12.794 12.777 12.729 12.678 12.662    0.052 0.031 0.026 0.027 0.029  A 26935
   2143.76308 12.394 12.442 12.463 12.453 12.443    0.062 0.033 0.026 0.028 0.030  A 30854
   2468.92745 12.412 12.423 12.419 12.425 12.358    0.030 0.035 0.027 0.032 0.031  A 11839
   2470.84610 12.660 12.622 12.638 12.670 12.731    0.031 0.035 0.028 0.034 0.028  A 12087
   2473.80458 12.479 12.505 12.496 12.473 12.447    0.031 0.034 0.029 0.035 0.029  A 12756
   2486.79774 12.509 12.489 12.477 12.475 12.443    0.047 0.047 0.041 0.048 0.045  A 13393
   2490.81024 12.369 12.416 12.420 12.436 12.447    0.034 0.036 0.031 0.038 0.031  A 14141
   2492.87728 12.544 12.526 12.573 12.664 12.638    0.064 0.063 0.060 0.067 0.066  D 14373
   2520.88004 12.436 12.475 12.470 12.475 12.507    0.036 0.036 0.023 0.025 0.028  A 18303
   2552.83483 13.299 13.194 13.094 13.076 13.162    0.029 0.030 0.023 0.020 0.022  A 21227
   2558.74313 12.664 12.607 12.599 12.589 12.606    0.063 0.034 0.027 0.027 0.028  A 22091
   2786.90786 12.587 12.577 12.571 12.551 12.615    0.021 0.020 0.018 0.019 0.022  A 56683
   2809.87773 12.504 12.532 12.559 12.593 12.574    0.030 0.033 0.024 0.025 0.028  A 59606
   2811.91259 12.847 12.801 12.769 12.718 12.668    0.028 0.027 0.025 0.026 0.028  A 60072
   2819.93812 12.607 12.596 12.614 12.638 12.624    0.027 0.030 0.025 0.028 0.032  A 61418
   2834.85753 12.376 12.384 12.386 12.371 12.338    0.032 0.033 0.030 0.034 0.041  A 63429
   2886.83276 12.459 12.405 12.459 12.493 12.533    0.022 0.037 0.021 0.023 0.024  A 70320
   2894.70100 12.453 12.454 12.460 12.493 12.523    0.031 0.035 0.028 0.029 0.031  A 71104
   2947.65176 12.426 12.453 12.488 12.523 12.517    0.033 0.036 0.024 0.025 0.028  A 79012
   3163.93640 12.671 12.720 12.647 12.621 12.579    0.025 0.025 0.025 0.030 0.036  A 105126
   3167.91369 12.392 12.379 12.329 12.262 12.202    0.035 0.033 0.034 0.042 0.048  A 105687
   3168.91981 12.447 12.424 12.422 12.416 12.421    0.024 0.026 0.027 0.033 0.039  A 105848
   3177.92459 12.521 12.503 12.549 12.608 12.662    0.041 0.044 0.042 0.049 0.057  B 106995
   3295.62015 12.499 12.540 12.575 12.653 12.744    0.061 0.051 0.043 0.043 0.046  A 118519
   3343.59596 12.356 12.381 12.370 12.335 12.308    0.049 0.032 0.033 0.035 0.038  A 122910
   3358.56914 12.454 12.492 12.496 12.503 12.488    0.061 0.032 0.028 0.030 0.035  A 124678
   3363.62337 12.397 12.403 12.398 12.376 12.346    0.048 0.032 0.031 0.036 0.041  A 124942
   3367.60686 12.474 12.396 12.403 12.412 12.460    0.071 0.077 0.082 0.086 0.094  D 125251
   3384.56832 12.741 12.749 12.805 12.877 12.803    0.084 0.080 0.089 0.101 0.116  D 125862
   3386.56592 12.565 12.563 12.602 12.664 12.682    0.103 0.040 0.035 0.042 0.049  D 126146
   3391.59841 12.535 12.535 12.511 12.500 12.479    0.039 0.031 0.030 0.034 0.040  A 126828
   3526.90750 12.599 12.596 12.629 12.651 12.620    0.087 0.047 0.045 0.050 0.052  B 145773
   3547.92662 12.624 12.585 12.500 12.423 12.350    0.035 0.033 0.035 0.044 0.054  B 148134
   3552.90093 12.410 12.394 12.402 12.406 12.370    0.060 0.034 0.031 0.035 0.040  A 148556
   3558.91187 12.500 12.546 12.564 12.581 12.569    0.063 0.037 0.033 0.035 0.039  A 149322
   3575.85943 12.454 12.430 12.410 12.380 12.359    0.030 0.027 0.024 0.027 0.032  A 151548
   3583.84939 12.577 12.640 12.663 12.686 12.732    0.034 0.023 0.021 0.024 0.028  A 152908
   3589.83391 12.773 12.796 12.850 12.987 13.128    0.056 0.032 0.028 0.031 0.036  A 153909
   3592.80981 12.602 12.569 12.588 12.595 12.547    0.077 0.037 0.030 0.031 0.034  B 154418
   3600.81293 12.293 12.295 12.253 12.236 12.311    0.066 0.045 0.047 0.058 0.071  B 155447
   3603.77989 12.384 12.414 12.423 12.431 12.413    0.046 0.030 0.025 0.028 0.034  A 155931
   3620.74249 12.568 12.478 12.448 12.412 12.403    0.063 0.035 0.032 0.033 0.036  A 157623
   3622.78965 12.496 12.459 12.451 12.472 12.502    0.037 0.028 0.023 0.026 0.031  A 157955
   3628.78442 12.586 12.597 12.650 12.713 12.772    0.031 0.028 0.023 0.025 0.028  A 158498
   3877.91914 12.524 12.567 12.599 12.600 12.577    0.034 0.026 0.025 0.027 0.031  A 191587
   3889.90905 12.503 12.494 12.479 12.436 12.419    0.038 0.031 0.026 0.030 0.035  A 193081
   3893.89726 12.368 12.430 12.461 12.513 12.527    0.038 0.028 0.023 0.025 0.030  A 193798
   3900.89336 12.335 12.295 12.291 12.298 12.335    0.037 0.029 0.031 0.036 0.041  A 194739
   3903.90835 12.479 12.475 12.510 12.545 12.543    0.036 0.025 0.024 0.028 0.033  A 195315
   3906.91687 12.314 12.330 12.339 12.345 12.344    0.044 0.027 0.025 0.028 0.032  A 195888
   4089.64092 12.438 12.407 12.400 12.411 12.374    0.037 0.022 0.022 0.026 0.028  A 209132
   4103.66773 12.473 12.512 12.552 12.594 12.594    0.073 0.043 0.039 0.044 0.052  A 210603
   4106.58395 12.618 12.632 12.593 12.515 12.415    0.044 0.028 0.025 0.029 0.033  A 210942
   4109.59670 12.672 12.622 12.575 12.555 12.545    0.049 0.030 0.026 0.029 0.032  A 211232
   4127.54526 12.445 12.471 12.470 12.486 12.501    0.033 0.031 0.030 0.032 0.035  A 211765
   4129.57298 12.438 12.456 12.513 12.596 12.603    0.028 0.025 0.024 0.028 0.033  A 212041
   4132.53891 12.426 12.373 12.370 12.409 12.406    0.044 0.030 0.028 0.035 0.041  A 212412
   4135.53657 12.399 12.510 12.524 12.520 12.447    0.048 0.026 0.026 0.030 0.035  A 212822
   4147.52345 12.494 12.502 12.479 12.439 12.368    0.040 0.025 0.026 0.030 0.035  A 214526
   4156.51626 12.585 12.615 12.625 12.653 12.641    0.038 0.026 0.027 0.030 0.035  A 215677
   4161.50440 12.511 12.499 12.393 12.323 12.369    0.079 0.054 0.065 0.078 0.086  D 216417
   4258.91469 12.540 12.573 12.593 12.616 12.625    0.042 0.031 0.027 0.030 0.033  A 227611
   4273.91095 12.638 12.712 12.706 12.717 12.758    0.041 0.037 0.031 0.033 0.034  A 228590
   4280.91279 12.594 12.560 12.530 12.554 12.637    0.048 0.044 0.047 0.057 0.070  B 229255
   4283.88276 12.339 12.347 12.345 12.341 12.317    0.066 0.057 0.062 0.067 0.074  D 229718
   4286.85733 12.343 12.253 99.999 99.999 99.999    0.055 0.052 0.057 0.069 0.084  D 230245
   4290.88538 12.709 12.731 12.694 12.673 12.664    0.051 0.051 0.047 0.049 0.049  B 230584
   4293.89329 12.510 12.499 12.503 12.488 12.509    0.034 0.034 0.025 0.025 0.028  A 231143
   4296.88201 12.534 12.432 12.409 12.406 12.405    0.041 0.036 0.034 0.039 0.047  A 231654
   4299.87792 12.414 12.451 12.447 12.443 12.456    0.066 0.048 0.032 0.033 0.036  A 232198
   4302.85503 12.500 12.547 12.609 12.666 12.668    0.037 0.037 0.034 0.041 0.048  A 232671
   4304.84358 12.574 12.568 12.571 12.570 12.567    0.033 0.031 0.024 0.027 0.029  A 233026
   4306.87035 12.586 12.563 12.543 12.521 12.498    0.036 0.031 0.023 0.024 0.027  A 233398
   4308.84065 12.449 12.459 12.410 12.330 12.160    0.076 0.070 0.081 0.100 0.123  D 233718
   4310.85202 12.480 12.519 12.548 12.591 12.639    0.034 0.030 0.025 0.028 0.032  A 233969
   4312.89679 12.544 12.498 12.455 12.459 12.415    0.058 0.047 0.045 0.054 0.065  B 234312
   4316.78392 12.500 12.581 12.608 12.598 12.580    0.035 0.032 0.028 0.030 0.034  A 234694
   4319.88820 12.483 12.535 12.537 12.567 12.618    0.038 0.033 0.029 0.032 0.036  A 235070
   4330.73145 12.608 12.612 12.605 12.589 12.593    0.134 0.046 0.040 0.040 0.042  D 235346
   4332.75652 12.497 12.500 12.466 12.481 12.537    0.067 0.060 0.062 0.067 0.071  D 235717
   4334.76193 12.525 12.548 12.519 12.473 12.463    0.062 0.063 0.067 0.069 0.070  D 236076
   4338.72855 12.596 12.528 12.513 12.515 12.527    0.047 0.047 0.049 0.055 0.060  B 236460
   4340.79198 12.533 12.458 12.449 12.451 12.446    0.040 0.034 0.029 0.034 0.039  A 236821
   4342.79120 12.397 12.368 12.337 12.279 12.257    0.062 0.060 0.063 0.070 0.078  D 237153
   4344.80807 12.323 12.510 12.598 12.621 12.614    0.074 0.066 0.071 0.076 0.081  D 237499
   4346.84295 12.396 12.422 12.335 12.225 12.222    0.050 0.058 0.079 0.108 0.121  D 237850
   4349.72570 12.636 12.628 12.645 12.670 12.702    0.054 0.036 0.030 0.033 0.037  A 238321
   4351.79061 12.617 12.573 12.552 12.565 12.652    0.049 0.045 0.047 0.059 0.071  B 238649
   4354.71806 12.565 12.547 12.552 12.550 12.517    0.040 0.042 0.023 0.025 0.028  A 239025
   4357.70724 12.441 12.436 12.432 12.416 12.428    0.037 0.031 0.026 0.028 0.031  A 239487
   4359.76705 13.004 13.276 13.647 14.015 14.238    0.054 0.055 0.058 0.070 0.085  D 239840
   4362.71125 12.458 12.526 12.532 12.531 12.553    0.070 0.045 0.039 0.040 0.043  A 240197
   4364.69600 12.446 12.459 12.460 12.460 12.496    0.030 0.031 0.024 0.026 0.029  A 240523
   4366.85299 12.538 12.508 12.505 12.521 12.572    0.033 0.032 0.027 0.029 0.032  A 240760
   4368.74857 12.681 12.663 12.655 12.623 12.662    0.035 0.035 0.030 0.035 0.040  A 241021
   4372.73184 12.616 12.579 12.603 12.672 12.780    0.041 0.033 0.033 0.038 0.046  A 241663
   4375.73489 12.384 12.368 12.375 12.385 12.438    0.039 0.033 0.030 0.035 0.042  A 241991
   4377.80181 12.673 12.688 12.737 12.828 12.897    0.043 0.033 0.033 0.039 0.045  A 242315
   4380.65732 12.595 12.572 12.577 12.579 12.597    0.039 0.034 0.032 0.035 0.039  A 242725
   4382.69818 12.405 12.438 12.437 12.427 12.443    0.033 0.032 0.026 0.027 0.031  A 243044
   4384.72064 12.406 12.350 12.372 12.355 12.336    0.036 0.035 0.029 0.032 0.036  A 243357
   4386.70659 12.469 12.472 12.482 12.486 12.507    0.033 0.032 0.028 0.032 0.038  A 243675
   4388.69240 12.497 12.503 12.505 12.513 12.512    0.035 0.031 0.024 0.026 0.028  A 243983
   4392.66818 12.490 12.566 12.559 12.541 12.510    0.043 0.028 0.023 0.026 0.030  A 244526
   4399.83936 12.577 12.636 12.755 12.920 12.984    0.043 0.036 0.037 0.044 0.052  A 244899
   4403.60997 12.452 12.457 12.466 12.473 12.478    0.069 0.053 0.040 0.042 0.045  A 245251
   4407.63613 12.534 12.525 12.516 12.521 12.542    0.048 0.037 0.032 0.035 0.040  A 245578
   4409.65500 12.507 12.472 12.470 12.444 12.421    0.046 0.032 0.027 0.030 0.034  A 245867
   4411.72828 12.547 12.634 12.681 12.730 12.765    0.049 0.038 0.037 0.040 0.044  A 246127
   4421.61020 12.568 12.582 12.614 12.661 12.704    0.056 0.035 0.027 0.030 0.035  A 246535
   4423.62544 12.520 12.530 12.581 12.671 12.744    0.061 0.038 0.035 0.041 0.048  A 246740
   4426.70496 12.524 12.485 12.447 12.380 12.228    0.040 0.033 0.035 0.044 0.055  B 246970
   4428.74301 12.668 12.692 12.628 12.531 12.480    0.035 0.031 0.032 0.038 0.046  A 247203
   4431.61598 12.508 12.554 12.574 12.603 12.640    0.043 0.034 0.029 0.032 0.037  A 247525
   4433.69171 12.436 12.426 12.409 12.400 12.363    0.032 0.027 0.025 0.029 0.034  A 247812
   4435.75941 12.683 12.686 12.680 12.648 12.626    0.070 0.038 0.031 0.034 0.037  A 248069
   4438.62800 12.590 12.595 12.589 12.607 12.625    0.045 0.036 0.034 0.036 0.041  A 248402
   4440.72346 12.531 12.475 12.476 12.488 12.501    0.034 0.027 0.023 0.026 0.029  A 248691
   4443.64115 12.579 12.553 12.535 12.519 12.522    0.035 0.033 0.029 0.030 0.034  A 248985
   4448.68061 12.480 12.433 12.398 12.369 12.345    0.036 0.029 0.025 0.028 0.033  A 249523
   4453.63154 12.625 12.634 12.585 12.588 12.560    0.052 0.048 0.052 0.057 0.063  B 250122
   4458.62229 12.814 12.815 12.804 12.773 12.757    0.052 0.037 0.033 0.037 0.043  A 250693
   4461.61189 12.653 12.621 12.672 12.731 12.758    0.031 0.029 0.024 0.028 0.031  A 251025
   4463.66452 12.481 12.526 12.527 12.523 12.526    0.044 0.033 0.027 0.029 0.033  A 251317
   4466.61500 12.706 12.709 12.730 12.750 12.728    0.057 0.050 0.052 0.057 0.061  B 251636
   4473.63719 12.707 12.764 12.747 12.719 12.678    0.060 0.063 0.069 0.072 0.079  D 252364
   4476.63005 12.668 12.757 12.791 12.849 12.892    0.070 0.067 0.072 0.076 0.080  D 252641
   4479.60287 12.470 12.420 12.380 12.359 12.417    0.058 0.046 0.049 0.053 0.057  B 253005
   4482.61367 12.600 12.458 12.403 12.325 12.210    0.048 0.043 0.047 0.055 0.063  B 253309
   4485.60718 12.437 12.443 12.343 12.208 12.109    0.045 0.035 0.039 0.049 0.059  B 253582
   4488.57961 12.577 12.518 12.447 12.377 12.354    0.062 0.060 0.068 0.078 0.087  D 253922
   4490.60387 12.492 12.488 12.505 12.561 12.634    0.032 0.029 0.028 0.033 0.038  A 254150
   4493.57284 12.644 12.599 12.551 12.494 12.456    0.060 0.045 0.037 0.032 0.037  A 254501
   4497.56320 12.556 12.569 12.561 12.548 12.491    0.030 0.030 0.027 0.030 0.037  A 254744
   4503.54936 12.529 12.543 12.532 12.503 12.441    0.035 0.040 0.040 0.045 0.050  A 255536
   4506.54580 12.576 12.588 12.615 12.622 12.579    0.032 0.032 0.032 0.039 0.046  A 255964
   4509.53838 12.473 12.554 12.577 12.580 12.566    0.042 0.034 0.034 0.039 0.046  A 256390
   4512.53988 12.343 12.418 12.440 12.457 12.398    0.042 0.040 0.043 0.051 0.062  B 256796
   4518.51831 12.389 12.313 12.311 12.328 12.380    0.040 0.033 0.032 0.037 0.045  A 257370
   4521.51190 12.476 12.519 12.547 12.596 12.610    0.040 0.034 0.032 0.037 0.043  A 257801
#ndata= 1
#dataset= 5 ; 1 F0448-24_207
#desig= 005618-4122.0
#cra=    0.938351  00:56:18.1
#cdec= -41.365905 -41:21:57.3
#class= 0
#cmag_0= 12.522
#cmer_0=  0.000
#nskip_0= 0
#cmag_1= 12.522
#cmer_1=  0.000
#nskip_1= 0
#cmag_2= 12.570
#cmer_2=  0.000
#nskip_2= 0
#cmag_3= 12.670
#cmer_3=  0.000
#nskip_3= 0
#cmag_4= 12.642
#cmer_4=  0.000
#nskip_4= 0
#ra=    0.938351  00:56:18.1
#dec= -41.365905 -41:21:57.3
#     HJD      MAG_0  MAG_1  MAG_2  MAG_3  MAG_4    MER_0 MER_1 MER_2 MER_3 MER_4 GRADE FRAME
   2492.87728 12.523 12.522 12.570 12.670 12.642    0.076 0.063 0.057 0.050 0.040  B 14373
