#ndata= 1
#dataset= 1 ; 1 F0000-56_060
#desig= 005735-5246.0
#cra=    0.959725  00:57:35.0
#cdec= -52.766430 -52:45:59.1
#class= 0
#cmag_0= 12.285
#cmer_0=  0.000
#nskip_0= 0
#cmag_1= 12.257
#cmer_1=  0.000
#nskip_1= 0
#cmag_2= 12.269
#cmer_2=  0.000
#nskip_2= 0
#cmag_3= 12.258
#cmer_3=  0.000
#nskip_3= 0
#cmag_4= 12.251
#cmer_4=  0.000
#nskip_4= 0
#ra=    0.959725  00:57:35.0
#dec= -52.766430 -52:45:59.1
#     HJD      MAG_0  MAG_1  MAG_2  MAG_3  MAG_4    MER_0 MER_1 MER_2 MER_3 MER_4 GRADE FRAME
   2500.73530 12.285 12.257 12.270 12.259 12.252    0.040 0.038 0.030 0.033 0.029  A 15903
#ndata= 344
#dataset= 2 ; 1 F0048-56_061
#desig= 005735-5245.9
#cra=    0.959645  00:57:34.7
#cdec= -52.765666 -52:45:56.4
#class= 0
#cmag_0= 12.222
#cmer_0=  0.105
#nskip_0= 0
#cmag_1= 12.228
#cmer_1=  0.105
#nskip_1= 0
#cmag_2= 12.234
#cmer_2=  0.109
#nskip_2= 0
#cmag_3= 12.237
#cmer_3=  0.116
#nskip_3= 0
#cmag_4= 12.244
#cmer_4=  0.122
#nskip_4= 0
#ra=    0.959645  00:57:34.7
#dec= -52.765666 -52:45:56.4
#     HJD      MAG_0  MAG_1  MAG_2  MAG_3  MAG_4    MER_0 MER_1 MER_2 MER_3 MER_4 GRADE FRAME
   1868.56058 12.163 12.157 12.139 12.118 12.103    0.049 0.022 0.020 0.023 0.024  A 48
   1869.55630 12.100 12.075 12.085 12.108 12.123    0.038 0.021 0.018 0.021 0.023  A 208
   1871.55570 12.114 12.135 12.151 12.151 12.183    0.072 0.028 0.024 0.026 0.029  A 492
   1873.55236 12.282 12.369 12.366 12.361 12.360    0.067 0.030 0.026 0.029 0.031  A 806
   1875.54228 12.163 12.125 12.117 12.121 12.136    0.068 0.033 0.030 0.026 0.028  A 1124
   1879.53273 12.313 12.274 12.285 12.286 12.293    0.037 0.021 0.018 0.020 0.022  A 1755
   1881.54255 12.213 12.178 12.216 12.252 12.228    0.043 0.023 0.019 0.022 0.024  A 2072
   1885.52838 12.275 12.245 12.214 12.184 12.194    0.043 0.026 0.023 0.025 0.028  A 2377
   1887.55573 12.271 12.244 12.253 12.253 12.243    0.041 0.022 0.021 0.024 0.027  A 2708
   1900.57279 12.126 12.106 12.114 12.134 12.136    0.048 0.030 0.023 0.025 0.030  A 3325
   1903.58730 12.284 12.325 12.309 12.310 12.300    0.043 0.024 0.020 0.021 0.024  A 3647
   1905.59521 12.214 12.259 12.240 12.252 12.250    0.038 0.021 0.017 0.019 0.022  A 3972
   1914.57511 12.092 12.127 12.113 12.105 12.097    0.034 0.022 0.019 0.022 0.024  A 4743
   1919.58006 12.284 12.242 12.274 12.299 12.298    0.036 0.028 0.025 0.028 0.033  A 5279
   1922.54717 12.178 12.200 12.228 12.250 12.258    0.028 0.025 0.020 0.021 0.025  A 5736
   1925.54927 12.248 12.231 12.257 12.267 12.251    0.052 0.042 0.041 0.045 0.048  B 6241
   1929.54030 12.200 12.222 12.207 12.156 12.127    0.039 0.024 0.021 0.024 0.027  A 6885
   1933.52581 12.071 12.057 12.098 12.081 12.099    0.033 0.030 0.023 0.026 0.028  A 7544
   2033.91922 12.201 12.166 12.172 12.162 12.167    0.035 0.025 0.022 0.024 0.026  A 18571
   2052.92994 12.424 12.413 12.403 12.388 12.402    0.059 0.031 0.027 0.029 0.032  A 19945
   2054.89365 12.171 12.115 12.114 12.117 12.110    0.077 0.032 0.030 0.032 0.034  A 20360
   2056.88125 12.376 12.299 12.304 12.304 12.287    0.065 0.030 0.026 0.028 0.030  A 20804
   2058.90163 12.353 12.392 12.407 12.431 12.491    0.048 0.026 0.025 0.029 0.032  A 21255
   2064.93962 12.201 12.126 12.131 12.136 12.158    0.067 0.029 0.025 0.026 0.029  A 21678
   2067.87361 12.166 12.138 12.153 12.160 12.157    0.067 0.031 0.026 0.029 0.030  A 21952
   2068.84195 12.343 12.320 12.349 12.372 12.390    0.073 0.044 0.046 0.054 0.061  B 22164
   2069.83966 12.304 12.319 12.307 12.321 12.361    0.068 0.030 0.027 0.030 0.035  A 22386
   2080.83527 12.064 12.096 12.114 12.134 12.154    0.059 0.025 0.022 0.025 0.028  A 22984
   2082.89118 12.114 12.130 12.108 12.086 12.095    0.063 0.032 0.026 0.029 0.032  A 23474
   2087.84500 12.151 12.149 12.186 12.219 12.230    0.061 0.029 0.026 0.030 0.034  A 24353
   2088.85935 12.011 12.114 12.133 12.163 12.172    0.065 0.028 0.025 0.027 0.030  A 24588
   2093.88986 12.269 12.326 12.305 12.291 12.286    0.070 0.034 0.028 0.030 0.033  A 24884
   2094.81705 12.224 12.223 12.237 12.231 12.252    0.072 0.034 0.030 0.033 0.035  A 25077
   2095.79959 12.190 12.127 12.144 12.180 12.179    0.072 0.036 0.033 0.039 0.043  A 25296
   2103.76025 12.363 12.352 12.360 12.341 12.322    0.060 0.030 0.026 0.027 0.029  A 25864
   2104.84394 12.139 12.156 12.177 12.194 12.173    0.058 0.029 0.025 0.026 0.028  A 26097
   2105.82846 12.400 12.400 12.374 12.388 12.406    0.065 0.033 0.027 0.029 0.032  A 26313
   2106.85015 12.272 12.245 12.256 12.260 12.287    0.059 0.030 0.026 0.028 0.030  A 26525
   2113.86492 12.158 12.118 12.125 12.115 12.096    0.045 0.027 0.022 0.024 0.027  A 26647
   2115.76502 12.200 12.215 12.192 12.160 12.157    0.056 0.039 0.024 0.026 0.027  A 26920
   2116.79620 12.140 12.167 12.171 12.180 12.189    0.046 0.028 0.023 0.024 0.027  A 27156
   2117.79715 12.271 12.272 12.275 12.268 12.283    0.054 0.031 0.025 0.026 0.030  A 27375
   2128.71281 12.254 12.280 12.296 12.315 12.334    0.058 0.029 0.026 0.028 0.030  A 27972
   2129.73677 12.293 12.354 12.355 12.329 12.315    0.061 0.029 0.024 0.025 0.028  A 28197
   2130.74978 12.223 12.288 12.301 12.319 12.345    0.060 0.028 0.024 0.027 0.029  A 28419
   2131.76011 12.377 12.366 12.373 12.391 12.382    0.062 0.029 0.024 0.026 0.028  A 28623
   2132.77159 12.298 12.329 12.314 12.287 12.257    0.064 0.028 0.024 0.026 0.029  A 28840
   2133.77147 12.359 12.399 12.420 12.421 12.436    0.050 0.029 0.026 0.026 0.029  A 29056
   2134.76486 12.105 12.101 12.118 12.121 12.110    0.054 0.034 0.028 0.028 0.029  A 29267
   2135.76786 12.145 12.090 12.057 12.051 12.043    0.070 0.050 0.051 0.060 0.069  B 29483
   2136.76135 12.165 12.200 12.193 12.177 12.184    0.064 0.042 0.038 0.040 0.043  A 29694
   2140.77447 12.400 12.380 12.362 12.349 12.361    0.072 0.041 0.039 0.046 0.050  B 30242
   2141.74902 12.066 12.123 12.139 12.144 12.131    0.058 0.027 0.025 0.028 0.029  A 30443
   2143.74250 12.246 12.218 12.193 12.194 12.205    0.062 0.035 0.029 0.030 0.032  A 30845
   2144.74492 12.303 12.261 12.288 12.327 12.332    0.066 0.031 0.026 0.028 0.030  A 31051
   2151.68613 12.134 12.195 12.232 12.298 12.307    0.093 0.057 0.055 0.061 0.068  D 31407
   2444.83877 12.156 12.122 12.140 12.166 12.182    0.024 0.027 0.020 0.021 0.020  A 8966
   2446.83396 12.127 12.101 12.103 12.096 12.108    0.030 0.031 0.023 0.024 0.024  A 9341
   2452.81748 12.212 12.169 12.118 12.098 12.119    0.035 0.035 0.028 0.030 0.031  A 9527
   2453.77494 12.468 12.473 12.492 12.483 12.445    0.032 0.032 0.026 0.029 0.029  A 9692
   2465.85301 12.258 12.319 12.427 12.471 12.434    0.040 0.040 0.035 0.038 0.034  A 11153
   2467.83881 12.053 12.087 12.101 12.125 12.121    0.024 0.028 0.021 0.024 0.022  A 11584
   2470.80359 12.282 12.290 12.273 12.279 12.288    0.032 0.033 0.026 0.030 0.028  A 12068
   2471.91016 12.097 12.054 12.063 12.083 12.053    0.031 0.034 0.027 0.032 0.026  A 12593
   2473.86000 12.194 12.199 12.300 12.393 12.492    0.039 0.039 0.034 0.042 0.037  A 12780
   2481.82003 11.946 12.084 12.139 12.145 12.075    0.054 0.049 0.044 0.051 0.050  B 13028
   2482.71707 12.125 12.113 12.140 12.187 12.219    0.044 0.039 0.034 0.040 0.036  A 13190
   2486.78673 12.113 12.098 12.079 12.085 12.120    0.047 0.042 0.037 0.042 0.044  A 13388
   2487.80074 11.993 12.012 12.012 12.044 12.045    0.061 0.055 0.048 0.051 0.052  B 13550
   2489.76067 12.306 12.302 12.311 12.290 12.300    0.039 0.040 0.035 0.040 0.041  A 13901
   2490.78551 12.251 12.283 12.292 12.335 12.345    0.039 0.039 0.033 0.040 0.037  A 14130
   2493.78788 12.106 12.121 12.140 12.159 12.151    0.047 0.045 0.039 0.044 0.038  A 14539
   2495.72557 12.348 12.326 12.368 12.384 12.354    0.038 0.037 0.032 0.039 0.034  A 14839
   2498.76241 12.140 12.179 12.148 12.133 12.136    0.031 0.034 0.026 0.030 0.024  A 15491
   2499.76139 12.089 12.110 12.101 12.088 12.096    0.031 0.034 0.026 0.030 0.025  A 15700
   2500.73530 12.272 12.238 12.255 12.248 12.241    0.033 0.036 0.028 0.030 0.026  A 15903
   2501.76221 12.119 12.098 12.119 12.099 12.113    0.032 0.033 0.027 0.030 0.023  A 16063
   2502.76901 12.257 12.285 12.389 12.463 12.446    0.042 0.039 0.032 0.038 0.031  A 16278
   2503.76016 29.999 29.999 29.999 29.999 29.999    0.071 0.065 0.059 0.063 0.060  D 16478
   2510.69761 29.999 29.999 29.999 29.999 29.999    0.063 0.065 0.064 0.078 0.092  D 17001
   2520.77907 12.292 12.272 12.255 12.210 12.251    0.054 0.047 0.037 0.039 0.029  A 18260
   2521.80402 12.274 12.166 12.190 12.203 12.208    0.041 0.038 0.032 0.032 0.032  A 18467
   2526.79362 12.262 12.341 12.396 12.435 12.443    0.050 0.048 0.036 0.030 0.026  A 18909
   2529.68956 12.274 12.304 12.334 12.314 12.294    0.050 0.041 0.031 0.034 0.030  A 19099
   2539.64844 12.220 12.101 12.161 12.205 12.224    0.059 0.049 0.044 0.049 0.046  B 19525
   2540.72424 12.152 12.191 12.168 12.179 12.195    0.027 0.023 0.018 0.020 0.023  A 19747
   2544.71887 12.235 12.273 12.269 12.273 12.263    0.023 0.029 0.021 0.020 0.021  A 20017
   2545.75728 12.208 12.182 12.186 12.187 12.190    0.026 0.020 0.017 0.018 0.020  A 20223
   2552.78188 12.060 12.067 12.080 12.087 12.109    0.038 0.025 0.022 0.021 0.022  A 21206
   2554.61825 12.278 12.375 12.363 12.348 12.348    0.054 0.046 0.040 0.043 0.045  A 21500
   2556.67831 12.231 12.241 12.276 12.303 12.286    0.040 0.039 0.036 0.042 0.034  A 21708
   2558.70356 12.284 12.324 12.329 12.318 12.315    0.043 0.027 0.021 0.021 0.021  A 22075
   2559.67391 12.150 12.138 12.140 12.141 12.147    0.029 0.027 0.018 0.018 0.019  A 22243
   2560.67245 12.131 12.092 12.107 12.095 12.105    0.033 0.034 0.030 0.027 0.027  A 22421
   2562.65541 12.162 12.220 12.202 12.213 12.274    0.023 0.032 0.024 0.025 0.026  A 22742
   2563.66719 12.267 12.234 12.314 12.372 12.402    0.042 0.031 0.026 0.026 0.027  A 22926
   2564.66639 12.283 12.273 12.272 12.245 12.269    0.033 0.028 0.023 0.024 0.026  A 23105
   2565.68916 12.278 12.280 12.294 12.303 12.321    0.024 0.027 0.022 0.022 0.023  A 23293
   2566.70171 12.363 12.330 12.364 12.399 12.424    0.031 0.034 0.026 0.027 0.026  A 23477
   2578.66382 12.298 12.326 12.303 12.335 12.330    0.028 0.031 0.022 0.022 0.021  A 24957
   2621.60707 12.221 12.251 12.222 12.220 12.224    0.024 0.022 0.020 0.022 0.024  A 29787
   2622.67405 12.263 12.275 12.252 12.259 12.271    0.035 0.023 0.022 0.024 0.027  A 29983
   2624.69861 12.295 12.341 12.323 12.301 99.999    0.044 0.025 0.025 0.028 0.032  C 30278
   2628.54489 12.135 12.170 12.174 12.165 12.166    0.029 0.026 0.024 0.027 0.029  A 30682
   2635.62121 12.388 12.384 12.365 12.358 12.360    0.027 0.021 0.018 0.019 0.021  A 32221
   2637.63178 12.268 12.260 12.288 12.317 12.351    0.021 0.019 0.019 0.021 0.024  A 32517
   2639.62952 12.111 12.098 12.097 12.103 12.113    0.037 0.026 0.022 0.022 0.024  A 32824
   2641.63214 12.161 12.148 12.136 12.114 12.098    0.030 0.021 0.020 0.022 0.024  A 33108
   2643.64144 12.374 12.401 12.442 12.460 12.477    0.033 0.021 0.019 0.021 0.024  A 33423
   2645.60933 12.154 12.160 12.176 12.181 12.179    0.034 0.023 0.019 0.020 0.022  A 33707
   2647.59553 12.298 12.332 12.343 12.341 12.320    0.033 0.028 0.027 0.029 0.033  A 33999
   2650.57797 12.085 12.124 12.106 12.081 12.102    0.027 0.024 0.021 0.021 0.023  A 34256
   2652.58868 12.086 12.094 12.138 12.172 12.204    0.040 0.029 0.027 0.029 0.033  A 34566
   2654.59666 12.200 12.233 12.239 12.239 12.236    0.039 0.030 0.023 0.024 0.027  A 34879
   2658.56128 12.076 12.081 12.063 12.058 12.059    0.036 0.025 0.022 0.025 0.028  A 35568
   2660.56615 12.268 12.194 12.211 12.208 12.202    0.054 0.036 0.026 0.026 0.027  A 35910
   2664.56161 12.135 12.089 12.095 12.088 12.095    0.036 0.037 0.026 0.025 0.026  A 36593
   2666.55901 12.066 12.131 12.132 12.143 12.148    0.038 0.029 0.023 0.023 0.026  A 36919
   2668.56475 12.369 12.322 12.331 12.333 12.374    0.028 0.034 0.023 0.022 0.024  A 37244
   2670.56018 12.317 12.303 12.311 12.328 12.312    0.026 0.020 0.019 0.020 0.022  A 37558
   2672.56319 12.131 12.095 12.097 12.101 12.134    0.027 0.022 0.020 0.021 0.022  A 37894
   2674.55330 12.215 12.237 12.255 12.259 12.288    0.023 0.022 0.019 0.021 0.023  A 38233
   2676.54681 12.255 12.286 12.300 12.320 12.334    0.027 0.023 0.020 0.021 0.024  A 38596
   2678.54372 12.074 12.091 12.117 12.130 12.130    0.026 0.022 0.021 0.023 0.027  A 38937
   2680.55110 12.086 12.120 12.132 12.130 12.104    0.034 0.026 0.024 0.027 0.030  A 39270
   2683.53872 12.232 12.268 12.284 12.301 12.290    0.030 0.026 0.024 0.027 0.031  A 39774
   2686.52762 12.178 12.156 12.155 12.157 12.159    0.035 0.027 0.029 0.034 0.039  A 40316
   2688.53532 12.244 12.270 12.298 12.301 12.297    0.031 0.025 0.025 0.029 0.033  A 40683
   2691.51394 12.169 12.207 12.210 12.220 12.239    0.028 0.025 0.023 0.026 0.029  A 41231
   2698.50681 12.117 12.141 12.149 12.150 12.197    0.031 0.031 0.032 0.038 0.044  A 42455
   2755.92368 12.119 12.136 12.163 12.202 12.211    0.026 0.028 0.025 0.027 0.031  A 52582
   2760.92358 12.372 12.394 12.351 12.330 12.328    0.027 0.029 0.024 0.026 0.029  A 53548
   2764.91398 12.051 12.075 12.103 12.126 12.138    0.029 0.026 0.025 0.029 0.034  A 54366
   2776.92703 12.351 12.325 12.348 12.381 12.378    0.030 0.030 0.029 0.031 0.034  A 55430
   2786.89047 12.310 12.290 12.302 12.309 12.301    0.025 0.021 0.019 0.020 0.022  A 56675
   2809.83619 12.134 12.205 12.227 12.239 12.240    0.027 0.031 0.026 0.025 0.025  A 59588
   2811.87611 12.081 12.163 12.143 12.168 12.202    0.025 0.028 0.027 0.028 0.029  A 60056
   2813.87844 12.102 12.146 12.144 12.113 12.104    0.025 0.025 0.023 0.023 0.024  A 60514
   2819.91227 12.272 12.345 12.333 12.380 12.435    0.039 0.046 0.042 0.049 0.052  B 61407
   2830.77486 12.144 12.210 12.151 12.136 12.150    0.030 0.032 0.028 0.033 0.036  A 62563
   2832.82596 12.061 12.039 12.037 12.022 12.005    0.027 0.029 0.025 0.029 0.030  A 63031
   2836.88889 12.223 12.150 12.107 12.069 12.090    0.045 0.053 0.053 0.060 0.064  B 63781
   2839.88231 12.250 12.272 12.353 12.428 12.460    0.053 0.056 0.053 0.058 0.064  B 64211
   2841.83300 12.155 12.177 12.163 12.155 12.165    0.028 0.031 0.026 0.029 0.031  A 64609
   2844.88981 12.260 12.275 12.266 12.256 12.254    0.022 0.027 0.022 0.025 0.024  A 65108
   2853.76500 12.390 12.362 12.358 12.351 12.357    0.020 0.027 0.024 0.027 0.025  A 65714
   2856.80941 12.385 12.387 12.414 12.416 12.437    0.029 0.031 0.025 0.028 0.031  A 66128
   2858.86363 12.311 12.289 12.323 12.336 12.331    0.021 0.026 0.022 0.023 0.021  A 66417
   2860.76811 12.177 12.109 12.104 12.129 12.167    0.024 0.029 0.027 0.028 0.030  A 66806
   2862.74573 12.191 12.200 12.214 12.169 12.127    0.028 0.030 0.024 0.027 0.031  A 67214
   2872.81486 12.268 12.221 12.230 12.228 12.237    0.021 0.029 0.026 0.029 0.027  A 68235
   2875.82333 12.121 12.095 12.106 12.108 12.113    0.024 0.038 0.026 0.023 0.021  A 68630
   2877.78353 12.297 12.333 12.339 12.374 12.398    0.023 0.038 0.034 0.035 0.032  A 69010
   2880.75024 12.203 12.238 12.253 12.242 12.244    0.026 0.033 0.031 0.031 0.030  A 69412
   2883.79771 12.205 12.218 12.212 12.219 12.242    0.028 0.022 0.016 0.017 0.018  A 69688
   2885.70971 12.133 12.171 12.148 12.138 12.145    0.021 0.028 0.025 0.027 0.028  A 70056
   2886.81390 12.368 12.374 12.375 12.351 12.337    0.028 0.035 0.032 0.031 0.031  A 70312
   2892.76382 12.137 12.164 12.148 12.139 12.125    0.029 0.024 0.024 0.025 0.029  A 70729
   2895.79277 12.140 12.143 12.145 12.169 12.177    0.025 0.027 0.024 0.028 0.028  A 71336
   2897.81160 12.089 12.074 12.095 12.113 12.107    0.022 0.025 0.019 0.020 0.022  A 71743
   2899.77143 12.289 12.358 12.340 12.335 12.325    0.026 0.036 0.030 0.028 0.028  A 72089
   2902.74025 12.185 12.249 12.234 12.241 12.222    0.023 0.027 0.022 0.022 0.023  A 72556
   2905.66025 12.231 12.205 12.230 12.224 12.225    0.019 0.025 0.021 0.021 0.021  A 72990
   2907.82169 12.321 12.314 12.310 12.349 12.380    0.047 0.043 0.040 0.041 0.045  A 73312
   2910.65677 12.094 12.091 12.129 12.164 12.163    0.025 0.028 0.027 0.026 0.026  A 73731
   2916.81404 12.257 12.264 12.246 12.237 12.222    0.025 0.034 0.024 0.031 0.029  A 74651
   2918.69699 12.271 12.266 12.233 12.203 12.219    0.039 0.038 0.043 0.053 0.062  B 74915
   2921.73112 12.049 12.033 12.066 12.103 12.128    0.024 0.025 0.027 0.033 0.039  A 75120
   2923.72037 12.203 12.248 12.234 12.263 12.268    0.023 0.032 0.023 0.025 0.027  A 75492
   2926.72400 12.273 12.254 12.245 12.239 12.266    0.026 0.028 0.024 0.023 0.023  A 75853
   2928.72097 12.122 12.183 12.179 12.231 12.256    0.034 0.046 0.038 0.038 0.037  A 76225
   2930.71357 12.217 12.202 12.194 12.198 12.176    0.026 0.021 0.019 0.019 0.021  A 76571
   2932.70228 12.252 12.244 12.245 12.237 12.280    0.030 0.037 0.028 0.030 0.033  A 76922
   2934.69701 12.107 12.075 12.088 12.100 12.104    0.025 0.030 0.024 0.023 0.022  A 77274
   2936.70083 12.199 12.225 12.255 12.298 12.360    0.039 0.037 0.038 0.042 0.044  A 77626
   2940.58596 12.313 12.340 12.335 12.321 12.335    0.024 0.025 0.021 0.020 0.021  A 77980
   2943.59383 12.082 12.114 12.122 12.119 12.098    0.023 0.025 0.021 0.024 0.024  A 78345
   2944.73840 12.180 12.154 12.150 12.155 12.182    0.032 0.033 0.026 0.028 0.029  A 78570
   2946.61085 12.147 12.225 12.242 12.286 12.328    0.021 0.028 0.023 0.024 0.024  A 78815
   2949.70049 12.107 12.096 12.081 12.064 12.058    0.025 0.025 0.027 0.032 0.036  A 79307
   2951.71103 12.111 12.118 12.118 12.119 12.160    0.024 0.026 0.024 0.029 0.033  A 79592
   2953.72764 12.236 12.246 12.263 12.292 12.392    0.035 0.038 0.041 0.049 0.058  B 79867
   2955.76811 12.387 12.356 12.350 12.307 12.304    0.024 0.027 0.026 0.030 0.034  A 80138
   2957.75974 12.271 12.254 12.254 12.216 12.210    0.031 0.032 0.029 0.033 0.038  A 80425
   2962.54695 12.201 12.260 12.305 12.351 12.292    0.041 0.040 0.042 0.048 0.056  B 81027
   2964.57382 12.086 12.096 12.083 12.079 12.080    0.029 0.028 0.032 0.035 0.038  A 81319
   2968.60387 12.196 12.173 12.178 12.190 12.211    0.021 0.022 0.019 0.021 0.024  A 81892
   2970.59525 12.289 12.285 12.282 12.285 12.242    0.024 0.021 0.019 0.021 0.024  A 82108
   2972.63252 12.276 12.265 12.270 12.269 12.260    0.022 0.022 0.022 0.025 0.028  A 82384
   2976.63962 12.184 12.168 12.151 12.147 12.124    0.029 0.027 0.026 0.029 0.032  A 82853
   2978.65572 12.228 12.227 12.208 12.187 12.207    0.024 0.023 0.023 0.026 0.030  A 83136
   2980.67505 12.406 12.416 12.410 12.425 12.457    0.033 0.043 0.049 0.054 0.059  B 83392
   2982.67971 12.364 12.355 99.999 99.999 99.999    0.033 0.031 0.034 0.042 0.052  C 83666
   2984.67935 12.090 12.081 12.097 12.119 12.110    0.029 0.025 0.025 0.029 0.033  A 83923
   2986.70141 12.058 12.040 12.015 12.029 12.058    0.022 0.023 0.023 0.027 0.032  A 84196
   2989.63062 12.083 12.076 12.065 12.047 99.999    0.024 0.021 0.022 0.024 0.028  C 84521
   2991.64933 12.071 12.020 12.029 12.081 12.112    0.052 0.066 0.047 0.046 0.042  D 84785
   2993.67765 12.178 12.228 12.227 12.219 12.214    0.031 0.031 0.027 0.030 0.034  A 85073
   2996.59906 12.175 12.174 12.199 12.193 12.238    0.040 0.041 0.042 0.049 0.055  B 85430
   2998.60788 12.296 12.289 12.366 12.427 12.448    0.024 0.024 0.022 0.024 0.028  A 85709
   3001.57761 12.082 12.091 12.097 12.089 12.076    0.028 0.036 0.040 0.043 0.045  A 85966
   3005.59688 12.329 12.304 12.262 12.207 12.207    0.054 0.059 0.060 0.062 0.065  D 86446
   3007.61186 12.310 12.318 12.326 12.320 12.320    0.025 0.026 0.024 0.027 0.030  A 86712
   3010.60864 12.098 12.089 12.062 12.025 11.997    0.030 0.029 0.028 0.034 0.040  A 87100
   3012.60566 12.253 12.222 12.254 12.269 12.265    0.031 0.031 0.033 0.039 0.047  A 87363
   3015.61429 12.333 12.330 12.342 12.315 12.291    0.025 0.026 0.025 0.028 0.033  A 87613
   3017.62444 12.244 12.207 12.203 12.193 12.174    0.028 0.022 0.021 0.025 0.029  A 87871
   3025.59396 12.194 12.168 12.142 12.104 12.093    0.036 0.032 0.035 0.038 0.043  A 88411
   3030.55627 12.090 12.081 12.095 12.103 12.088    0.022 0.023 0.022 0.026 0.028  A 88703
   3033.54997 12.339 12.339 12.333 12.329 12.341    0.025 0.025 0.023 0.026 0.030  A 88995
   3035.57700 12.339 12.357 12.371 12.358 12.381    0.027 0.025 0.024 0.028 0.033  A 89232
   3042.54478 12.269 12.266 12.296 12.305 12.295    0.029 0.029 0.031 0.039 0.046  A 89764
   3045.54047 12.226 12.255 12.240 12.207 12.214    0.067 0.063 0.064 0.066 0.069  D 90161
   3048.53337 12.352 12.339 12.316 12.304 12.334    0.031 0.031 0.033 0.038 0.044  A 90561
   3051.52844 12.206 12.197 12.195 12.210 12.235    0.029 0.029 0.026 0.029 0.032  A 90954
   3054.52044 12.349 12.344 12.338 12.361 12.375    0.028 0.026 0.025 0.029 0.033  A 91364
   3057.51752 12.180 12.169 12.193 12.207 12.227    0.037 0.036 0.037 0.039 0.042  A 91780
   3060.50817 12.405 12.402 12.410 12.449 12.403    0.031 0.029 0.030 0.037 0.044  A 92174
   3128.92430 12.137 12.120 12.144 12.165 12.191    0.039 0.041 0.039 0.043 0.048  A 101302
   3142.91924 12.353 12.369 12.368 12.367 12.383    0.027 0.027 0.026 0.030 0.034  A 103205
   3156.90410 12.067 12.050 12.030 12.056 12.056    0.023 0.022 0.022 0.025 0.028  A 104260
   3163.89028 12.103 12.119 12.126 12.118 12.105    0.030 0.027 0.027 0.031 0.036  A 105108
   3166.91120 12.198 12.243 12.284 12.352 12.372    0.034 0.031 0.034 0.041 0.047  A 105504
   3175.92403 12.391 12.410 12.456 12.498 12.533    0.023 0.023 0.021 0.025 0.029  A 106686
   3179.86225 12.309 12.288 12.283 12.289 12.310    0.027 0.023 0.022 0.026 0.030  A 107279
   3183.89132 12.189 12.178 12.161 12.149 12.133    0.025 0.026 0.026 0.030 0.035  A 107741
   3187.84108 12.248 12.301 12.321 12.337 12.400    0.026 0.026 0.026 0.031 0.035  A 108345
   3191.84584 12.118 12.121 12.096 12.103 12.130    0.044 0.037 0.034 0.039 0.045  A 108798
   3326.66178 12.198 12.174 12.136 12.108 12.120    0.041 0.031 0.028 0.029 0.031  A 121114
   3355.54490 12.233 12.246 12.260 12.276 12.272    0.048 0.027 0.021 0.022 0.024  A 124337
   3388.57256 12.245 12.161 12.154 12.133 12.104    0.057 0.030 0.026 0.030 0.033  A 126426
   3395.57591 12.119 12.111 12.096 12.103 12.105    0.038 0.030 0.032 0.040 0.046  A 127244
   3398.55353 12.391 12.390 12.394 12.371 12.324    0.047 0.032 0.033 0.036 0.040  A 127606
   3410.53746 12.319 12.321 12.314 12.297 12.315    0.042 0.027 0.027 0.029 0.032  A 129314
   3413.52809 12.261 12.266 12.221 12.190 12.267    0.046 0.043 0.045 0.048 0.052  B 129740
   3416.53060 12.208 12.193 12.157 12.120 12.101    0.030 0.026 0.028 0.035 0.038  A 130230
   3420.52550 12.264 12.294 12.373 12.453 12.518    0.031 0.026 0.028 0.035 0.039  A 130861
   3428.50758 12.080 12.119 12.094 12.072 12.100    0.037 0.032 0.034 0.041 0.047  A 132105
   3556.85607 12.146 12.121 12.126 12.130 12.155    0.034 0.025 0.023 0.027 0.030  A 149139
   3572.85474 12.246 12.336 12.354 12.350 12.370    0.032 0.032 0.027 0.031 0.035  A 151022
   3578.83557 12.265 12.277 12.333 12.402 12.448    0.033 0.028 0.025 0.028 0.032  A 152034
   3582.93428 12.257 12.335 12.368 12.376 12.424    0.038 0.030 0.032 0.039 0.046  A 152750
   3585.81832 12.363 12.363 12.336 12.303 12.334    0.066 0.031 0.026 0.028 0.031  A 153241
   3591.78460 12.335 12.350 12.392 12.408 12.426    0.051 0.031 0.028 0.031 0.035  A 154234
   3595.80202 12.177 12.113 12.116 12.157 12.158    0.053 0.047 0.050 0.059 0.068  B 154875
   3601.72246 12.312 12.309 12.307 12.288 12.262    0.059 0.035 0.032 0.036 0.040  A 155585
   3620.72044 12.185 12.170 12.185 12.209 12.243    0.068 0.037 0.031 0.034 0.037  A 157616
   3625.78186 12.119 12.092 12.150 12.184 12.258    0.034 0.031 0.023 0.025 0.028  A 158215
   3630.74849 12.050 12.045 12.049 12.065 12.137    0.034 0.032 0.028 0.033 0.038  A 158826
   3632.77084 12.055 12.067 12.049 12.032 12.060    0.041 0.029 0.030 0.036 0.043  A 159143
   3635.67044 12.123 12.283 12.286 12.215 12.142    0.073 0.082 0.096 0.127 0.154  D 159549
   3638.72355 12.319 12.291 12.318 12.333 12.288    0.033 0.030 0.022 0.024 0.027  A 159807
   3640.82529 12.207 12.144 12.163 12.182 12.189    0.042 0.027 0.022 0.025 0.028  A 160078
   3651.68491 12.378 12.298 12.294 12.277 12.249    0.052 0.031 0.025 0.027 0.029  A 161462
   3653.67361 12.323 12.354 12.406 12.423 12.412    0.046 0.034 0.032 0.038 0.044  A 161768
   3655.65239 12.231 12.226 12.220 12.206 12.201    0.044 0.027 0.024 0.026 0.029  A 162024
   3657.67535 12.155 12.209 12.244 12.277 12.307    0.035 0.028 0.026 0.030 0.035  A 162331
   3659.70991 12.188 12.237 12.229 12.192 12.192    0.031 0.027 0.027 0.032 0.036  A 162656
   3661.73882 12.323 12.383 12.430 12.508 12.570    0.037 0.031 0.029 0.035 0.040  A 162970
   3664.58629 12.151 12.163 12.148 12.126 12.099    0.043 0.029 0.026 0.028 0.031  A 163340
   3666.64993 12.326 12.297 12.296 12.304 12.371    0.040 0.026 0.022 0.023 0.026  A 163657
   3669.72534 12.371 12.356 12.365 12.379 12.405    0.028 0.026 0.022 0.023 0.026  A 164004
   3674.62072 12.057 12.081 12.095 12.098 12.109    0.063 0.033 0.026 0.028 0.029  A 164685
   3676.63951 12.118 12.137 12.125 12.109 12.092    0.032 0.024 0.022 0.024 0.026  A 164976
   3680.57035 12.156 12.147 12.132 12.141 12.142    0.038 0.027 0.023 0.025 0.028  A 165329
   3701.61401 12.370 12.366 12.380 12.383 12.320    0.040 0.038 0.042 0.049 0.054  B 168168
   3706.56595 12.274 12.293 12.311 12.306 12.316    0.052 0.039 0.038 0.041 0.046  A 168817
   3708.65164 12.367 12.421 12.442 12.408 12.362    0.059 0.030 0.027 0.030 0.033  A 169127
   3712.62931 12.045 12.114 12.120 12.113 12.117    0.061 0.035 0.028 0.030 0.033  A 169402
   3714.63676 12.311 12.308 12.347 12.361 12.351    0.050 0.031 0.026 0.028 0.030  A 169690
   3717.59683 12.071 12.097 12.109 12.097 12.076    0.038 0.029 0.031 0.036 0.040  A 170070
   3720.59213 12.454 12.393 12.410 12.435 12.496    0.073 0.037 0.033 0.037 0.041  A 170422
   3722.65527 12.212 12.240 12.197 12.113 12.048    0.037 0.030 0.031 0.036 0.041  A 170701
   3725.62488 12.291 12.310 12.332 12.370 12.445    0.053 0.036 0.036 0.040 0.043  A 170998
   3727.64371 12.159 12.157 12.177 12.181 12.170    0.044 0.029 0.029 0.033 0.038  A 171278
   3731.58440 12.145 12.122 12.120 12.119 12.100    0.040 0.033 0.032 0.036 0.039  A 171668
   3734.61885 12.201 12.208 12.174 12.116 12.070    0.039 0.033 0.038 0.048 0.058  B 172068
   3737.61214 12.320 12.316 12.293 12.299 12.337    0.050 0.027 0.023 0.026 0.028  A 172479
   3739.63258 12.118 12.138 12.134 12.122 12.135    0.033 0.026 0.023 0.027 0.031  A 172768
   3742.59811 12.437 12.385 12.385 12.358 12.329    0.061 0.031 0.028 0.030 0.033  A 173132
   3745.60393 12.221 12.204 12.196 12.190 12.221    0.044 0.033 0.031 0.033 0.036  A 173546
   3748.59507 12.175 12.231 12.257 12.280 12.327    0.052 0.035 0.034 0.042 0.050  A 173942
   3751.60971 12.365 12.400 12.401 12.389 12.361    0.041 0.034 0.035 0.043 0.051  A 174369
   3754.58246 12.195 12.208 12.207 12.200 12.202    0.041 0.032 0.036 0.045 0.050  B 174770
   3757.56369 12.212 12.215 12.191 12.185 12.186    0.043 0.030 0.026 0.030 0.034  A 175178
   3760.55850 12.250 12.244 12.263 12.264 12.265    0.072 0.061 0.049 0.039 0.042  D 175600
   3763.55080 12.338 12.409 12.487 12.556 12.588    0.036 0.028 0.030 0.035 0.038  A 175987
   3766.54027 12.173 12.226 12.222 12.206 12.249    0.050 0.034 0.037 0.041 0.044  A 176407
   3769.53132 12.362 12.383 12.371 12.337 12.305    0.030 0.027 0.028 0.032 0.037  A 176796
   3772.54026 12.216 12.214 12.237 12.256 12.271    0.041 0.030 0.029 0.032 0.035  A 177189
   3775.54470 12.191 12.238 12.267 12.287 12.284    0.035 0.031 0.035 0.042 0.053  B 177612
   3778.53354 12.254 12.220 12.167 12.142 12.073    0.041 0.032 0.037 0.045 0.054  B 178068
   3783.52932 12.453 12.458 12.462 12.408 12.347    0.046 0.044 0.048 0.055 0.064  B 178635
   3791.51630 12.276 12.282 12.321 12.373 12.480    0.035 0.030 0.033 0.040 0.047  A 179360
   3913.90994 12.224 12.268 12.288 12.316 12.272    0.088 0.047 0.040 0.043 0.045  D 197027
   4092.59605 12.304 12.341 12.363 12.348 12.312    0.050 0.029 0.025 0.028 0.032  A 209501
   4106.63391 12.144 12.160 12.191 12.207 12.233    0.034 0.028 0.027 0.032 0.036  A 210959
   4111.63374 12.187 12.260 12.220 12.194 12.162    0.068 0.037 0.032 0.035 0.038  A 211384
   4126.58695 12.127 12.166 12.150 12.158 12.136    0.064 0.047 0.041 0.043 0.046  A 211648
   4129.54598 12.113 12.131 12.153 12.193 12.227    0.031 0.024 0.023 0.025 0.029  A 212031
   4132.53099 12.289 12.296 12.323 12.358 12.358    0.042 0.031 0.032 0.038 0.043  A 212409
   4135.52896 12.202 12.210 12.259 12.285 12.297    0.055 0.032 0.035 0.042 0.048  A 212820
   4147.51853 12.375 12.410 12.387 12.392 12.382    0.034 0.027 0.026 0.031 0.036  A 214524
   4151.52424 12.089 12.117 12.110 12.110 12.125    0.038 0.025 0.025 0.028 0.032  A 214924
   4154.51729 12.417 12.394 12.386 12.358 12.362    0.046 0.026 0.027 0.032 0.037  A 215379
   4160.50632 12.349 12.354 12.316 12.266 12.261    0.080 0.074 0.088 0.103 0.111  D 216259
   4374.77067 12.044 12.044 12.076 12.135 12.150    0.059 0.046 0.045 0.055 0.065  B 241858
   4377.63482 12.198 12.201 12.252 12.253 12.285    0.043 0.029 0.024 0.026 0.029  A 242260
   4381.71975 12.224 12.178 12.206 12.214 12.254    0.035 0.036 0.035 0.039 0.043  A 242901
   4393.69319 12.128 12.194 12.184 12.163 12.169    0.043 0.039 0.042 0.049 0.056  B 244668
   4399.79666 11.940 12.046 12.052 12.050 12.043    0.051 0.038 0.038 0.044 0.050  A 244886
   4406.67201 12.155 12.214 12.210 12.232 12.207    0.048 0.046 0.041 0.044 0.047  A 245444
   4408.70247 12.089 12.139 12.158 12.182 12.219    0.034 0.029 0.026 0.029 0.033  A 245752
   4411.66091 12.382 12.387 12.388 12.404 12.374    0.039 0.035 0.035 0.037 0.040  A 246104
   4421.60362 12.419 12.364 12.328 12.320 12.321    0.039 0.030 0.027 0.032 0.038  A 246533
   4423.61818 12.272 12.249 12.302 12.344 12.340    0.048 0.033 0.032 0.038 0.046  A 246738
   4426.69757 12.298 12.297 12.217 12.165 12.223    0.051 0.036 0.037 0.045 0.054  B 246968
   4428.73566 12.285 12.319 12.361 12.388 12.464    0.047 0.041 0.040 0.048 0.056  B 247201
   4431.60579 12.178 12.142 12.106 12.062 12.061    0.035 0.033 0.031 0.035 0.041  A 247522
   4433.68155 12.533 12.546 12.513 12.470 12.427    0.039 0.029 0.026 0.030 0.035  A 247809
   4436.61423 12.377 12.482 12.535 12.584 12.625    0.075 0.067 0.045 0.046 0.041  D 248149
   4438.67906 12.246 12.233 12.246 12.232 12.240    0.038 0.035 0.033 0.038 0.041  A 248420
   4441.60973 12.257 12.253 12.334 12.348 12.389    0.057 0.046 0.041 0.036 0.041  A 248772
   4444.61559 12.294 12.269 12.255 12.257 12.294    0.035 0.033 0.030 0.032 0.035  A 249079
   4452.58346 12.156 12.186 12.136 12.110 12.112    0.038 0.040 0.043 0.047 0.050  B 250001
   4454.61699 12.207 12.204 12.169 12.145 12.137    0.039 0.032 0.030 0.035 0.039  A 250232
   4456.67085 29.999 29.999 29.999 29.999 29.999    0.053 0.047 0.053 0.065 0.077  D 250462
   4459.60629 12.313 12.279 12.245 12.236 12.290    0.042 0.035 0.034 0.039 0.044  A 250799
   4462.59686 12.131 12.145 12.158 12.174 12.207    0.032 0.029 0.026 0.031 0.037  A 251163
   4465.58368 12.326 12.400 12.402 12.426 12.452    0.039 0.034 0.031 0.035 0.040  A 251509
   4468.58850 12.072 12.102 12.095 12.094 12.100    0.041 0.032 0.029 0.031 0.034  A 251848
   4473.62527 12.457 12.489 12.503 12.512 12.507    0.038 0.031 0.031 0.035 0.039  A 252360
   4476.61861 12.178 12.181 12.187 12.218 12.232    0.050 0.054 0.057 0.063 0.068  D 252637
   4479.59175 12.391 12.399 12.385 12.385 12.381    0.064 0.060 0.055 0.045 0.054  D 253001
   4485.59890 12.240 12.249 12.273 12.368 12.412    0.041 0.033 0.035 0.042 0.049  A 253579
   4488.57049 12.122 12.115 12.033 11.937 11.919    0.052 0.051 0.055 0.061 0.067  B 253919
   4494.54946 12.178 12.141 12.172 12.190 12.209    0.035 0.029 0.025 0.028 0.031  A 254618
   4498.55025 12.361 12.373 12.377 12.361 12.358    0.040 0.037 0.033 0.035 0.036  A 254876
   4501.54513 12.252 12.282 12.339 12.412 12.492    0.041 0.034 0.037 0.046 0.057  B 255255
   4504.54501 12.160 12.217 12.273 12.296 12.313    0.048 0.045 0.046 0.055 0.063  B 255679
   4507.52525 12.270 12.257 12.241 12.242 12.247    0.044 0.037 0.037 0.044 0.049  A 256104
   4510.53804 12.111 12.148 12.042 12.004 12.007    0.044 0.043 0.045 0.051 0.059  B 256517
   4520.51262 12.196 12.260 12.322 12.371 12.427    0.051 0.035 0.032 0.036 0.041  A 257666
   4525.50748 12.195 12.100 12.089 12.060 12.053    0.041 0.038 0.039 0.048 0.057  B 258394
#ndata= 12
#dataset= 3 ; 1 F0136-56_062
#desig= 005735-5245.9
#cra=    0.959651  00:57:34.7
#cdec= -52.764463 -52:45:52.1
#class= 0
#cmag_0= 12.142
#cmer_0=  0.142
#nskip_0= 0
#cmag_1= 12.143
#cmer_1=  0.135
#nskip_1= 0
#cmag_2= 12.160
#cmer_2=  0.140
#nskip_2= 0
#cmag_3= 12.163
#cmer_3=  0.139
#nskip_3= 0
#cmag_4= 12.169
#cmer_4=  0.136
#nskip_4= 0
#ra=    0.959651  00:57:34.7
#dec= -52.764463 -52:45:52.1
#     HJD      MAG_0  MAG_1  MAG_2  MAG_3  MAG_4    MER_0 MER_1 MER_2 MER_3 MER_4 GRADE FRAME
   2143.77620 11.976 12.030 12.068 12.104 12.129    0.078 0.046 0.037 0.038 0.038  A 30859
   2470.80525 12.115 12.166 12.151 12.152 12.174    0.034 0.038 0.032 0.036 0.030  A 12069
   2473.81373 12.050 12.079 12.093 12.102 12.110    0.035 0.038 0.033 0.036 0.031  A 12760
   2486.80642 12.127 12.116 12.149 12.155 12.194    0.047 0.041 0.035 0.040 0.040  A 13397
   2490.81882 12.076 12.080 12.113 12.110 12.087    0.036 0.037 0.031 0.037 0.033  A 14145
   2521.80402 12.227 12.130 12.165 12.181 12.195    0.037 0.034 0.027 0.027 0.026  A 18467
   2549.83775 12.199 12.200 12.223 12.222 12.246    0.041 0.048 0.037 0.033 0.028  A 20863
   2558.76096 12.022 12.022 12.043 12.042 12.042    0.083 0.065 0.045 0.039 0.032  B 22099
   2894.71454 29.999 29.999 29.999 29.999 29.999    0.030 0.034 0.028 0.030 0.033  C 71110
   2942.77409 12.402 12.470 12.521 12.524 12.507    0.042 0.055 0.033 0.029 0.028  A 78259
   2947.65760 11.990 12.039 12.036 12.041 12.060    0.054 0.054 0.039 0.036 0.032  A 79015
   3177.92775 12.338 12.230 12.202 12.152 12.102    0.040 0.041 0.041 0.047 0.052  A 106996
#ndata= 234
#dataset= 4 ; 1 F0045-48_091
#desig= 005735-5245.9
#cra=    0.959665  00:57:34.8
#cdec= -52.765659 -52:45:56.4
#class= 0
#cmag_0= 12.213
#cmer_0=  0.117
#nskip_0= 0
#cmag_1= 12.222
#cmer_1=  0.114
#nskip_1= 0
#cmag_2= 12.236
#cmer_2=  0.113
#nskip_2= 0
#cmag_3= 12.241
#cmer_3=  0.118
#nskip_3= 1
#cmag_4= 12.242
#cmer_4=  0.127
#nskip_4= 1
#ra=    0.959665  00:57:34.8
#dec= -52.765659 -52:45:56.4
#     HJD      MAG_0  MAG_1  MAG_2  MAG_3  MAG_4    MER_0 MER_1 MER_2 MER_3 MER_4 GRADE FRAME
   1877.55721 12.017 12.065 12.077 12.078 12.094    0.034 0.023 0.018 0.021 0.024  A 1452
   1889.57014 12.229 12.264 12.265 12.224 12.272    0.047 0.027 0.024 0.027 0.032  A 3034
   1900.57757 29.999 29.999 29.999 29.999 29.999    0.040 0.024 0.020 0.022 0.025  C 3327
   2040.92798 12.258 12.168 12.148 12.105 12.051    0.085 0.041 0.036 0.040 0.044  B 19587
   2156.68976 12.375 12.296 12.296 12.292 12.333    0.055 0.037 0.031 0.033 0.035  A 31671
   2164.70904 12.150 12.218 12.233 12.231 12.210    0.048 0.034 0.027 0.029 0.032  A 31937
   2167.68289 12.140 12.071 12.050 12.031 12.016    0.050 0.029 0.025 0.028 0.030  A 32117
   2168.69030 11.975 12.047 12.073 12.094 12.087    0.050 0.031 0.025 0.026 0.029  A 32288
   2169.70193 12.088 12.107 12.106 12.090 12.106    0.042 0.033 0.025 0.026 0.028  A 32446
   2170.73877 12.045 12.078 12.045 11.998 12.062    0.066 0.052 0.051 0.056 0.063  B 32505
   2171.69118 12.334 12.315 12.297 12.273 12.263    0.048 0.036 0.030 0.031 0.033  A 32625
   2172.70294 12.222 12.285 12.316 12.343 12.342    0.048 0.032 0.026 0.028 0.031  A 32818
   2175.67160 12.028 12.115 12.139 12.105 12.056    0.053 0.039 0.034 0.037 0.042  A 33312
   2177.64896 12.354 12.372 12.361 12.364 12.383    0.049 0.037 0.029 0.031 0.033  A 33431
   2178.66190 12.393 12.360 12.356 12.373 12.369    0.047 0.038 0.030 0.032 0.034  A 33610
   2183.60199 12.229 12.278 12.230 12.205 12.174    0.046 0.036 0.029 0.031 0.034  A 33872
   2184.63580 12.267 12.325 12.351 12.378 12.340    0.048 0.037 0.029 0.030 0.033  A 34079
   2185.64651 12.292 12.290 12.300 12.297 12.330    0.044 0.034 0.028 0.030 0.032  A 34270
   2186.68602 12.260 12.298 12.346 12.374 12.375    0.034 0.037 0.030 0.033 0.033  A 34402
   2188.67306 12.127 12.203 12.202 12.229 12.264    0.038 0.032 0.025 0.028 0.030  A 34707
   2190.60817 12.430 12.424 12.480 12.512 12.567    0.044 0.035 0.027 0.028 0.030  A 34926
   2191.64860 12.300 12.286 12.325 12.321 12.309    0.042 0.032 0.025 0.027 0.029  A 35119
   2192.64318 12.316 12.308 12.314 12.302 12.280    0.049 0.033 0.026 0.027 0.029  A 35291
   2193.64882 12.158 12.231 12.217 12.226 12.237    0.047 0.036 0.027 0.029 0.031  A 35476
   2194.63323 12.147 12.156 12.171 12.201 12.199    0.046 0.035 0.027 0.028 0.029  A 35648
   2195.63752 12.088 12.027 12.048 12.062 12.074    0.050 0.037 0.031 0.032 0.035  A 35827
   2196.64336 12.181 12.212 12.217 12.214 12.219    0.047 0.035 0.028 0.029 0.030  A 35962
   2197.64302 12.118 12.155 12.160 12.169 12.181    0.045 0.036 0.027 0.029 0.030  A 36146
   2198.63064 12.371 12.347 12.387 12.424 12.453    0.045 0.035 0.027 0.027 0.029  A 36312
   2201.61096 12.213 12.200 12.227 12.240 12.277    0.042 0.035 0.027 0.029 0.030  A 36732
   2202.62078 12.081 12.097 12.139 12.141 12.131    0.046 0.038 0.031 0.034 0.035  A 36904
   2203.61705 12.235 12.237 12.222 12.206 12.178    0.045 0.036 0.027 0.029 0.030  A 37076
   2204.61498 12.342 12.330 12.378 12.400 12.391    0.046 0.037 0.028 0.029 0.031  A 37202
   2206.60929 12.202 12.212 12.259 12.272 12.304    0.045 0.039 0.029 0.031 0.031  A 37475
   2207.61035 11.969 11.991 12.070 12.092 12.120    0.050 0.040 0.033 0.036 0.040  A 37648
   2211.57019 12.245 12.311 12.325 12.328 12.318    0.051 0.045 0.037 0.040 0.036  A 37823
   2213.56736 12.078 12.059 12.103 12.112 12.102    0.042 0.037 0.030 0.034 0.034  A 38058
   2214.60056 12.066 12.092 12.168 12.208 12.248    0.049 0.040 0.031 0.033 0.034  A 38220
   2215.60727 12.206 12.239 12.278 12.312 12.311    0.045 0.041 0.034 0.038 0.037  A 38390
   2216.60292 12.141 12.158 12.171 12.163 12.148    0.044 0.038 0.031 0.036 0.034  A 38558
   2217.60256 12.208 12.160 12.176 12.162 12.157    0.046 0.037 0.031 0.035 0.034  A 38725
   2219.58019 12.132 12.152 12.183 12.197 12.195    0.046 0.042 0.034 0.039 0.035  A 38889
   2221.58567 12.039 12.051 12.071 12.087 12.095    0.046 0.038 0.029 0.032 0.031  A 39008
   2222.59260 12.134 12.110 12.141 12.165 12.208    0.044 0.039 0.031 0.038 0.036  A 39166
   2224.57863 12.267 12.284 12.320 12.315 12.336    0.046 0.041 0.033 0.039 0.035  A 39321
   2225.58312 12.402 12.375 12.384 12.390 12.382    0.049 0.041 0.030 0.031 0.030  A 39486
   2226.58377 12.193 12.211 12.230 12.217 12.207    0.046 0.038 0.031 0.036 0.034  A 39641
   2227.58213 12.229 12.202 12.221 12.252 12.280    0.045 0.037 0.030 0.036 0.033  A 39793
   2228.58035 12.053 12.082 12.080 12.064 12.051    0.046 0.040 0.033 0.039 0.037  A 39955
   2229.57406 12.091 12.132 12.162 12.165 12.161    0.045 0.038 0.031 0.036 0.033  A 40115
   2232.54435 12.173 12.240 12.243 12.252 12.255    0.042 0.037 0.029 0.033 0.033  A 40434
   2233.57219 12.184 12.218 12.245 12.266 12.250    0.048 0.039 0.031 0.035 0.033  A 40607
   2234.55482 12.204 12.207 12.199 12.178 12.139    0.047 0.041 0.032 0.039 0.035  A 40754
   2235.55449 12.090 12.067 12.072 12.048 12.014    0.046 0.039 0.031 0.034 0.033  A 40909
   2236.55321 12.258 12.259 12.296 12.348 12.342    0.050 0.044 0.035 0.039 0.037  A 41071
   2239.54493 12.232 12.217 12.229 12.246 12.244    0.050 0.042 0.036 0.044 0.042  A 41383
   2241.54197 12.022 12.054 12.096 12.136 12.146    0.048 0.042 0.035 0.040 0.038  A 41699
   2243.54719 12.227 12.232 12.243 12.281 12.266    0.055 0.046 0.038 0.047 0.045  A 42017
   2248.52274 12.229 12.207 12.205 12.216 12.245    0.054 0.045 0.037 0.042 0.038  A 42448
   2250.56986 12.142 12.133 12.137 12.139 12.142    0.051 0.044 0.035 0.040 0.039  A 42826
   2252.57303 12.257 12.296 12.294 12.279 12.251    0.053 0.041 0.034 0.041 0.040  A 43151
   2254.56676 12.206 12.237 12.266 12.281 12.255    0.060 0.047 0.038 0.045 0.045  A 43440
   2256.56328 12.091 12.112 12.102 12.090 12.062    0.058 0.049 0.040 0.045 0.043  A 43755
   2258.56639 12.102 12.087 12.085 12.087 12.049    0.067 0.056 0.047 0.054 0.053  B 44080
   2261.55854 12.221 12.235 12.232 12.229 12.227    0.074 0.059 0.047 0.053 0.052  B 44366
   3356.69238 12.141 12.173 12.191 12.207 12.228    0.040 0.024 0.022 0.026 0.028  A 124491
   3362.62349 99.999 99.999 99.999 99.999 99.999    0.051 0.033 0.029 0.033 0.036  C 124833
   3366.60879 12.209 12.252 12.239 12.217 12.222    0.043 0.033 0.032 0.039 0.046  A 125162
   3383.54832 12.409 12.380 12.386 12.388 12.389    0.059 0.045 0.047 0.051 0.045  B 125727
   3385.55795 12.166 12.168 12.176 12.170 12.166    0.036 0.028 0.029 0.032 0.037  A 126008
   3387.57676 12.136 12.118 12.138 12.122 12.086    0.061 0.035 0.032 0.038 0.042  A 126298
   3390.56481 12.243 12.255 12.249 12.232 12.189    0.049 0.046 0.049 0.057 0.062  B 126697
   3394.56814 12.102 12.087 12.084 12.059 11.997    0.034 0.027 0.029 0.035 0.040  A 127117
   3397.55828 12.348 12.373 12.401 12.401 12.377    0.034 0.025 0.024 0.028 0.033  A 127475
   3400.55128 12.166 12.206 12.213 12.177 12.158    0.037 0.022 0.023 0.027 0.030  A 127881
   3511.91270 12.414 12.428 12.462 12.478 12.517    0.056 0.030 0.024 0.026 0.029  A 143765
   3521.93646 12.055 12.109 12.123 12.142 12.128    0.072 0.045 0.042 0.051 0.059  B 144937
   3525.88868 12.327 12.284 12.291 12.271 12.285    0.053 0.034 0.030 0.034 0.039  A 145579
   3529.88567 12.221 12.237 12.305 12.376 12.390    0.038 0.031 0.033 0.037 0.042  A 146276
   3544.87263 12.317 12.378 12.394 12.408 12.415    0.040 0.026 0.029 0.035 0.041  A 147779
   3552.86842 12.424 12.434 12.434 12.413 12.345    0.051 0.033 0.029 0.033 0.039  A 148545
   3556.84423 12.289 12.324 12.343 12.343 12.359    0.027 0.024 0.023 0.027 0.032  A 149136
   3560.82420 12.227 12.168 12.179 12.194 12.228    0.082 0.043 0.036 0.039 0.043  B 149624
   3563.85160 12.145 12.154 12.164 12.168 12.168    0.050 0.031 0.027 0.030 0.033  A 150157
   3569.90422 12.381 12.397 12.403 12.375 12.310    0.029 0.030 0.024 0.027 0.030  A 150664
   3572.85143 12.403 12.389 12.399 12.417 12.465    0.029 0.032 0.028 0.032 0.037  A 151021
   3575.82812 12.017 12.046 12.068 12.081 12.104    0.033 0.030 0.027 0.029 0.033  A 151537
   3577.88936 12.150 12.196 12.196 12.185 12.142    0.042 0.027 0.026 0.031 0.035  A 151889
   3584.80551 12.261 12.276 12.336 12.381 12.369    0.056 0.035 0.031 0.036 0.040  A 153062
   3587.79711 12.203 12.184 12.196 12.207 12.218    0.031 0.030 0.025 0.029 0.032  A 153577
   3590.79264 12.157 12.221 12.207 12.200 12.176    0.059 0.032 0.027 0.029 0.031  A 154065
   3595.80840 12.348 12.279 12.336 12.307 12.179    0.068 0.042 0.042 0.048 0.053  B 154877
   3597.80948 12.198 12.169 12.182 12.167 12.203    0.043 0.027 0.023 0.026 0.029  A 155187
   3601.72030 12.179 12.171 12.215 12.215 12.183    0.057 0.032 0.030 0.033 0.037  A 155584
   3603.81583 12.157 12.174 12.189 12.176 12.206    0.032 0.027 0.023 0.027 0.032  A 155943
   3617.76686 12.128 12.137 12.151 12.178 12.206    0.043 0.037 0.031 0.032 0.038  A 157177
   3622.76640 12.165 12.211 12.244 12.277 12.276    0.031 0.028 0.024 0.028 0.032  A 157946
   3625.78001 12.079 12.171 12.145 12.139 12.134    0.042 0.038 0.037 0.041 0.043  A 158214
   3628.75445 12.189 12.213 12.177 12.166 12.139    0.031 0.030 0.024 0.027 0.031  A 158488
   3630.75153 12.217 12.227 12.224 12.269 12.303    0.047 0.038 0.033 0.036 0.042  A 158827
   3632.77387 11.936 11.943 11.977 11.990 11.999    0.047 0.035 0.034 0.039 0.046  A 159144
   3635.67348 29.999 29.999 29.999 29.999 29.999    0.085 0.099 0.115 0.143 0.173  D 159550
   3638.71770 12.355 12.341 12.330 12.356 12.364    0.031 0.030 0.022 0.023 0.025  A 159805
   3640.82336 12.145 12.186 12.192 12.219 12.244    0.039 0.028 0.024 0.027 0.030  A 160077
   3643.65512 12.409 12.377 12.423 12.439 12.427    0.047 0.034 0.032 0.034 0.038  A 160459
   3646.70264 12.232 12.239 12.279 12.322 12.337    0.034 0.032 0.025 0.027 0.029  A 160785
   3651.68231 12.314 12.343 12.350 12.374 12.404    0.042 0.028 0.023 0.025 0.028  A 161461
   3655.65051 12.171 12.235 12.217 12.228 12.239    0.050 0.028 0.024 0.026 0.030  A 162023
   3657.67360 29.999 29.999 29.999 29.999 29.999    0.075 0.040 0.035 0.039 0.042  C 162330
   3659.70806 12.240 12.229 12.252 12.295 12.284    0.036 0.029 0.027 0.032 0.038  A 162655
   3661.73693 12.310 12.364 12.338 12.313 12.278    0.031 0.029 0.029 0.035 0.040  A 162969
   3664.58940 12.230 12.232 12.234 12.256 12.226    0.040 0.026 0.024 0.028 0.031  A 163341
   3666.65309 12.339 12.373 12.391 12.426 12.468    0.039 0.025 0.022 0.024 0.026  A 163658
   3669.72865 12.349 12.398 12.398 12.416 12.393    0.031 0.025 0.020 0.022 0.025  A 164005
   3671.83042 12.086 12.037 12.125 12.188 12.240    0.038 0.032 0.028 0.030 0.036  A 164322
   3674.61803 12.125 12.157 12.171 12.181 12.187    0.046 0.028 0.025 0.026 0.029  A 164684
   3676.63672 12.172 12.236 12.221 12.233 12.250    0.030 0.023 0.022 0.025 0.027  A 164975
   3680.57769 12.072 12.113 12.079 12.094 12.120    0.036 0.025 0.022 0.024 0.026  A 165331
   3699.60624 29.999 29.999 29.999 29.999 29.999    0.042 0.032 0.034 0.039 0.046  C 167894
   3701.69896 12.313 12.349 12.382 12.370 12.401    0.060 0.041 0.040 0.047 0.054  B 168197
   3704.64339 12.155 12.151 12.141 12.121 12.085    0.032 0.027 0.027 0.033 0.039  A 168572
   3706.71965 12.275 12.285 12.315 12.296 12.311    0.036 0.029 0.029 0.034 0.040  A 168869
   3717.63644 29.999 29.999 29.999 29.999 29.999    0.060 0.041 0.040 0.047 0.056  C 170083
   3720.61823 29.999 29.999 29.999 29.999 29.999    0.054 0.030 0.031 0.036 0.040  C 170431
   3722.68522 12.129 12.140 12.156 12.179 12.215    0.045 0.033 0.033 0.039 0.045  A 170711
   3725.64249 12.283 12.259 12.220 12.172 12.146    0.041 0.033 0.033 0.037 0.042  A 171004
   3727.65830 12.182 12.151 99.999 99.999 99.999    0.033 0.026 0.030 0.036 0.040  C 171283
   3734.62726 29.999 29.999 29.999 29.999 29.999    0.038 0.031 0.037 0.046 0.055  C 172071
   3737.61992 12.336 12.356 12.354 12.365 12.342    0.029 0.024 0.023 0.026 0.030  A 172482
   3739.63816 12.258 12.248 12.251 12.234 12.190    0.033 0.024 0.024 0.027 0.031  A 172770
   3742.60697 12.376 12.368 12.394 12.428 12.409    0.033 0.024 0.025 0.029 0.032  A 173135
   3745.60926 12.305 12.320 12.317 12.308 12.302    0.046 0.028 0.026 0.030 0.035  A 173548
   3748.60042 29.999 29.999 29.999 29.999 29.999    0.033 0.029 0.031 0.039 0.047  C 173944
   3751.61507 12.434 12.454 12.560 12.683 12.725    0.046 0.034 0.038 0.046 0.052  A 174371
   3754.58773 12.110 12.171 12.211 12.220 12.189    0.035 0.032 0.035 0.042 0.051  A 174772
   3757.56961 12.280 12.373 12.387 12.404 12.420    0.032 0.025 0.026 0.029 0.032  A 175180
   3760.56369 29.999 29.999 29.999 29.999 29.999    0.049 0.032 0.033 0.037 0.042  C 175602
   3763.56001 29.999 29.999 29.999 29.999 29.999    0.041 0.030 0.032 0.039 0.046  C 175990
   3772.54251 29.999 29.999 29.999 29.999 29.999    0.036 0.028 0.028 0.033 0.036  C 177190
   3776.53023 29.999 29.999 29.999 29.999 29.999    0.034 0.030 0.033 0.042 0.049  C 177760
   3779.52635 99.999 99.999 99.999 99.999 99.999    0.037 0.031 0.034 0.044 0.051  C 178216
   3789.51440 29.999 29.999 29.999 29.999 29.999    0.045 0.029 0.029 0.034 0.039  C 179072
   3853.92558 12.390 12.277 12.257 12.258 12.226    0.078 0.042 0.041 0.048 0.054  B 187888
   3862.92818 12.280 12.333 12.379 12.443 12.483    0.043 0.030 0.029 0.034 0.038  A 189297
   3866.90724 12.163 12.159 12.201 12.218 12.211    0.074 0.037 0.032 0.035 0.039  A 189972
   3870.89484 11.957 11.950 11.971 11.962 11.942    0.052 0.033 0.033 0.041 0.048  A 190648
   3874.92902 12.104 12.120 12.178 12.220 12.269    0.055 0.033 0.028 0.031 0.035  A 191118
   3883.92832 12.523 12.514 12.494 12.417 12.400    0.060 0.039 0.037 0.044 0.049  A 192361
   3892.87420 12.166 12.139 12.149 12.165 12.086    0.049 0.035 0.034 0.039 0.045  A 193605
   3898.89763 12.257 12.262 12.320 12.347 12.430    0.041 0.030 0.028 0.034 0.042  A 194440
   3902.87533 12.432 12.397 12.394 12.360 12.340    0.051 0.031 0.028 0.032 0.037  A 195114
   3905.90052 12.296 12.322 12.363 12.412 12.416    0.034 0.028 0.029 0.033 0.038  A 195690
   4104.63135 12.142 12.145 12.233 12.356 12.372    0.048 0.042 0.047 0.058 0.066  B 210698
   4107.56417 12.278 12.262 12.307 12.335 12.318    0.034 0.025 0.022 0.025 0.027  A 211075
   4125.58137 12.195 12.159 12.159 12.172 12.179    0.060 0.040 0.037 0.038 0.041  A 211517
   4127.58664 12.226 12.314 12.354 12.378 12.428    0.056 0.033 0.028 0.030 0.033  A 211781
   4148.51849 12.310 12.212 12.142 12.132 11.987    0.080 0.077 0.088 0.102 0.117  D 214649
   4153.51353 12.302 12.343 12.426 12.498 12.507    0.045 0.035 0.039 0.048 0.051  B 215233
   4231.92029 12.230 12.231 12.232 12.216 12.189    0.038 0.031 0.027 0.032 0.037  A 223972
   4235.91413 12.224 12.126 12.082 12.039 12.092    0.070 0.058 0.063 0.073 0.082  D 224681
   4255.92882 12.221 12.134 12.089 12.023 12.007    0.058 0.061 0.066 0.073 0.078  D 227176
   4268.93333 12.241 12.345 12.366 12.422 12.458    0.045 0.043 0.043 0.047 0.053  B 228084
   4273.86732 12.257 12.264 12.269 12.259 12.285    0.043 0.039 0.032 0.033 0.033  A 228575
   4278.90199 12.084 12.055 12.053 12.068 12.074    0.054 0.061 0.070 0.075 0.078  D 229226
   4285.86911 11.986 12.008 12.018 12.081 12.094    0.067 0.046 0.039 0.043 0.047  A 230060
   4289.93654 12.088 12.059 12.038 12.036 12.036    0.041 0.038 0.033 0.039 0.043  A 230443
   4292.87202 12.164 12.217 12.199 12.212 12.223    0.063 0.064 0.060 0.050 0.053  D 230956
   4295.85706 12.462 12.519 12.505 12.531 12.582    0.057 0.059 0.054 0.058 0.060  B 231470
   4298.84768 12.135 12.160 12.194 12.204 12.174    0.043 0.043 0.042 0.049 0.057  B 232000
   4301.79751 12.220 12.145 12.138 12.124 12.136    0.072 0.049 0.046 0.052 0.056  B 232524
   4303.92142 12.185 12.182 12.228 12.233 12.268    0.047 0.047 0.045 0.048 0.050  B 232866
   4305.88195 12.255 12.266 12.279 12.286 12.257    0.037 0.032 0.026 0.029 0.030  A 233217
   4307.83211 12.250 12.196 12.228 12.220 12.219    0.038 0.031 0.025 0.027 0.031  A 233544
   4309.81932 12.376 12.366 12.395 12.388 12.372    0.038 0.032 0.027 0.031 0.035  A 233853
   4312.79566 12.052 12.046 12.071 12.088 12.071    0.049 0.046 0.048 0.058 0.069  B 234278
   4316.76160 12.081 12.141 12.148 12.136 12.119    0.032 0.030 0.026 0.029 0.033  A 234687
   4319.86147 12.162 12.205 12.204 12.182 12.115    0.034 0.032 0.027 0.030 0.034  A 235061
   4329.82739 12.339 12.315 12.287 12.268 12.273    0.038 0.039 0.035 0.036 0.039  A 235204
   4331.81096 12.264 12.291 12.338 12.371 12.366    0.073 0.050 0.046 0.038 0.039  B 235557
   4333.77770 12.097 12.096 12.125 12.123 12.105    0.032 0.029 0.022 0.026 0.028  A 235905
   4339.73500 12.274 12.245 12.203 12.220 12.224    0.071 0.070 0.066 0.070 0.074  D 236622
   4341.76251 12.267 12.215 12.223 12.187 12.128    0.069 0.075 0.075 0.079 0.083  D 236967
   4343.78714 12.300 12.251 12.269 12.246 12.215    0.055 0.066 0.066 0.068 0.072  D 237329
   4345.79041 12.152 12.149 12.132 12.093 12.083    0.046 0.055 0.060 0.064 0.071  D 237656
   4347.81416 12.168 12.168 12.194 12.182 12.175    0.042 0.045 0.045 0.049 0.051  B 238018
   4350.71185 12.105 12.144 12.147 12.147 12.174    0.062 0.043 0.039 0.041 0.044  A 238474
   4353.70285 12.333 12.304 12.318 12.337 12.324    0.032 0.030 0.024 0.027 0.029  A 238879
   4355.75669 12.246 12.243 12.268 12.301 12.341    0.031 0.026 0.022 0.024 0.027  A 239214
   4358.69514 12.188 12.206 12.198 12.187 12.159    0.042 0.034 0.030 0.031 0.033  A 239650
   4361.68177 12.210 12.219 12.276 12.307 12.323    0.063 0.054 0.047 0.047 0.050  B 240040
   4363.72209 12.196 12.191 12.219 12.226 12.248    0.031 0.031 0.025 0.027 0.030  A 240367
   4365.71212 12.114 12.112 12.058 12.026 12.010    0.033 0.030 0.024 0.027 0.031  A 240675
   4367.78469 12.151 12.143 12.212 12.253 12.280    0.041 0.035 0.032 0.039 0.045  A 240895
   4369.75582 12.246 12.258 12.309 12.309 12.352    0.038 0.038 0.034 0.040 0.048  A 241183
   4371.77306 12.336 12.380 12.437 12.468 12.461    0.047 0.034 0.032 0.037 0.044  A 241518
   4373.80431 12.504 12.464 12.436 12.439 12.476    0.063 0.037 0.032 0.037 0.041  A 241822
   4376.79291 12.101 12.056 12.080 12.112 12.125    0.038 0.040 0.040 0.045 0.050  A 242176
   4379.64157 12.380 12.448 12.547 12.572 12.600    0.036 0.033 0.030 0.034 0.038  A 242574
   4381.69051 12.375 12.419 12.420 12.397 12.363    0.038 0.037 0.036 0.038 0.042  A 242891
   4383.77935 12.087 12.095 12.095 12.085 12.068    0.037 0.038 0.039 0.043 0.046  A 243226
   4385.72759 12.251 12.211 12.269 12.299 12.338    0.030 0.030 0.024 0.025 0.026  A 243523
   4387.79177 12.340 12.338 12.339 12.325 12.356    0.035 0.033 0.028 0.030 0.035  A 243860
   4391.78325 12.158 12.245 12.283 12.339 12.427    0.051 0.051 0.058 0.072 0.086  D 244430
   4393.68257 12.251 12.272 12.279 12.311 12.423    0.036 0.034 0.036 0.044 0.052  A 244664
   4399.64273 12.089 12.119 12.147 12.128 12.084    0.043 0.033 0.032 0.039 0.045  A 244834
   4402.64019 12.168 12.223 12.223 12.199 12.209    0.050 0.035 0.032 0.037 0.042  A 245114
   4404.73281 12.090 12.074 12.081 12.080 12.093    0.028 0.029 0.025 0.029 0.033  A 245376
   4408.60191 12.141 12.181 12.176 12.171 12.167    0.041 0.031 0.026 0.029 0.034  A 245718
   4413.75783 12.200 12.259 12.275 12.290 12.249    0.045 0.041 0.040 0.042 0.046  A 246288
   4420.57533 12.382 12.387 12.387 12.443 12.495    0.039 0.033 0.032 0.037 0.042  A 246439
   4422.64187 12.296 12.254 12.265 12.253 12.277    0.047 0.029 0.024 0.027 0.030  A 246657
   4425.77112 12.212 12.271 12.251 12.254 12.223    0.042 0.032 0.033 0.040 0.049  A 246873
   4428.57726 12.253 12.228 12.210 12.209 12.185    0.049 0.037 0.036 0.044 0.053  A 247156
   4430.63716 12.288 12.349 12.360 12.341 12.322    0.049 0.035 0.033 0.039 0.046  A 247412
   4432.68820 12.298 12.277 12.312 12.348 12.403    0.045 0.029 0.025 0.027 0.031  A 247684
   4437.58934 12.154 12.165 12.189 12.191 12.172    0.034 0.026 0.024 0.028 0.030  A 248263
   4439.66535 12.402 12.464 12.473 12.474 12.485    0.153 0.064 0.078 0.055 0.056  D 248537
   4442.65732 12.113 12.121 12.135 12.141 12.121    0.035 0.033 0.030 0.031 0.033  A 248874
   4455.64416 12.089 12.155 12.162 12.127 12.102    0.067 0.044 0.041 0.048 0.056  B 250342
   4461.60254 12.103 12.123 12.168 12.198 12.207    0.044 0.032 0.028 0.030 0.034  A 251022
   4463.65119 12.104 12.102 12.108 12.082 12.070    0.043 0.030 0.027 0.029 0.034  A 251313
   4466.60589 29.999 29.999 29.999 29.999 29.999    0.052 0.043 0.044 0.048 0.053  C 251633
   4473.59936 12.650 12.470 12.438 12.432 12.444    0.059 0.037 0.033 0.036 0.040  A 252351
   4476.59550 12.091 12.061 12.076 12.097 12.116    0.038 0.033 0.032 0.037 0.042  A 252629
   4479.57222 12.279 12.292 12.296 12.325 12.293    0.035 0.026 0.024 0.027 0.031  A 252994
   4488.56796 12.048 12.065 12.103 12.124 12.207    0.041 0.033 0.033 0.039 0.046  A 253918
   4490.59550 12.062 12.079 12.083 12.089 12.091    0.035 0.030 0.028 0.033 0.038  A 254147
   4493.56461 12.280 12.309 12.334 12.369 12.329    0.049 0.030 0.029 0.031 0.034  A 254498
   4497.55943 12.168 12.197 12.223 12.196 12.182    0.054 0.036 0.032 0.034 0.036  A 254743
   4503.54642 12.159 12.146 12.149 12.119 12.093    0.039 0.038 0.038 0.043 0.048  A 255535
   4506.54287 12.371 12.399 12.365 12.342 12.333    0.038 0.035 0.036 0.042 0.049  A 255963
   4510.53121 12.117 12.141 12.144 12.119 12.111    0.040 0.040 0.042 0.050 0.056  B 256515
   4516.51264 12.213 12.180 12.183 12.156 12.192    0.057 0.038 0.038 0.046 0.052  A 257078
   4523.50727 11.940 11.935 11.941 11.923 11.912    0.057 0.042 0.044 0.054 0.064  B 258109
#ndata= 19
#dataset= 5 ; 1 F0130-48_092
#desig= 005735-5246.0
#cra=    0.959752  00:57:35.1
#cdec= -52.765916 -52:45:57.3
#class= 0
#cmag_0= 12.174
#cmer_0=  0.115
#nskip_0= 0
#cmag_1= 12.205
#cmer_1=  0.111
#nskip_1= 0
#cmag_2= 12.224
#cmer_2=  0.116
#nskip_2= 0
#cmag_3= 12.230
#cmer_3=  0.126
#nskip_3= 0
#cmag_4= 12.214
#cmer_4=  0.140
#nskip_4= 1
#ra=    0.959752  00:57:35.1
#dec= -52.765916 -52:45:57.3
#     HJD      MAG_0  MAG_1  MAG_2  MAG_3  MAG_4    MER_0 MER_1 MER_2 MER_3 MER_4 GRADE FRAME
   3365.59986 12.213 12.289 12.320 12.351 12.318    0.059 0.061 0.065 0.070 0.076  D 125045
   3367.65710 12.163 12.217 12.239 12.242 12.256    0.058 0.038 0.038 0.046 0.052  A 125266
   3387.58003 99.999 99.999 99.999 99.999 99.999    0.049 0.034 0.031 0.034 0.037  C 126299
   3889.90204 12.301 12.354 12.358 12.329 12.267    0.039 0.033 0.027 0.028 0.032  A 193079
   4232.92416 12.173 12.270 12.276 12.241 12.197    0.039 0.037 0.034 0.039 0.045  A 224131
   4273.89630 12.065 12.059 12.086 12.096 12.057    0.040 0.039 0.032 0.033 0.034  A 228585
   4283.88539 12.383 12.356 12.349 12.324 12.302    0.062 0.046 0.049 0.056 0.062  B 229719
   4286.85986 11.990 11.913 11.816 11.730 11.576    0.081 0.081 0.092 0.106 0.117  D 230246
   4290.88301 12.287 12.317 12.318 12.295 12.275    0.050 0.048 0.041 0.045 0.046  A 230583
   4293.89088 12.093 12.145 12.169 12.169 12.201    0.036 0.035 0.026 0.027 0.028  A 231142
   4296.89098 12.111 12.128 12.221 12.303 12.382    0.059 0.065 0.069 0.074 0.081  D 231657
   4299.88779 12.272 12.315 12.311 12.305 12.288    0.046 0.044 0.040 0.041 0.045  A 232201
   4308.84294 12.095 12.148 12.184 12.243 12.195    0.051 0.044 0.043 0.052 0.060  B 233719
   4311.81743 12.157 12.133 12.164 12.163 12.160    0.056 0.057 0.059 0.065 0.069  D 234120
   4314.84834 12.052 12.047 12.068 12.063 12.106    0.048 0.049 0.045 0.051 0.053  B 234450
   4341.77915 12.133 12.120 12.097 12.056 12.005    0.049 0.053 0.054 0.060 0.065  B 236972
   4350.74061 12.223 12.208 12.185 12.148 12.073    0.067 0.042 0.038 0.040 0.044  A 238483
   4358.72284 12.165 12.156 12.187 12.209 12.227    0.036 0.037 0.030 0.030 0.032  A 239658
   4361.71654 12.420 12.420 12.457 12.521 12.565    0.045 0.044 0.040 0.043 0.044  A 240051
