#ndata= 1
#dataset= 1 ; 1 F0032+08_379
#desig= 005842+0631.0
#cra=    0.978223  00:58:41.6
#cdec=   6.516219 06:30:58.4
#class= 0
#cmag_0= 12.870
#cmer_0=  0.000
#nskip_0= 0
#cmag_1= 12.848
#cmer_1=  0.000
#nskip_1= 0
#cmag_2= 12.901
#cmer_2=  0.000
#nskip_2= 0
#cmag_3= 12.953
#cmer_3=  0.000
#nskip_3= 0
#cmag_4= 13.044
#cmer_4=  0.000
#nskip_4= 0
#ra=    0.978223  00:58:41.6
#dec=   6.516219 06:30:58.4
#     HJD      MAG_0  MAG_1  MAG_2  MAG_3  MAG_4    MER_0 MER_1 MER_2 MER_3 MER_4 GRADE FRAME
   2468.84924 12.870 12.849 12.901 12.953 13.044    0.033 0.034 0.025 0.026 0.026  A 11806
#ndata= 209
#dataset= 2 ; 1 F0104+08_380
#desig= 005842+0631.0
#cra=    0.978235  00:58:41.6
#cdec=   6.515947 06:30:57.4
#class= 0
#cmag_0= 12.267
#cmer_0=  0.132
#nskip_0= 17
#cmag_1= 12.270
#cmer_1=  0.126
#nskip_1= 17
#cmag_2= 12.279
#cmer_2=  0.128
#nskip_2= 17
#cmag_3= 12.292
#cmer_3=  0.136
#nskip_3= 17
#cmag_4= 12.310
#cmer_4=  0.147
#nskip_4= 16
#ra=    0.978235  00:58:41.6
#dec=   6.515947 06:30:57.4
#     HJD      MAG_0  MAG_1  MAG_2  MAG_3  MAG_4    MER_0 MER_1 MER_2 MER_3 MER_4 GRADE FRAME
   1921.54000 12.259 12.275 12.254 12.249 12.268    0.046 0.028 0.022 0.024 0.027  A 5581
   2276.53335 12.136 12.205 12.255 12.300 12.295    0.087 0.072 0.062 0.067 0.069  D 46265
   2445.89992 12.767 12.723 12.767 12.803 12.815    0.025 0.024 0.017 0.017 0.019  A 9211
   2453.85239 12.329 12.335 12.365 12.422 99.999    0.030 0.032 0.025 0.027 0.029  C 9726
   2465.84638 12.394 12.401 12.428 12.458 12.449    0.055 0.056 0.050 0.053 0.046  A 11151
   2468.84924 12.904 12.850 12.913 12.962 13.053    0.041 0.046 0.037 0.036 0.034  A 11806
   2468.87394 12.698 12.690 12.695 12.715 12.728    0.032 0.033 0.025 0.021 0.021  A 11817
   2488.78670 12.159 12.149 12.176 12.196 12.210    0.053 0.053 0.046 0.051 0.049  A 13596
   2526.85935 12.307 12.281 12.303 12.331 12.360    0.041 0.045 0.035 0.032 0.027  A 18937
   2552.80442 12.226 12.246 12.266 12.266 12.269    0.029 0.027 0.019 0.020 0.022  A 21214
   2624.60021 12.311 12.272 12.269 12.234 12.251    0.032 0.030 0.029 0.035 0.041  A 30234
   2627.60616 12.234 12.221 12.237 12.246 12.261    0.037 0.024 0.022 0.026 0.031  A 30557
   2629.60884 12.398 12.364 12.359 12.365 12.418    0.044 0.026 0.022 0.026 0.029  A 30861
   2635.55867 12.339 12.321 12.326 12.340 12.368    0.031 0.022 0.017 0.019 0.021  A 32193
   2637.57979 12.330 12.415 12.429 12.448 12.475    0.041 0.032 0.020 0.022 0.023  A 32494
   2639.58508 12.259 12.295 12.268 12.291 12.332    0.035 0.021 0.018 0.019 0.022  A 32804
   2641.59227 12.223 12.199 12.231 12.243 12.235    0.039 0.031 0.020 0.021 0.022  A 33090
   2643.58774 12.203 12.227 12.262 12.293 12.322    0.032 0.030 0.025 0.026 0.031  A 33400
   2645.57606 13.194 13.150 13.197 13.194 13.245    0.036 0.031 0.021 0.022 0.024  A 33692
   2651.54304 12.283 12.281 12.373 12.411 12.426    0.039 0.034 0.026 0.030 0.034  A 34396
   2654.55373 12.365 12.304 12.291 12.311 12.346    0.034 0.023 0.021 0.025 0.029  A 34860
   2658.54212 12.246 12.304 12.305 12.297 12.316    0.026 0.024 0.022 0.025 0.029  A 35559
   2661.53177 12.913 12.961 12.924 12.862 12.894    0.028 0.025 0.023 0.026 0.030  A 36066
   2663.53768 12.245 12.223 12.251 12.281 99.999    0.026 0.023 0.022 0.024 0.028  C 36407
   2667.52925 12.367 12.401 12.395 12.416 12.425    0.032 0.029 0.025 0.028 0.030  A 37059
   2805.91875 12.243 12.198 12.213 12.232 12.242    0.025 0.021 0.023 0.026 0.030  A 59281
   2810.88217 13.020 12.997 12.992 13.013 12.995    0.028 0.028 0.023 0.025 0.027  A 59834
   2820.92034 12.306 12.298 12.301 12.336 12.387    0.029 0.029 0.025 0.029 0.034  A 61631
   2832.87323 12.264 12.218 12.257 12.306 12.402    0.030 0.043 0.033 0.031 0.029  A 63052
   2843.84489 12.213 12.267 12.283 12.302 12.307    0.025 0.029 0.023 0.024 0.026  A 64999
   2851.88919 12.249 12.246 12.292 12.307 12.321    0.021 0.021 0.017 0.019 0.021  A 65548
   2858.80150 12.208 12.214 12.224 12.238 12.249    0.025 0.021 0.016 0.017 0.018  A 66391
   2860.80728 12.171 12.193 12.169 12.192 12.203    0.022 0.028 0.021 0.025 0.025  A 66823
   2862.79429 12.310 12.277 12.298 12.334 12.288    0.029 0.030 0.023 0.025 0.027  A 67232
   2872.82199 13.226 13.238 13.212 13.165 13.159    0.020 0.024 0.017 0.019 0.020  A 68238
   2875.83065 12.248 12.229 12.251 12.253 12.290    0.023 0.020 0.015 0.017 0.019  A 68633
   2877.79562 12.241 12.225 12.252 12.250 12.275    0.036 0.021 0.017 0.018 0.020  A 69015
   2880.76787 12.492 12.569 12.586 12.600 12.647    0.063 0.065 0.062 0.069 0.078  B 69419
   2883.80556 12.116 12.168 12.189 12.220 12.246    0.034 0.022 0.017 0.018 0.019  A 69691
   2885.74973 12.226 12.267 12.258 12.259 12.263    0.020 0.022 0.015 0.016 0.018  A 70073
   2892.77222 12.158 12.237 12.251 12.281 12.311    0.033 0.028 0.023 0.027 0.031  A 70732
   2897.76639 12.188 12.181 12.191 12.195 12.200    0.035 0.024 0.020 0.023 0.027  A 71723
   2899.74993 12.190 12.163 12.186 12.228 12.245    0.023 0.024 0.019 0.020 0.023  A 72079
   2902.74912 29.999 29.999 29.999 29.999 29.999    0.040 0.019 0.017 0.019 0.019  C 72559
   2905.69848 12.229 12.241 12.244 12.268 12.272    0.020 0.023 0.015 0.017 0.019  A 73005
   2910.68811 12.504 12.492 12.511 12.548 12.569    0.024 0.026 0.020 0.020 0.021  A 73743
   2912.72071 12.344 12.275 12.304 12.345 12.377    0.030 0.029 0.026 0.028 0.031  A 74134
   2915.70050 12.260 12.237 12.273 12.275 12.351    0.022 0.025 0.018 0.020 0.022  A 74410
   2917.65490 12.536 12.477 12.453 12.491 12.464    0.036 0.027 0.021 0.024 0.025  A 74770
   2924.71314 12.333 12.295 12.293 12.275 12.301    0.032 0.028 0.027 0.031 0.035  A 75657
   2927.68276 12.144 12.176 12.180 12.173 12.162    0.039 0.021 0.018 0.019 0.021  A 76020
   2929.68875 12.184 12.178 12.193 12.217 12.242    0.022 0.028 0.019 0.022 0.024  A 76379
   2931.69563 12.253 12.233 12.218 12.200 12.188    0.030 0.022 0.019 0.021 0.025  A 76742
   2933.68482 12.466 12.507 12.524 12.504 12.495    0.030 0.021 0.019 0.021 0.024  A 77092
   2935.67966 12.254 12.295 12.332 12.377 12.400    0.028 0.020 0.016 0.018 0.020  A 77450
   2937.70008 12.210 12.237 12.256 12.241 12.251    0.038 0.021 0.019 0.022 0.025  A 77728
   2940.71295 12.261 12.263 12.283 12.291 12.294    0.034 0.021 0.019 0.021 0.024  A 78033
   2942.63174 12.339 12.338 12.375 12.373 12.407    0.040 0.026 0.025 0.029 0.033  A 78198
   2943.68311 12.242 12.228 12.226 12.226 12.221    0.025 0.022 0.018 0.019 0.021  A 78380
   2945.60565 12.289 12.216 12.236 12.265 12.298    0.029 0.022 0.021 0.026 0.029  A 78689
   2947.62754 12.323 12.303 12.323 12.317 12.342    0.032 0.035 0.028 0.031 0.032  A 79001
   2951.66817 12.238 12.203 12.201 12.189 12.163    0.054 0.050 0.054 0.057 0.061  B 79573
   2953.68477 12.279 12.308 12.302 12.305 12.298    0.039 0.040 0.040 0.048 0.057  A 79848
   2957.68259 12.957 13.011 13.037 13.038 12.983    0.028 0.024 0.020 0.023 0.027  A 80393
   2961.70375 12.220 12.237 12.248 12.264 12.292    0.032 0.025 0.021 0.025 0.028  A 80947
   2964.55102 12.785 12.746 12.721 12.684 12.657    0.028 0.025 0.022 0.024 0.028  A 81308
   2966.57530 12.238 12.212 12.225 12.248 12.280    0.027 0.024 0.021 0.023 0.026  A 81604
   2968.58551 12.199 12.208 12.221 12.215 12.194    0.029 0.023 0.020 0.023 0.025  A 81883
   2970.57928 12.246 12.283 12.314 12.322 12.313    0.025 0.024 0.020 0.022 0.024  A 82100
   2972.58938 12.450 12.537 12.575 12.659 12.753    0.026 0.023 0.020 0.023 0.026  A 82365
   2979.54564 12.449 12.378 12.410 12.470 99.999    0.045 0.049 0.055 0.060 0.064  C 83219
   2983.59955 12.260 12.280 12.323 12.364 12.372    0.029 0.024 0.025 0.029 0.033  A 83762
   2985.60551 12.278 12.287 12.319 12.342 12.412    0.026 0.024 0.022 0.023 0.027  A 84028
   2987.61836 13.274 13.263 13.280 13.313 13.290    0.088 0.053 0.041 0.037 0.041  B 84298
   2990.61861 12.236 12.224 12.240 12.253 12.276    0.025 0.023 0.021 0.024 0.028  A 84636
   2992.62048 12.216 12.255 12.280 12.322 12.379    0.026 0.024 0.020 0.023 0.026  A 84912
   2994.63220 12.427 12.377 12.458 12.537 12.593    0.030 0.028 0.023 0.027 0.031  A 85180
   2997.56921 12.254 12.199 12.190 12.181 12.208    0.028 0.027 0.021 0.025 0.030  A 85556
   3000.56871 12.235 12.286 12.268 12.228 12.214    0.026 0.023 0.019 0.022 0.025  A 85829
   3006.55303 12.231 12.204 12.179 12.192 12.218    0.063 0.064 0.071 0.075 0.079  D 86555
   3012.55770 12.168 12.125 12.097 12.070 12.083    0.043 0.040 0.042 0.053 0.063  B 87344
   3016.55011 12.364 12.316 12.330 12.352 12.348    0.034 0.025 0.022 0.026 0.029  A 87709
   3019.54174 12.242 12.238 12.234 12.226 12.248    0.062 0.056 0.062 0.072 0.084  B 88105
   3025.53823 12.427 12.491 12.536 12.578 12.604    0.032 0.028 0.023 0.026 0.031  A 88389
   3183.92207 12.466 12.423 12.418 12.393 12.395    0.064 0.059 0.056 0.061 0.066  B 107753
   3190.91573 12.299 12.378 12.355 12.351 12.339    0.075 0.066 0.059 0.056 0.059  B 108701
   3271.72926 12.194 12.203 12.206 12.209 12.211    0.028 0.027 0.022 0.025 0.029  A 115965
   3273.74678 12.242 12.267 12.270 12.292 12.294    0.032 0.028 0.026 0.031 0.034  A 116233
   3279.72255 12.253 12.264 12.268 12.295 12.322    0.034 0.032 0.027 0.031 0.036  A 116997
   3294.70344 12.143 12.170 12.147 12.139 12.147    0.043 0.036 0.025 0.023 0.025  A 118403
   3326.59186 12.233 12.272 12.306 12.306 12.303    0.069 0.030 0.027 0.029 0.032  A 121092
   3383.55578 12.410 12.398 12.396 12.366 12.293    0.055 0.038 0.036 0.041 0.046  A 125729
   3388.54310 12.180 12.186 12.178 12.171 12.174    0.096 0.049 0.047 0.052 0.056  B 126415
   3526.93468 12.454 12.411 12.394 12.378 12.376    0.045 0.028 0.029 0.034 0.039  A 145783
   3543.93774 12.179 12.192 12.188 12.200 12.234    0.046 0.027 0.031 0.039 0.044  A 147647
   3553.89883 12.170 12.235 12.219 12.235 12.266    0.047 0.047 0.053 0.065 0.077  B 148668
   3560.90093 12.023 12.095 12.082 12.098 12.112    0.047 0.027 0.031 0.037 0.042  A 149649
   3563.89176 13.050 13.062 13.074 13.036 12.955    0.037 0.027 0.026 0.030 0.034  A 150171
   3569.91695 12.215 12.255 12.283 12.300 12.291    0.031 0.028 0.024 0.027 0.032  A 150669
   3572.89781 12.735 12.730 12.713 12.696 12.664    0.034 0.031 0.027 0.031 0.035  A 151032
   3575.87030 12.201 12.244 12.263 12.280 12.310    0.033 0.028 0.025 0.028 0.033  A 151552
   3579.89699 13.264 13.257 13.229 13.238 13.300    0.038 0.027 0.025 0.029 0.032  A 152243
   3583.85386 12.118 12.158 12.158 12.148 12.149    0.042 0.029 0.025 0.029 0.032  A 152910
   3586.83746 12.995 13.012 12.970 12.972 12.973    0.080 0.038 0.032 0.034 0.036  A 153417
   3589.83018 12.253 12.208 12.197 12.202 12.219    0.067 0.039 0.033 0.035 0.040  A 153908
   3592.81944 12.286 12.274 12.279 12.300 12.355    0.038 0.028 0.026 0.031 0.034  A 154421
   3596.83342 12.323 12.338 12.356 12.374 12.389    0.074 0.036 0.031 0.032 0.034  A 155025
   3600.80700 12.207 12.222 12.255 12.304 12.341    0.052 0.041 0.047 0.057 0.069  B 155445
   3617.78538 12.553 12.585 12.592 12.610 12.697    0.054 0.050 0.052 0.057 0.064  B 157183
   3620.76350 12.252 12.235 12.245 12.250 12.259    0.059 0.049 0.051 0.054 0.061  A 157629
   3622.78537 12.222 12.174 12.184 12.200 12.206    0.055 0.032 0.028 0.030 0.034  A 157953
   3625.80857 13.558 13.526 13.472 13.454 13.487    0.037 0.032 0.028 0.031 0.034  A 158224
   3628.78208 12.297 12.310 12.331 12.355 12.399    0.036 0.030 0.026 0.029 0.034  A 158497
   3634.74866 12.159 12.096 12.122 12.168 12.201    0.073 0.039 0.036 0.042 0.048  A 159411
   3637.74181 12.268 12.265 12.310 12.354 12.387    0.043 0.036 0.030 0.034 0.038  A 159745
   3640.73258 12.580 12.528 12.564 12.567 12.568    0.077 0.037 0.030 0.031 0.035  A 160045
   3642.78576 12.324 12.321 12.276 12.254 12.225    0.045 0.040 0.034 0.038 0.043  A 160367
   3646.68855 12.316 12.354 12.345 12.335 12.358    0.034 0.030 0.025 0.028 0.031  A 160780
   3651.69046 12.253 12.266 12.289 12.293 12.292    0.051 0.028 0.025 0.027 0.031  A 161463
   3653.71590 12.200 12.271 12.326 12.378 12.430    0.061 0.036 0.035 0.040 0.045  A 161774
   3655.66713 13.362 13.379 13.416 13.458 13.461    0.047 0.029 0.025 0.028 0.031  A 162028
   3661.68174 12.196 12.223 12.217 12.190 12.155    0.072 0.045 0.042 0.049 0.057  A 162949
   3663.69606 12.377 12.479 12.519 12.536 12.556    0.061 0.035 0.032 0.039 0.044  A 163231
   3665.75204 12.310 12.289 12.281 12.281 12.275    0.049 0.032 0.029 0.031 0.034  A 163541
   3669.66900 12.277 12.232 12.241 12.262 12.254    0.040 0.028 0.023 0.025 0.029  A 163984
   3672.60813 12.188 12.186 12.185 12.173 12.156    0.040 0.024 0.022 0.025 0.028  A 164388
   3674.70298 12.200 12.251 12.281 12.299 12.316    0.058 0.030 0.025 0.028 0.031  A 164707
   3677.62871 12.327 12.313 12.260 12.214 12.221    0.044 0.046 0.052 0.063 0.077  B 165110
   3680.63941 12.218 12.209 12.190 12.164 12.165    0.057 0.031 0.025 0.028 0.030  A 165348
   3700.57515 12.450 12.374 12.382 12.420 12.495    0.089 0.044 0.039 0.042 0.046  B 168019
   3703.56332 12.290 12.230 12.231 12.211 12.202    0.085 0.041 0.034 0.035 0.038  B 168401
   3705.63499 12.235 12.235 12.248 12.239 12.257    0.054 0.037 0.035 0.038 0.042  A 168705
   3708.58903 12.547 12.491 12.502 12.537 12.551    0.083 0.044 0.036 0.039 0.043  B 169104
   3716.54002 12.450 12.468 12.517 12.564 12.569    0.080 0.041 0.035 0.040 0.045  A 169912
   3718.64149 12.353 12.345 12.365 12.392 12.382    0.072 0.042 0.040 0.046 0.054  A 170201
   3721.58657 12.033 12.042 12.094 12.119 12.118    0.085 0.045 0.038 0.040 0.043  B 170559
   3724.58249 13.051 13.097 13.113 13.079 13.079    0.087 0.045 0.040 0.044 0.048  B 170855
   3727.57483 12.190 12.216 12.221 12.218 12.224    0.082 0.040 0.035 0.038 0.043  B 171252
   3730.61114 12.109 12.170 12.212 12.245 12.242    0.069 0.040 0.037 0.042 0.046  A 171543
   3734.55825 12.306 12.267 12.264 12.236 12.225    0.077 0.042 0.036 0.042 0.047  A 172047
   3737.55322 12.274 12.167 12.160 12.175 12.166    0.085 0.039 0.032 0.034 0.036  B 172458
   3746.56518 12.223 12.212 12.235 12.241 12.229    0.095 0.049 0.045 0.050 0.058  B 173657
   3750.55664 12.237 12.236 12.283 12.360 12.371    0.084 0.044 0.039 0.046 0.053  B 174211
   3754.54828 12.218 12.296 12.285 12.246 12.233    0.056 0.034 0.034 0.041 0.046  A 174758
   3758.53499 12.053 12.106 12.133 12.123 12.099    0.086 0.041 0.034 0.038 0.043  B 175308
   3893.92986 12.099 12.153 12.155 12.173 12.170    0.042 0.030 0.026 0.031 0.035  A 193810
   3901.93509 12.163 12.186 12.206 12.173 12.233    0.049 0.033 0.033 0.038 0.046  A 194949
   4091.58105 12.124 12.153 12.140 12.144 12.179    0.057 0.034 0.031 0.033 0.035  A 209363
   4103.54710 12.200 12.199 12.213 12.217 12.213    0.059 0.035 0.033 0.037 0.044  A 210559
   4106.55002 12.268 12.298 12.303 12.291 12.288    0.079 0.041 0.036 0.039 0.043  A 210929
   4111.55509 12.265 12.269 12.327 12.374 12.407    0.079 0.045 0.049 0.050 0.053  A 211356
   4282.90477 12.202 12.236 12.276 12.273 12.286    0.062 0.044 0.046 0.054 0.061  A 229561
   4285.91451 12.188 12.074 12.074 12.092 12.131    0.063 0.065 0.069 0.074 0.080  B 230076
   4291.87680 12.234 12.240 12.216 12.212 12.224    0.054 0.055 0.052 0.055 0.058  A 230771
   4294.90637 12.294 12.303 12.290 12.328 12.382    0.048 0.045 0.043 0.046 0.050  A 231315
   4297.88408 12.191 12.199 12.223 12.269 12.347    0.050 0.052 0.053 0.059 0.067  B 231832
   4300.87669 12.474 12.474 12.505 12.539 12.553    0.056 0.051 0.052 0.055 0.060  A 232365
   4303.85196 12.254 12.307 12.338 12.344 12.382    0.042 0.044 0.042 0.046 0.049  A 232843
   4305.88959 12.158 12.140 12.118 12.074 12.073    0.060 0.051 0.048 0.051 0.056  A 233220
   4307.87777 12.248 12.238 12.257 12.256 12.246    0.057 0.040 0.038 0.041 0.043  A 233561
   4312.83386 12.184 12.186 12.160 12.137 12.092    0.054 0.049 0.051 0.063 0.076  B 234291
   4319.83036 12.183 12.198 12.207 12.200 12.203    0.036 0.032 0.029 0.032 0.035  A 235050
   4329.84702 12.249 12.201 12.198 12.205 12.223    0.050 0.045 0.048 0.052 0.057  A 235211
   4331.82220 12.222 12.338 12.403 12.442 12.463    0.052 0.059 0.061 0.065 0.067  B 235561
   4333.80063 12.223 12.228 12.310 12.357 12.457    0.062 0.063 0.067 0.082 0.092  D 235913
   4336.80059 12.122 12.153 12.162 12.169 12.161    0.037 0.037 0.029 0.031 0.033  A 236258
   4339.77388 13.451 13.493 13.643 13.778 13.760    0.035 0.034 0.028 0.032 0.035  A 236635
   4341.77675 12.224 12.223 12.219 12.214 12.236    0.038 0.036 0.032 0.036 0.042  A 236971
   4345.80093 12.097 12.075 12.056 12.053 12.046    0.068 0.069 0.072 0.075 0.080  D 237659
   4347.82143 12.289 12.275 12.265 12.260 12.258    0.079 0.067 0.066 0.068 0.070  B 238020
   4350.75057 12.142 12.151 12.193 12.225 12.263    0.048 0.034 0.031 0.035 0.039  A 238485
   4353.74336 12.258 12.245 12.251 12.248 12.262    0.035 0.031 0.026 0.029 0.032  A 238892
   4355.78142 13.100 13.170 13.170 13.209 13.265    0.036 0.032 0.028 0.031 0.033  A 239222
   4358.72779 12.251 12.257 12.256 12.255 12.267    0.038 0.038 0.034 0.035 0.036  A 239659
   4361.72157 12.127 12.183 12.191 12.220 12.231    0.057 0.044 0.039 0.040 0.040  A 240052
   4363.73454 12.264 12.233 12.237 12.234 12.243    0.036 0.034 0.028 0.030 0.032  A 240371
   4365.73666 12.209 12.255 12.245 12.243 12.238    0.038 0.032 0.026 0.028 0.030  A 240683
   4372.72826 12.215 12.202 12.209 12.197 12.174    0.057 0.039 0.040 0.048 0.055  A 241661
   4375.73052 12.100 12.155 12.164 12.144 12.179    0.046 0.035 0.035 0.039 0.044  A 241989
   4377.79503 12.168 12.156 12.159 12.156 12.154    0.052 0.041 0.040 0.046 0.051  A 242312
   4380.66669 12.153 12.163 12.173 12.178 12.169    0.047 0.037 0.036 0.040 0.045  A 242728
   4382.70505 12.159 12.148 12.177 12.216 12.226    0.035 0.032 0.027 0.030 0.034  A 243046
   4384.72751 12.167 12.115 12.163 12.177 12.239    0.041 0.039 0.035 0.037 0.041  A 243359
   4386.71351 12.281 12.273 12.249 12.237 12.232    0.036 0.033 0.027 0.030 0.031  A 243677
   4388.69982 12.242 12.233 12.219 12.222 12.240    0.035 0.033 0.027 0.030 0.032  A 243985
   4392.65150 12.738 12.751 12.727 12.693 12.709    0.039 0.029 0.026 0.029 0.033  A 244520
   4399.68953 12.067 12.112 12.110 12.121 12.183    0.077 0.048 0.046 0.054 0.063  B 244849
   4402.69113 12.192 12.155 12.148 12.176 12.229    0.055 0.037 0.033 0.037 0.041  A 245131
   4404.76211 12.207 12.140 12.137 12.113 12.130    0.035 0.034 0.030 0.035 0.040  A 245385
   4408.61411 13.493 13.475 13.440 13.388 13.397    0.049 0.033 0.029 0.034 0.039  A 245721
   4411.61645 12.158 12.230 12.248 12.262 12.286    0.068 0.041 0.035 0.040 0.043  A 246088
   4420.59734 12.274 12.254 12.267 12.290 12.325    0.053 0.039 0.038 0.044 0.051  A 246445
   4422.65184 12.182 12.199 12.237 12.286 12.331    0.047 0.031 0.027 0.031 0.033  A 246659
   4427.57891 12.212 12.223 12.187 12.151 12.147    0.078 0.048 0.045 0.052 0.059  A 247035
   4429.61586 12.229 12.199 12.197 12.213 12.220    0.037 0.034 0.032 0.038 0.043  A 247292
   4431.68141 12.815 12.852 12.857 12.866 12.873    0.047 0.036 0.033 0.040 0.044  A 247546
   4436.68298 12.393 12.311 12.329 12.351 12.375    0.079 0.051 0.037 0.040 0.054  A 248170
   4439.58627 12.238 12.341 12.346 12.358 12.390    0.063 0.040 0.032 0.034 0.036  A 248509
   4442.63213 12.206 12.141 12.135 12.152 12.176    0.068 0.044 0.039 0.040 0.042  A 248865
   4454.56723 13.288 13.246 13.281 13.331 13.364    0.073 0.048 0.044 0.049 0.055  A 250214
   4457.56375 12.250 12.184 12.197 12.269 12.346    0.053 0.037 0.037 0.044 0.051  A 250541
   4460.56777 12.066 12.124 12.138 12.135 12.123    0.051 0.033 0.029 0.033 0.036  A 250889
   4463.55006 12.209 12.218 12.236 12.270 12.300    0.045 0.032 0.026 0.029 0.034  A 251278
   4466.55300 12.254 12.222 12.206 12.179 12.177    0.059 0.041 0.043 0.048 0.051  A 251615
   4469.54460 12.279 12.265 12.292 12.306 12.319    0.065 0.041 0.035 0.037 0.041  A 251949
   4473.56692 12.056 12.110 12.097 12.073 12.070    0.063 0.040 0.034 0.038 0.041  A 252339
   4476.56776 12.371 12.343 12.317 12.309 12.329    0.082 0.068 0.069 0.074 0.077  B 252619
   4482.54603 12.147 12.190 12.240 12.277 12.293    0.064 0.041 0.038 0.043 0.049  A 253295
   4487.53492 12.079 12.089 12.111 12.106 12.119    0.049 0.040 0.037 0.040 0.047  A 253790
#ndata= 1
#dataset= 3 ; 1 F0136+08_381
#desig= 005842+0631.0
#cra=    0.978227  00:58:41.6
#cdec=   6.516849 06:31:00.7
#class= 0
#cmag_0= 12.656
#cmer_0=  0.000
#nskip_0= 0
#cmag_1= 12.649
#cmer_1=  0.000
#nskip_1= 0
#cmag_2= 12.678
#cmer_2=  0.000
#nskip_2= 0
#cmag_3= 12.705
#cmer_3=  0.000
#nskip_3= 0
#cmag_4= 12.723
#cmer_4=  0.000
#nskip_4= 0
#ra=    0.978227  00:58:41.6
#dec=   6.516849 06:31:00.7
#     HJD      MAG_0  MAG_1  MAG_2  MAG_3  MAG_4    MER_0 MER_1 MER_2 MER_3 MER_4 GRADE FRAME
   2468.87394 12.656 12.650 12.679 12.705 12.723    0.037 0.039 0.029 0.029 0.029  A 11817
