#ndata= 6
#dataset= 1 ; 1 F0104-08_290
#desig= 005845-0253.0
#cra=    0.979159  00:58:45.0
#cdec=  -2.883866 -2:53:01.9
#class= 0
#cmag_0= 12.258
#cmer_0=  0.113
#nskip_0= 0
#cmag_1= 12.229
#cmer_1=  0.095
#nskip_1= 0
#cmag_2= 12.244
#cmer_2=  0.096
#nskip_2= 0
#cmag_3= 12.266
#cmer_3=  0.099
#nskip_3= 0
#cmag_4= 12.269
#cmer_4=  0.098
#nskip_4= 0
#ra=    0.979159  00:58:45.0
#dec=  -2.883866 -2:53:01.9
#     HJD      MAG_0  MAG_1  MAG_2  MAG_3  MAG_4    MER_0 MER_1 MER_2 MER_3 MER_4 GRADE FRAME
   2115.81500 12.143 12.138 12.152 12.112 12.078    0.045 0.027 0.022 0.023 0.027  A 26942
   2135.78851 12.235 12.195 12.230 12.316 12.317    0.064 0.040 0.037 0.043 0.048  A 29492
   2140.80936 12.328 12.298 12.318 12.336 12.370    0.052 0.026 0.025 0.030 0.033  A 30257
   2144.76741 12.244 12.256 12.255 12.245 12.242    0.055 0.027 0.023 0.026 0.029  A 31059
   3382.54420 12.398 12.281 12.288 12.262 12.263    0.085 0.042 0.035 0.038 0.040  A 125595
   3401.53986 12.192 12.190 12.209 12.213 12.233    0.037 0.028 0.024 0.027 0.031  A 128031
#ndata= 4
#dataset= 2 ; 1 F0032+00_334
#desig= 005844-0253.1
#cra=    0.979014  00:58:44.4
#cdec=  -2.885288 -2:53:07.0
#class= 0
#cmag_0= 12.272
#cmer_0=  0.117
#nskip_0= 0
#cmag_1= 12.304
#cmer_1=  0.120
#nskip_1= 0
#cmag_2= 12.290
#cmer_2=  0.119
#nskip_2= 0
#cmag_3= 12.297
#cmer_3=  0.119
#nskip_3= 0
#cmag_4= 12.311
#cmer_4=  0.121
#nskip_4= 0
#ra=    0.979014  00:58:44.4
#dec=  -2.885288 -2:53:07.0
#     HJD      MAG_0  MAG_1  MAG_2  MAG_3  MAG_4    MER_0 MER_1 MER_2 MER_3 MER_4 GRADE FRAME
   2468.82406 12.273 12.284 12.259 12.254 12.271    0.031 0.036 0.024 0.022 0.020  A 11795
   2473.83362 12.318 12.369 12.351 12.358 12.353    0.037 0.041 0.034 0.038 0.030  A 12769
   2490.82358 12.225 12.226 12.239 12.238 12.265    0.038 0.037 0.031 0.039 0.033  A 14147
   2628.61006 12.272 12.328 12.323 12.340 12.375    0.050 0.036 0.029 0.033 0.036  A 30709
#ndata= 257
#dataset= 3 ; 1 F0104+00_335
#desig= 005845-0253.1
#cra=    0.979088  00:58:44.7
#cdec=  -2.884843 -2:53:05.4
#class= 0
#cmag_0= 12.219
#cmer_0=  0.082
#nskip_0= 1
#cmag_1= 12.223
#cmer_1=  0.079
#nskip_1= 0
#cmag_2= 12.224
#cmer_2=  0.083
#nskip_2= 1
#cmag_3= 12.227
#cmer_3=  0.098
#nskip_3= 0
#cmag_4= 12.231
#cmer_4=  0.108
#nskip_4= 0
#ra=    0.979088  00:58:44.7
#dec=  -2.884843 -2:53:05.4
#     HJD      MAG_0  MAG_1  MAG_2  MAG_3  MAG_4    MER_0 MER_1 MER_2 MER_3 MER_4 GRADE FRAME
   1868.57767 12.107 12.173 12.207 12.226 12.249    0.058 0.028 0.022 0.022 0.024  A 54
   1888.59038 12.590 12.481 12.475 12.525 12.573    0.059 0.031 0.026 0.029 0.032  A 2882
   1902.53308 12.099 12.146 12.191 12.251 12.274    0.053 0.028 0.023 0.026 0.029  A 3462
   1905.54753 12.245 12.305 12.297 12.286 12.269    0.059 0.026 0.022 0.023 0.025  A 3950
   1908.54457 12.221 12.195 12.219 12.241 12.283    0.047 0.027 0.020 0.022 0.024  A 4432
   1915.54637 12.308 12.175 12.146 12.130 12.121    0.056 0.030 0.024 0.027 0.031  A 4890
   1921.53270 12.226 12.233 12.228 12.227 12.220    0.048 0.030 0.023 0.025 0.029  A 5578
   2053.92347 12.279 12.264 12.266 12.272 12.265    0.078 0.045 0.040 0.043 0.046  A 20149
   2069.88984 12.146 12.144 12.125 12.110 12.090    0.075 0.042 0.038 0.040 0.045  A 22409
   2164.72836 12.143 12.134 12.129 12.128 12.076    0.059 0.035 0.028 0.028 0.031  A 31945
   2167.70684 12.026 12.061 12.081 12.083 12.113    0.060 0.032 0.026 0.029 0.032  A 32127
   2173.70344 12.155 12.127 12.120 12.126 12.145    0.052 0.033 0.025 0.027 0.031  A 33006
   2174.70113 12.073 12.106 12.117 12.118 12.129    0.058 0.035 0.028 0.030 0.034  A 33180
   2177.69179 12.073 12.106 12.120 12.151 12.177    0.057 0.038 0.030 0.032 0.035  A 33449
   2178.68409 12.186 12.162 12.182 12.188 12.169    0.051 0.036 0.028 0.030 0.033  A 33619
   2180.63758 12.112 12.114 12.078 12.057 12.049    0.055 0.037 0.029 0.030 0.034  A 33789
   2190.61724 12.208 12.202 12.201 12.202 12.196    0.039 0.039 0.027 0.026 0.026  A 34929
   2250.58881 12.273 12.251 12.281 12.299 12.327    0.054 0.045 0.037 0.043 0.041  A 42833
   2252.59828 12.349 12.450 12.556 12.572 12.487    0.053 0.043 0.035 0.038 0.036  A 43161
   2254.59430 12.218 12.257 12.294 12.319 12.327    0.055 0.044 0.035 0.039 0.038  A 43451
   2440.88162 12.113 12.110 12.080 12.044 12.039    0.030 0.030 0.021 0.021 0.023  A 8167
   2445.88411 12.155 12.208 12.185 12.169 12.172    0.029 0.026 0.018 0.018 0.021  A 9204
   2453.84578 12.289 12.271 12.283 12.298 12.310    0.045 0.048 0.041 0.043 0.045  A 9723
   2465.83294 12.285 12.391 12.453 12.494 12.483    0.056 0.054 0.045 0.047 0.044  A 11145
   2468.82406 12.288 12.263 12.234 12.228 12.248    0.041 0.044 0.033 0.033 0.032  A 11795
   2468.86258 12.323 12.327 12.326 12.339 12.323    0.030 0.030 0.021 0.021 0.021  A 11812
   2470.85209 12.266 12.261 12.275 12.286 12.270    0.036 0.040 0.032 0.038 0.031  A 12090
   2473.83362 12.318 12.336 12.321 12.324 12.316    0.043 0.044 0.037 0.042 0.035  A 12769
   2488.78243 12.190 12.292 12.209 12.232 12.215    0.047 0.047 0.040 0.046 0.042  A 13594
   2490.82358 12.222 12.196 12.205 12.198 12.232    0.043 0.041 0.034 0.042 0.037  A 14147
   2491.82319 12.177 12.182 12.282 12.383 12.446    0.043 0.042 0.037 0.043 0.040  A 14317
   2495.78087 12.155 12.180 12.187 12.190 12.185    0.031 0.031 0.024 0.029 0.023  A 14863
   2496.80222 12.196 12.180 12.154 12.107 12.114    0.029 0.031 0.026 0.029 0.025  A 15083
   2498.79666 12.166 12.143 12.150 12.140 12.130    0.035 0.041 0.031 0.033 0.027  A 15506
   2499.79530 12.221 12.214 12.203 12.159 12.204    0.028 0.031 0.024 0.027 0.023  A 15715
   2501.79478 12.289 12.225 12.238 12.235 12.235    0.030 0.030 0.024 0.026 0.022  A 16076
   2502.79407 12.264 12.319 12.303 12.309 12.282    0.031 0.033 0.027 0.034 0.026  A 16289
   2503.79209 12.246 12.375 12.423 12.433 12.424    0.047 0.043 0.039 0.046 0.043  A 16492
   2520.73029 12.315 12.292 12.286 12.272 12.256    0.041 0.037 0.023 0.021 0.019  A 18239
   2529.72303 12.299 12.286 12.290 12.272 12.258    0.052 0.043 0.033 0.036 0.034  A 19113
   2545.77189 12.103 12.151 12.169 12.178 12.160    0.043 0.019 0.016 0.018 0.020  A 20228
   2552.83197 12.215 12.153 12.124 12.117 12.133    0.028 0.026 0.023 0.024 0.026  A 21225
   2554.64926 12.165 12.212 12.178 12.177 12.211    0.038 0.036 0.033 0.039 0.033  A 21512
   2578.70829 12.309 12.288 12.295 12.288 12.320    0.033 0.034 0.023 0.024 0.021  A 24975
   2627.60128 12.203 12.275 12.257 12.276 12.280    0.026 0.027 0.022 0.023 0.028  A 30555
   2628.61006 12.275 12.302 12.291 12.305 12.342    0.050 0.038 0.032 0.035 0.039  A 30709
   2629.60137 12.316 12.280 12.290 12.307 12.277    0.041 0.027 0.024 0.026 0.029  A 30858
   2634.62863 12.227 12.246 12.298 12.347 12.333    0.028 0.024 0.020 0.021 0.023  A 32073
   2637.54470 12.156 12.168 12.163 12.161 12.180    0.040 0.026 0.021 0.020 0.021  A 32479
   2639.55691 12.258 12.242 12.229 12.210 12.229    0.041 0.045 0.027 0.024 0.022  A 32792
   2641.56410 12.122 12.125 12.124 12.126 12.115    0.034 0.025 0.020 0.021 0.024  A 33078
   2643.55959 12.123 12.181 12.173 12.163 12.177    0.041 0.029 0.021 0.021 0.022  A 33388
   2645.54555 12.156 12.167 12.166 12.181 12.175    0.032 0.037 0.026 0.025 0.027  A 33679
   2651.53557 12.118 12.127 12.095 12.105 12.055    0.031 0.026 0.025 0.028 0.032  A 34393
   2653.56324 12.187 12.225 12.222 12.206 12.201    0.036 0.025 0.022 0.026 0.027  A 34712
   2657.53782 12.251 12.325 12.282 12.259 12.284    0.035 0.030 0.025 0.027 0.031  A 35384
   2659.55815 12.360 12.329 12.338 12.342 12.343    0.029 0.021 0.020 0.022 0.026  A 35735
   2662.53391 12.300 12.343 12.322 12.327 12.339    0.035 0.029 0.021 0.022 0.024  A 36237
   2664.53701 12.242 12.227 12.221 12.197 12.183    0.033 0.027 0.024 0.027 0.029  A 36582
   2667.53365 12.369 12.348 12.328 12.332 12.377    0.029 0.024 0.023 0.024 0.026  A 37061
   2670.52600 12.289 12.327 12.368 12.368 12.373    0.030 0.028 0.028 0.031 0.034  A 37543
   2815.92301 12.202 12.218 12.217 12.216 12.219    0.027 0.023 0.020 0.022 0.024  A 60875
   2820.90208 12.255 12.307 12.280 12.270 12.284    0.031 0.029 0.022 0.024 0.027  A 61623
   2830.83303 12.109 12.243 12.257 12.276 12.352    0.073 0.074 0.075 0.084 0.099  D 62588
   2832.87580 12.238 12.259 12.252 12.246 12.222    0.029 0.025 0.020 0.024 0.027  A 63053
   2843.85019 12.281 12.271 12.281 12.281 12.252    0.027 0.030 0.024 0.027 0.028  A 65001
   2851.88722 12.236 12.221 12.242 12.242 12.227    0.024 0.024 0.017 0.019 0.022  A 65547
   2858.79950 12.132 12.153 12.136 12.124 12.093    0.026 0.023 0.016 0.017 0.019  A 66390
   2860.79812 12.169 12.156 12.152 12.152 12.125    0.021 0.027 0.020 0.024 0.025  A 66819
   2862.79678 12.219 12.205 12.209 12.197 12.175    0.028 0.027 0.021 0.023 0.027  A 67233
   2871.87239 12.122 12.147 12.200 12.232 12.189    0.029 0.035 0.027 0.031 0.023  A 68049
   2874.78523 12.262 12.252 12.238 12.239 12.252    0.031 0.022 0.020 0.021 0.022  A 68424
   2876.77372 12.284 12.217 12.231 12.235 12.231    0.026 0.024 0.018 0.020 0.020  A 68817
   2883.76673 12.215 12.243 12.219 12.227 12.225    0.024 0.024 0.021 0.025 0.022  A 69674
   2885.74074 12.210 12.259 12.255 12.253 12.252    0.035 0.020 0.016 0.017 0.019  A 70069
   2886.84499 12.291 12.269 12.288 12.318 12.339    0.033 0.033 0.026 0.029 0.031  A 70325
   2892.76784 12.249 12.223 12.260 12.295 12.301    0.041 0.034 0.029 0.030 0.031  A 70730
   2896.76861 12.324 12.349 12.375 12.407 12.449    0.034 0.031 0.027 0.029 0.032  A 71526
   2898.72353 12.240 12.262 12.283 12.282 12.331    0.027 0.029 0.023 0.026 0.026  A 71904
   2900.71230 12.287 12.288 12.271 12.246 12.239    0.031 0.023 0.018 0.020 0.022  A 72254
   2903.79843 12.174 12.210 12.242 12.246 12.263    0.036 0.030 0.027 0.029 0.032  A 72731
   2906.69841 12.199 12.211 12.255 12.277 12.255    0.025 0.026 0.018 0.020 0.023  A 73204
   2908.73826 12.206 12.218 12.197 12.194 12.215    0.032 0.023 0.018 0.020 0.023  A 73452
   2910.76502 12.171 12.171 12.164 12.172 12.167    0.042 0.019 0.018 0.019 0.020  A 73776
   2912.73217 12.157 12.103 12.123 12.122 12.142    0.037 0.023 0.020 0.022 0.023  A 74139
   2915.69372 12.274 12.227 12.229 12.241 12.224    0.046 0.023 0.020 0.020 0.022  A 74407
   2917.65713 12.212 12.235 12.221 12.228 12.222    0.040 0.025 0.022 0.024 0.028  A 74771
   2926.82904 12.215 12.216 12.228 12.229 12.236    0.030 0.028 0.026 0.032 0.037  A 75896
   2932.74242 12.198 12.237 12.273 12.287 12.276    0.026 0.023 0.020 0.022 0.025  A 76938
   2934.73729 12.304 12.272 12.241 12.239 12.293    0.032 0.022 0.020 0.022 0.024  A 77290
   2936.74291 29.999 29.999 29.999 29.999 29.999    0.064 0.068 0.070 0.084 0.103  D 77642
   2940.61071 12.251 12.317 12.330 12.349 12.367    0.049 0.025 0.019 0.020 0.020  A 77989
   2942.63394 12.352 12.295 12.290 12.270 12.265    0.034 0.026 0.024 0.029 0.032  A 78199
   2943.68520 12.340 12.359 12.327 12.335 12.342    0.030 0.020 0.018 0.019 0.021  A 78381
   2945.60327 12.393 12.282 12.259 12.198 12.183    0.028 0.033 0.024 0.029 0.031  A 78688
   2951.62025 12.333 12.333 12.322 12.335 12.397    0.036 0.030 0.027 0.030 0.035  A 79554
   2953.62828 12.260 12.260 12.234 12.184 12.142    0.033 0.034 0.031 0.037 0.042  A 79827
   2957.62912 12.150 12.121 12.150 12.164 12.174    0.068 0.058 0.058 0.061 0.063  B 80372
   2961.62248 12.179 12.175 12.164 12.168 12.154    0.032 0.023 0.020 0.022 0.026  A 80915
   2963.63230 12.150 12.184 12.198 12.206 12.216    0.028 0.026 0.022 0.024 0.028  A 81197
   2965.64413 12.093 12.074 12.066 12.046 12.033    0.024 0.023 0.021 0.023 0.026  A 81488
   2969.61232 12.129 12.122 12.144 12.141 12.131    0.028 0.023 0.022 0.025 0.030  A 82040
   2971.63758 12.249 12.286 12.251 12.217 12.184    0.029 0.025 0.022 0.024 0.027  A 82245
   2973.60843 12.116 12.163 12.153 12.131 12.128    0.032 0.024 0.022 0.026 0.029  A 82456
   2978.62393 12.320 12.214 12.146 12.095 12.081    0.036 0.030 0.027 0.033 0.038  A 83122
   2980.64516 12.247 12.285 12.344 12.403 12.389    0.033 0.030 0.027 0.032 0.037  A 83379
   2982.65364 12.282 12.277 12.287 12.294 12.193    0.033 0.036 0.037 0.045 0.054  A 83655
   2984.65328 12.151 12.196 12.160 12.127 12.102    0.028 0.026 0.023 0.026 0.030  A 83912
   2987.55438 12.181 12.150 12.148 12.145 12.163    0.027 0.024 0.020 0.022 0.025  A 84274
   2989.64410 12.216 12.308 12.309 12.319 12.322    0.029 0.026 0.024 0.027 0.031  A 84525
   2992.57985 12.250 12.269 12.273 12.270 12.274    0.027 0.023 0.021 0.023 0.027  A 84896
   2994.60661 12.360 12.296 12.280 12.285 12.291    0.030 0.027 0.022 0.024 0.027  A 85170
   2997.55895 12.261 12.272 12.251 12.234 12.247    0.025 0.022 0.020 0.023 0.027  A 85552
   3006.54757 12.194 12.137 12.129 12.101 12.074    0.036 0.042 0.047 0.051 0.054  A 86553
   3008.59932 12.200 12.176 12.172 12.119 12.072    0.035 0.029 0.027 0.031 0.037  A 86827
   3011.57238 12.136 12.111 12.084 12.132 12.234    0.034 0.029 0.028 0.032 0.039  A 87223
   3013.58291 12.019 12.038 11.969 11.910 11.864    0.026 0.027 0.026 0.031 0.036  A 87491
   3017.57017 12.224 12.205 12.194 12.190 12.179    0.034 0.027 0.023 0.027 0.029  A 87849
   3178.93477 12.176 12.174 12.164 12.190 12.210    0.069 0.073 0.067 0.070 0.077  D 107153
   3183.91199 12.188 12.164 12.174 12.190 12.236    0.064 0.062 0.060 0.065 0.069  D 107749
   3189.92253 12.202 12.185 12.165 12.156 12.133    0.030 0.040 0.031 0.033 0.039  A 108526
   3271.73741 12.161 12.106 12.092 12.069 12.064    0.046 0.034 0.024 0.026 0.029  A 115968
   3273.76296 12.095 11.998 12.000 12.017 11.946    0.070 0.063 0.068 0.072 0.075  D 116238
   3279.71994 12.194 12.173 12.159 12.126 12.087    0.047 0.034 0.029 0.033 0.037  A 116996
   3294.68963 12.248 12.221 12.202 12.195 12.177    0.040 0.034 0.024 0.023 0.025  A 118398
   3326.58865 12.185 12.180 12.164 12.170 12.189    0.066 0.033 0.028 0.030 0.033  A 121091
   3365.54691 12.294 12.288 12.294 12.290 12.265    0.101 0.054 0.049 0.053 0.058  B 125028
   3382.54420 12.405 12.285 12.282 12.261 12.258    0.089 0.044 0.036 0.037 0.041  B 125595
   3383.53667 12.242 12.230 12.250 12.241 12.211    0.098 0.052 0.044 0.048 0.053  B 125722
   3388.54023 12.431 12.402 12.386 12.352 12.330    0.076 0.044 0.039 0.043 0.049  A 126414
   3391.55649 12.246 12.219 12.188 12.200 12.230    0.056 0.040 0.040 0.045 0.052  A 126813
   3397.52998 12.287 12.210 12.145 12.090 12.069    0.049 0.044 0.045 0.049 0.053  A 127464
   3401.52609 12.142 12.141 12.179 12.201 12.186    0.043 0.029 0.024 0.028 0.033  A 128026
   3525.92762 12.217 12.229 12.197 12.173 12.150    0.042 0.032 0.032 0.036 0.042  A 145593
   3543.90886 12.410 12.360 12.387 12.427 12.442    0.057 0.032 0.030 0.035 0.041  A 147637
   3553.88277 12.212 12.200 12.204 12.208 12.290    0.045 0.045 0.049 0.060 0.072  B 148662
   3560.88238 12.184 12.194 12.194 12.177 12.176    0.051 0.033 0.031 0.034 0.039  A 149643
   3563.90139 12.127 12.154 12.146 12.126 12.130    0.056 0.035 0.029 0.030 0.034  A 150174
   3568.91838 12.185 12.163 12.180 12.208 12.204    0.034 0.030 0.024 0.025 0.028  A 150475
   3571.86552 12.158 12.153 12.173 12.188 12.186    0.034 0.032 0.025 0.028 0.032  A 150979
   3574.86059 12.237 12.212 12.230 12.243 12.277    0.034 0.030 0.027 0.032 0.037  A 151362
   3579.89461 12.130 12.121 12.129 12.158 12.178    0.042 0.026 0.022 0.024 0.028  A 152242
   3583.85159 12.190 12.162 12.161 12.168 12.159    0.034 0.025 0.023 0.025 0.029  A 152909
   3586.82707 12.158 12.212 12.205 12.212 12.230    0.049 0.029 0.024 0.027 0.029  A 153413
   3589.83625 12.225 12.225 12.234 12.233 12.230    0.050 0.031 0.027 0.031 0.035  A 153910
   3592.82225 12.374 12.341 12.370 12.413 12.435    0.046 0.034 0.029 0.031 0.034  A 154422
   3596.83612 12.259 12.271 12.278 12.295 12.352    0.067 0.038 0.035 0.038 0.040  A 155026
   3600.80973 12.219 12.225 12.187 12.133 12.174    0.081 0.051 0.052 0.063 0.072  B 155446
   3617.78292 12.119 12.126 12.143 12.145 12.064    0.055 0.044 0.043 0.051 0.059  B 157182
   3620.74951 12.124 12.143 12.151 12.152 12.162    0.054 0.032 0.028 0.030 0.033  A 157625
   3622.78293 12.204 12.180 12.186 12.185 12.197    0.063 0.035 0.028 0.030 0.035  A 157952
   3625.79481 12.152 12.136 12.159 12.182 12.194    0.034 0.029 0.024 0.027 0.030  A 158219
   3628.76417 12.196 12.205 12.206 12.205 12.195    0.034 0.030 0.025 0.028 0.031  A 158491
   3630.75567 12.276 12.294 12.246 12.214 12.179    0.049 0.034 0.033 0.037 0.043  A 158828
   3634.75125 12.151 12.198 12.199 12.197 12.181    0.070 0.040 0.035 0.040 0.046  A 159412
   3637.72676 12.236 12.242 12.243 12.221 12.201    0.035 0.032 0.024 0.026 0.030  A 159740
   3640.72729 12.278 12.277 12.263 12.252 12.235    0.062 0.031 0.024 0.026 0.029  A 160043
   3642.78323 12.248 12.290 12.282 12.289 12.318    0.044 0.039 0.032 0.036 0.041  A 160366
   3646.67842 12.350 12.324 12.315 12.316 12.321    0.038 0.032 0.026 0.027 0.030  A 160777
   3649.66380 29.999 29.999 29.999 29.999 29.999    0.086 0.088 0.102 0.130 0.151  D 161184
   3651.70143 12.262 12.223 12.200 12.193 12.184    0.045 0.028 0.025 0.027 0.031  A 161467
   3653.71838 12.203 12.232 12.252 12.246 12.253    0.090 0.048 0.042 0.045 0.050  B 161775
   3655.66961 12.400 12.319 12.305 12.290 12.292    0.064 0.035 0.029 0.031 0.034  A 162029
   3661.67825 12.148 12.090 12.063 12.087 12.141    0.050 0.039 0.036 0.041 0.046  A 162948
   3663.69340 12.263 12.191 12.141 12.104 12.102    0.078 0.044 0.039 0.043 0.048  A 163230
   3665.74563 12.137 12.133 12.143 12.138 12.161    0.050 0.032 0.027 0.030 0.034  A 163539
   3669.66629 12.132 12.159 12.149 12.128 12.107    0.036 0.029 0.022 0.023 0.027  A 163983
   3671.77616 99.999 99.999 99.999 99.999 99.999    0.037 0.031 0.026 0.030 0.034  C 164303
   3674.62676 12.229 12.229 12.228 12.235 12.255    0.039 0.024 0.022 0.024 0.029  A 164686
   3676.64557 12.149 12.131 12.121 12.128 12.142    0.052 0.032 0.028 0.031 0.034  A 164977
   3680.58977 12.122 12.147 12.153 12.154 12.142    0.039 0.024 0.022 0.023 0.027  A 165334
   3699.69368 12.377 12.361 12.349 12.342 12.378    0.076 0.049 0.043 0.045 0.050  A 167923
   3702.60270 12.312 12.324 12.338 12.354 12.359    0.073 0.036 0.029 0.030 0.031  A 168293
   3704.69851 12.175 12.227 12.209 12.193 12.189    0.078 0.042 0.038 0.041 0.046  A 168590
   3707.61967 12.205 12.233 12.274 12.324 12.350    0.069 0.035 0.028 0.030 0.033  A 168975
   3711.62411 12.257 12.220 12.196 12.187 12.202    0.075 0.038 0.028 0.029 0.032  A 169257
   3716.53462 12.152 12.135 12.106 12.079 12.049    0.078 0.039 0.035 0.039 0.045  A 169910
   3718.63870 12.143 12.059 12.025 12.006 12.042    0.084 0.044 0.039 0.044 0.048  A 170200
   3721.58379 12.272 12.243 12.233 12.280 12.337    0.055 0.036 0.032 0.035 0.040  A 170558
   3724.57972 12.147 12.146 12.140 12.129 12.155    0.057 0.037 0.033 0.036 0.042  A 170854
   3727.57211 12.205 12.139 12.159 12.169 12.181    0.084 0.046 0.039 0.040 0.045  A 171251
   3730.60751 12.039 12.117 12.130 12.134 12.121    0.069 0.039 0.036 0.040 0.045  A 171542
   3734.55536 12.114 12.181 12.208 12.255 12.342    0.064 0.037 0.032 0.038 0.044  A 172046
   3737.54687 12.260 12.212 12.207 12.233 12.273    0.078 0.040 0.032 0.033 0.034  A 172456
   3743.57851 12.107 12.178 12.211 12.254 12.234    0.061 0.035 0.032 0.038 0.044  A 173258
   3747.57019 12.185 12.190 12.210 12.204 12.222    0.046 0.035 0.034 0.041 0.049  A 173791
   3750.56524 12.184 12.227 12.251 12.281 12.285    0.058 0.039 0.036 0.042 0.049  A 174214
   3754.55487 12.292 12.340 12.378 12.427 12.444    0.050 0.036 0.037 0.043 0.052  A 174760
   3757.54516 12.283 12.258 12.272 12.309 12.333    0.047 0.034 0.035 0.041 0.048  A 175171
   3760.53779 12.223 12.254 12.275 12.302 12.321    0.084 0.043 0.037 0.041 0.044  A 175593
   3763.53420 12.185 12.192 12.184 12.176 12.173    0.051 0.032 0.033 0.039 0.048  A 175981
   3892.92877 12.231 12.239 12.230 12.226 12.281    0.044 0.032 0.027 0.029 0.035  A 193624
   3901.91631 12.320 12.347 12.397 12.470 12.538    0.037 0.028 0.029 0.035 0.042  A 194942
   4091.55478 12.384 12.270 12.263 12.279 12.282    0.078 0.044 0.036 0.037 0.039  A 209354
   4103.53569 12.178 12.193 12.197 12.207 12.207    0.061 0.036 0.032 0.037 0.042  A 210555
   4105.59996 12.143 12.141 12.148 12.157 12.146    0.053 0.039 0.037 0.042 0.048  A 210808
   4109.56752 12.288 12.248 12.228 12.222 12.232    0.082 0.043 0.036 0.036 0.039  A 211222
   4126.53272 12.113 12.221 12.255 12.294 12.314    0.067 0.037 0.031 0.033 0.037  A 211629
   4131.52556 12.216 12.190 12.188 12.186 12.164    0.061 0.037 0.035 0.038 0.043  A 212278
   4247.93098 12.229 12.239 12.258 12.272 12.295    0.046 0.037 0.030 0.034 0.039  A 226507
   4284.88470 12.204 12.174 12.160 12.142 12.122    0.046 0.036 0.029 0.031 0.037  A 229891
   4291.86187 12.112 12.136 12.141 12.142 12.140    0.037 0.034 0.026 0.028 0.030  A 230765
   4300.87183 12.447 12.380 12.379 12.408 12.449    0.078 0.054 0.046 0.047 0.052  A 232363
   4303.84000 12.292 12.315 12.324 12.336 12.332    0.043 0.040 0.034 0.036 0.039  A 232838
   4305.88479 12.234 12.210 12.218 12.212 12.210    0.044 0.045 0.043 0.049 0.052  A 233218
   4307.85862 12.171 12.202 12.211 12.217 12.216    0.052 0.050 0.051 0.053 0.056  B 233554
   4309.85708 12.359 12.288 12.261 12.242 12.213    0.064 0.050 0.049 0.052 0.056  B 233866
   4312.83654 12.269 12.197 12.164 12.123 12.146    0.079 0.073 0.081 0.091 0.101  D 234292
   4319.83575 12.355 12.353 12.371 12.380 12.374    0.054 0.046 0.046 0.052 0.056  B 235052
   4329.83985 12.281 12.274 12.263 12.263 12.261    0.042 0.039 0.035 0.038 0.042  A 235208
   4331.81757 12.173 12.183 12.177 12.171 12.158    0.037 0.033 0.025 0.026 0.028  A 235559
   4333.79844 12.238 12.218 12.140 12.093 12.107    0.047 0.052 0.055 0.063 0.068  B 235912
   4336.79593 12.196 12.206 12.150 12.126 12.129    0.051 0.049 0.054 0.068 0.080  D 236256
   4339.76747 12.069 12.127 12.105 12.091 12.052    0.053 0.060 0.065 0.071 0.076  D 236633
   4346.84126 12.016 12.083 12.122 12.152 12.203    0.060 0.043 0.041 0.047 0.052  A 237849
   4348.83531 12.087 12.111 12.121 12.111 12.106    0.068 0.040 0.034 0.035 0.038  A 238201
   4351.74198 12.287 12.259 12.266 12.275 12.289    0.051 0.045 0.045 0.053 0.063  B 238632
   4354.72400 12.240 12.240 12.251 12.271 12.272    0.039 0.031 0.025 0.027 0.029  A 239027
   4357.72004 12.293 12.351 12.321 12.290 12.293    0.046 0.040 0.037 0.040 0.044  A 239491
   4359.76096 12.339 12.283 12.274 12.318 12.412    0.056 0.052 0.052 0.062 0.075  B 239838
   4362.71828 12.265 12.245 12.260 12.274 12.306    0.045 0.038 0.031 0.032 0.035  A 240199
   4364.70297 12.264 12.276 12.255 12.234 12.205    0.037 0.031 0.025 0.028 0.032  A 240525
   4366.86328 12.292 12.310 12.339 12.317 12.324    0.045 0.038 0.031 0.033 0.036  A 240763
   4368.73406 12.279 12.217 12.181 12.118 12.047    0.042 0.038 0.034 0.038 0.043  A 241016
   4372.73083 12.324 12.367 12.327 12.266 12.252    0.076 0.051 0.049 0.054 0.060  B 241662
   4375.73308 12.317 12.350 12.360 12.354 12.345    0.061 0.040 0.036 0.041 0.048  A 241990
   4377.80094 12.128 12.121 12.125 12.120 12.125    0.071 0.047 0.042 0.048 0.057  A 242314
   4380.66414 12.245 12.291 12.291 12.284 12.256    0.046 0.037 0.034 0.036 0.042  A 242727
   4382.68634 12.214 12.178 12.183 12.194 12.210    0.034 0.030 0.024 0.025 0.028  A 243039
   4384.71130 12.175 12.183 12.191 12.192 12.204    0.043 0.040 0.034 0.036 0.039  A 243353
   4386.70265 12.168 12.163 12.135 12.110 12.109    0.040 0.034 0.025 0.027 0.029  A 243673
   4388.68138 12.123 12.165 12.172 12.163 12.186    0.043 0.033 0.026 0.028 0.030  A 243978
   4392.66141 12.057 12.063 12.052 12.033 12.020    0.047 0.036 0.029 0.029 0.032  A 244523
   4399.65714 12.213 12.288 12.333 12.387 12.465    0.074 0.045 0.041 0.049 0.056  A 244838
   4402.65793 12.143 12.169 12.179 12.164 12.175    0.059 0.041 0.036 0.041 0.046  A 245119
   4404.74070 12.225 12.202 12.197 12.181 12.187    0.038 0.035 0.029 0.031 0.035  A 245378
   4408.60817 12.260 12.263 12.259 12.246 12.268    0.053 0.046 0.043 0.046 0.049  A 245719
   4410.76050 12.139 12.197 12.212 12.229 12.253    0.056 0.036 0.030 0.032 0.036  A 246008
   4413.76333 12.312 12.347 12.366 12.374 12.371    0.057 0.049 0.043 0.046 0.050  A 246289
   4419.65950 12.335 12.344 12.394 12.446 12.489    0.067 0.044 0.037 0.041 0.046  A 246406
   4422.61306 12.285 12.285 12.279 12.294 12.301    0.047 0.032 0.027 0.030 0.033  A 246647
   4427.57450 12.300 12.346 12.419 12.507 12.570    0.056 0.039 0.038 0.045 0.051  A 247034
   4429.61315 12.251 12.260 12.271 12.320 12.338    0.037 0.035 0.032 0.037 0.043  A 247291
   4431.67870 12.252 12.197 12.184 12.191 12.148    0.049 0.037 0.034 0.040 0.047  A 247545
   4436.68024 12.246 12.217 12.197 12.176 12.167    0.071 0.042 0.036 0.038 0.041  A 248169
   4439.58352 12.180 12.194 12.215 12.240 12.256    0.066 0.041 0.033 0.034 0.036  A 248508
   4441.67669 12.035 12.132 12.120 12.085 12.061    0.068 0.042 0.033 0.034 0.037  A 248792
   4444.65871 12.079 12.142 12.149 12.154 12.182    0.063 0.040 0.031 0.034 0.036  A 249092
   4454.53794 12.125 12.165 12.174 12.186 12.234    0.078 0.047 0.042 0.048 0.054  A 250205
   4456.63684 12.157 12.149 12.126 12.083 12.043    0.059 0.044 0.043 0.051 0.063  B 250449
   4459.59452 12.286 12.296 12.341 12.422 12.468    0.045 0.036 0.034 0.039 0.046  A 250794
   4462.58905 12.199 12.200 12.194 12.178 12.188    0.042 0.035 0.031 0.034 0.040  A 251159
   4465.58091 12.297 12.280 12.290 12.340 12.382    0.045 0.033 0.032 0.036 0.042  A 251507
   4473.55036 12.159 12.267 12.322 12.339 12.351    0.063 0.039 0.038 0.041 0.045  A 252334
   4476.55163 12.357 12.329 12.345 12.389 12.390    0.065 0.042 0.042 0.047 0.054  A 252614
   4485.55199 12.117 12.169 12.140 12.103 12.066    0.076 0.047 0.041 0.044 0.050  A 253562
   4488.54631 12.099 12.126 12.144 12.144 12.156    0.063 0.041 0.036 0.039 0.044  A 253910
#ndata= 1
#dataset= 4 ; 1 F0136+00_336
#desig= 005845-0253.1
#cra=    0.979082  00:58:44.7
#cdec=  -2.885441 -2:53:07.6
#class= 0
#cmag_0= 12.326
#cmer_0=  0.000
#nskip_0= 0
#cmag_1= 12.352
#cmer_1=  0.000
#nskip_1= 0
#cmag_2= 12.350
#cmer_2=  0.000
#nskip_2= 0
#cmag_3= 12.355
#cmer_3=  0.000
#nskip_3= 0
#cmag_4= 12.347
#cmer_4=  0.000
#nskip_4= 0
#ra=    0.979082  00:58:44.7
#dec=  -2.885441 -2:53:07.6
#     HJD      MAG_0  MAG_1  MAG_2  MAG_3  MAG_4    MER_0 MER_1 MER_2 MER_3 MER_4 GRADE FRAME
   2468.86258 12.327 12.353 12.350 12.355 12.347    0.034 0.034 0.026 0.029 0.031  A 11812
